179		       		179				179				179
  1.000       9.726         1.000       9.752       	   1.000       4.489           	   1.000       11.08      
  2.000       9.710    	    2.000       9.619    	   2.000       4.411    	   2.000       11.14    
  3.000       9.686    	    3.000       9.397    	   3.000       4.282    	   3.000       11.23    
  4.000       9.656    	    4.000       9.086    	   4.000       4.106    	   4.000       11.35    
  5.000       9.623    	    5.000       8.694    	   5.000       3.888    	   5.000       11.50    
  6.000       9.591    	    6.000       8.228    	   6.000       3.636    	   6.000       11.65    
  7.000       9.560    	    7.000       7.708    	   7.000       3.361    	   7.000       11.80    
  8.000       9.532    	    8.000       7.156    	   8.000       3.077    	   8.000       11.95    
  9.000       9.503    	    9.000       6.604    	   9.000       2.801    	   9.000       12.06    
  10.00       9.471    	    10.00       6.083    	   10.00       2.550    	   10.00       12.15    
  11.00       9.429    	    11.00       5.629    	   11.00       2.340    	   11.00       12.18    
  12.00       9.369    	    12.00       5.268    	   12.00       2.186    	   12.00       12.16    
  13.00       9.282    	    13.00       5.024    	   13.00       2.096    	   13.00       12.06    
  14.00       9.160    	    14.00       4.908    	   14.00       2.077    	   14.00       11.90    
  15.00       8.996    	    15.00       4.918    	   15.00       2.125    	   15.00       11.65    
  16.00       8.785    	    16.00       5.044    	   16.00       2.233    	   16.00       11.32    
  17.00       8.524    	    17.00       5.263    	   17.00       2.388    	   17.00       10.92    
  18.00       8.216    	    18.00       5.545    	   18.00       2.573    	   18.00       10.44    
  19.00       7.867    	    19.00       5.858    	   19.00       2.771    	   19.00       9.915    
  20.00       7.483    	    20.00       6.167    	   20.00       2.963    	   20.00       9.346    
  21.00       7.077    	    21.00       6.443    	   21.00       3.132    	   21.00       8.756    
  22.00       6.661    	    22.00       6.661    	   22.00       3.266    	   22.00       8.165    
  23.00       6.245    	    23.00       6.804    	   23.00       3.355    	   23.00       7.591    
  24.00       5.843    	    24.00       6.862    	   24.00       3.395    	   24.00       7.052    
  25.00       5.462    	    25.00       6.832    	   25.00       3.386    	   25.00       6.562    
  26.00       5.109    	    26.00       6.719    	   26.00       3.330    	   26.00       6.128    
  27.00       4.790    	    27.00       6.531    	   27.00       3.235    	   27.00       5.757    
  28.00       4.505    	    28.00       6.281    	   28.00       3.107    	   28.00       5.448    
  29.00       4.256    	    29.00       5.980    	   29.00       2.955    	   29.00       5.197    
  30.00       4.042    	    30.00       5.645    	   30.00       2.788    	   30.00       4.999    
  31.00       3.859    	    31.00       5.286    	   31.00       2.611    	   31.00       4.843    
  32.00       3.707    	    32.00       4.917    	   32.00       2.432    	   32.00       4.722    
  33.00       3.582    	    33.00       4.549    	   33.00       2.255    	   33.00       4.624    
  34.00       3.481    	    34.00       4.189    	   34.00       2.084    	   34.00       4.542    
  35.00       3.402    	    35.00       3.847    	   35.00       1.922    	   35.00       4.466    
  36.00       3.340    	    36.00       3.529    	   36.00       1.771    	   36.00       4.393    
  37.00       3.292    	    37.00       3.239    	   37.00       1.632    	   37.00       4.316    
  38.00       3.253    	    38.00       2.982    	   38.00       1.507    	   38.00       4.232    
  39.00       3.217    	    39.00       2.760    	   39.00       1.397    	   39.00       4.139    
  40.00       3.179    	    40.00       2.572    	   40.00       1.303    	   40.00       4.037    
  41.00       3.133    	    41.00       2.420    	   41.00       1.226    	   41.00       3.923    
  42.00       3.074    	    42.00       2.301    	   42.00       1.165    	   42.00       3.797    
  43.00       2.999    	    43.00       2.213    	   43.00       1.120    	   43.00       3.660    
  44.00       2.904    	    44.00       2.150    	   44.00       1.089    	   44.00       3.512    
  45.00       2.789    	    45.00       2.108    	   45.00       1.070    	   45.00       3.352    
  46.00       2.655    	    46.00       2.083    	   46.00       1.060    	   46.00       3.182    
  47.00       2.504    	    47.00       2.070    	   47.00       1.058    	   47.00       3.003    
  48.00       2.341    	    48.00       2.062    	   48.00       1.059    	   48.00       2.818    
  49.00       2.168    	    49.00       2.057    	   49.00       1.062    	   49.00       2.629    
  50.00       1.993    	    50.00       2.051    	   50.00       1.063    	   50.00       2.439    
  51.00       1.820    	    51.00       2.041    	   51.00       1.062    	   51.00       2.251    
  52.00       1.654    	    52.00       2.026    	   52.00       1.057    	   52.00       2.070    
  53.00       1.498    	    53.00       2.004    	   53.00       1.048    	   53.00       1.898    
  54.00       1.356    	    54.00       1.974    	   54.00       1.033    	   54.00       1.738    
  55.00       1.231    	    55.00       1.937    	   55.00       1.014    	   55.00       1.593    
  56.00       1.123    	    56.00       1.893    	   56.00      0.9911    	   56.00       1.465    
  57.00       1.033    	    57.00       1.841    	   57.00      0.9639    	   57.00       1.353    
  58.00      0.9600    	    58.00       1.782    	   58.00      0.9330    	   58.00       1.257    
  59.00      0.9035    	    59.00       1.717    	   59.00      0.8988    	   59.00       1.178    
  60.00      0.8620    	    60.00       1.646    	   60.00      0.8615    	   60.00       1.114    
  61.00      0.8335    	    61.00       1.570    	   61.00      0.8213    	   61.00       1.062    
  62.00      0.8162    	    62.00       1.488    	   62.00      0.7785    	   62.00       1.021    
  63.00      0.8078    	    63.00       1.402    	   63.00      0.7334    	   63.00      0.9898    
  64.00      0.8062    	    64.00       1.313    	   64.00      0.6867    	   64.00      0.9654    
  65.00      0.8093    	    65.00       1.222    	   65.00      0.6390    	   65.00      0.9466    
  66.00      0.8149    	    66.00       1.131    	   66.00      0.5911    	   66.00      0.9318    
  67.00      0.8211    	    67.00       1.041    	   67.00      0.5440    	   67.00      0.9198    
  68.00      0.8260    	    68.00      0.9539    	   68.00      0.4988    	   68.00      0.9095    
  69.00      0.8279    	    69.00      0.8719    	   69.00      0.4564    	   69.00      0.8999    
  70.00      0.8254    	    70.00      0.7965    	   70.00      0.4177    	   70.00      0.8902    
  71.00      0.8177    	    71.00      0.7292    	   71.00      0.3835    	   71.00      0.8796    
  72.00      0.8038    	    72.00      0.6710    	   72.00      0.3542    	   72.00      0.8674    
  73.00      0.7837    	    73.00      0.6226    	   73.00      0.3300    	   73.00      0.8528    
  74.00      0.7574    	    74.00      0.5843    	   74.00      0.3110    	   74.00      0.8352    
  75.00      0.7254    	    75.00      0.5558    	   75.00      0.2968    	   75.00      0.8140    
  76.00      0.6884    	    76.00      0.5365    	   76.00      0.2870    	   76.00      0.7889    
  77.00      0.6476    	    77.00      0.5254    	   77.00      0.2810    	   77.00      0.7598    
  78.00      0.6041    	    78.00      0.5212    	   78.00      0.2783    	   78.00      0.7266    
  79.00      0.5591    	    79.00      0.5224    	   79.00      0.2780    	   79.00      0.6898    
  80.00      0.5138    	    80.00      0.5275    	   80.00      0.2796    	   80.00      0.6500    
  81.00      0.4695    	    81.00      0.5349    	   81.00      0.2824    	   81.00      0.6080    
  82.00      0.4270    	    82.00      0.5432    	   82.00      0.2858    	   82.00      0.5649    
  83.00      0.3872    	    83.00      0.5512    	   83.00      0.2894    	   83.00      0.5217    
  84.00      0.3508    	    84.00      0.5577    	   84.00      0.2925    	   84.00      0.4794    
  85.00      0.3183    	    85.00      0.5620    	   85.00      0.2948    	   85.00      0.4391    
  86.00      0.2899    	    86.00      0.5633    	   86.00      0.2959    	   86.00      0.4016    
  87.00      0.2659    	    87.00      0.5612    	   87.00      0.2956    	   87.00      0.3675    
  88.00      0.2463    	    88.00      0.5554    	   88.00      0.2936    	   88.00      0.3372    
  89.00      0.2310    	    89.00      0.5459    	   89.00      0.2896    	   89.00      0.3110    
  90.00      0.2197    	    90.00      0.5325    	   90.00      0.2838    	   90.00      0.2890    
  91.00      0.2122    	    91.00      0.5156    	   91.00      0.2759    	   91.00      0.2709    
  92.00      0.2081    	    92.00      0.4954    	   92.00      0.2663    	   92.00      0.2567    
  93.00      0.2068    	    93.00      0.4721    	   93.00      0.2549    	   93.00      0.2459    
  94.00      0.2080    	    94.00      0.4463    	   94.00      0.2422    	   94.00      0.2384    
  95.00      0.2109    	    95.00      0.4184    	   95.00      0.2282    	   95.00      0.2338    
  96.00      0.2150    	    96.00      0.3891    	   96.00      0.2135    	   96.00      0.2316    
  97.00      0.2196    	    97.00      0.3590    	   97.00      0.1983    	   97.00      0.2315    
  98.00      0.2244    	    98.00      0.3286    	   98.00      0.1829    	   98.00      0.2331    
  99.00      0.2287    	    99.00      0.2988    	   99.00      0.1678    	   99.00      0.2360    
  100.0      0.2320    	    100.0      0.2702    	   100.0      0.1531    	   100.0      0.2397    
  101.0      0.2342    	    101.0      0.2434    	   101.0      0.1392    	   101.0      0.2438    
  102.0      0.2349    	    102.0      0.2189    	   102.0      0.1262    	   102.0      0.2478    
  103.0      0.2339    	    103.0      0.1971    	   103.0      0.1144    	   103.0      0.2512    
  104.0      0.2312    	    104.0      0.1784    	   104.0      0.1039    	   104.0      0.2535    
  105.0      0.2268    	    105.0      0.1629    	   105.0      0.9482E-01	   105.0      0.2545    
  106.0      0.2206    	    106.0      0.1508    	   106.0      0.8717E-01	   106.0      0.2537    
  107.0      0.2128    	    107.0      0.1419    	   107.0      0.8101E-01	   107.0      0.2509    
  108.0      0.2036    	    108.0      0.1361    	   108.0      0.7634E-01	   108.0      0.2460    
  109.0      0.1932    	    109.0      0.1330    	   109.0      0.7312E-01	   109.0      0.2391    
  110.0      0.1817    	    110.0      0.1324    	   110.0      0.7129E-01	   110.0      0.2303    
  111.0      0.1694    	    111.0      0.1339    	   111.0      0.7074E-01	   111.0      0.2199    
  112.0      0.1568    	    112.0      0.1370    	   112.0      0.7132E-01	   112.0      0.2082    
  113.0      0.1440    	    113.0      0.1414    	   113.0      0.7287E-01	   113.0      0.1955    
  114.0      0.1314    	    114.0      0.1467    	   114.0      0.7519E-01	   114.0      0.1823    
  115.0      0.1193    	    115.0      0.1524    	   115.0      0.7806E-01	   115.0      0.1691    
  116.0      0.1081    	    116.0      0.1583    	   116.0      0.8125E-01	   116.0      0.1560    
  117.0      0.9789E-01	    117.0      0.1639    	   117.0      0.8453E-01	   117.0      0.1436    
  118.0      0.8897E-01	    118.0      0.1690    	   118.0      0.8770E-01	   118.0      0.1319    
  119.0      0.8144E-01	    119.0      0.1734    	   119.0      0.9055E-01	   119.0      0.1212    
  120.0      0.7538E-01	    120.0      0.1768    	   120.0      0.9292E-01	   120.0      0.1116    
  121.0      0.7079E-01	    121.0      0.1790    	   121.0      0.9468E-01	   121.0      0.1032    
  122.0      0.6764E-01	    122.0      0.1800    	   122.0      0.9575E-01	   122.0      0.9591E-01
  123.0      0.6583E-01	    123.0      0.1795    	   123.0      0.9606E-01	   123.0      0.8987E-01
  124.0      0.6523E-01	    124.0      0.1775    	   124.0      0.9560E-01	   124.0      0.8500E-01
  125.0      0.6568E-01	    125.0      0.1742    	   125.0      0.9438E-01	   125.0      0.8129E-01
  126.0      0.6703E-01	    126.0      0.1694    	   126.0      0.9245E-01	   126.0      0.7871E-01
  127.0      0.6910E-01	    127.0      0.1633    	   127.0      0.8985E-01	   127.0      0.7721E-01
  128.0      0.7171E-01	    128.0      0.1560    	   128.0      0.8666E-01	   128.0      0.7673E-01
  129.0      0.7467E-01	    129.0      0.1477    	   129.0      0.8295E-01	   129.0      0.7719E-01
  130.0      0.7781E-01	    130.0      0.1386    	   130.0      0.7881E-01	   130.0      0.7849E-01
  131.0      0.8093E-01	    131.0      0.1290    	   131.0      0.7433E-01	   131.0      0.8051E-01
  132.0      0.8386E-01	    132.0      0.1190    	   132.0      0.6958E-01	   132.0      0.8308E-01
  133.0      0.8643E-01	    133.0      0.1089    	   133.0      0.6468E-01	   133.0      0.8604E-01
  134.0      0.8848E-01	    134.0      0.9896E-01	   134.0      0.5970E-01	   134.0      0.8921E-01
  135.0      0.8989E-01	    135.0      0.8933E-01	   135.0      0.5474E-01	   135.0      0.9241E-01
  136.0      0.9055E-01	    136.0      0.8023E-01	   136.0      0.4991E-01	   136.0      0.9550E-01
  137.0      0.9041E-01	    137.0      0.7181E-01	   137.0      0.4528E-01	   137.0      0.9834E-01
  138.0      0.8946E-01	    138.0      0.6419E-01	   138.0      0.4095E-01	   138.0      0.1008    
  139.0      0.8772E-01	    139.0      0.5747E-01	   139.0      0.3699E-01	   139.0      0.1029    
  140.0      0.8525E-01	    140.0      0.5172E-01	   140.0      0.3346E-01	   140.0      0.1046    
  141.0      0.8216E-01	    141.0      0.4697E-01	   141.0      0.3042E-01	   141.0      0.1058    
  142.0      0.7855E-01	    142.0      0.4324E-01	   142.0      0.2788E-01	   142.0      0.1066    
  143.0      0.7456E-01	    143.0      0.4051E-01	   143.0      0.2587E-01	   143.0      0.1071    
  144.0      0.7030E-01	    144.0      0.3877E-01	   144.0      0.2438E-01	   144.0      0.1072    
  145.0      0.6592E-01	    145.0      0.3797E-01	   145.0      0.2341E-01	   145.0      0.1070    
  146.0      0.6153E-01	    146.0      0.3806E-01	   146.0      0.2293E-01	   146.0      0.1066    
  147.0      0.5726E-01	    147.0      0.3899E-01	   147.0      0.2292E-01	   147.0      0.1059    
  148.0      0.5323E-01	    148.0      0.4068E-01	   148.0      0.2335E-01	   148.0      0.1049    
  149.0      0.4954E-01	    149.0      0.4306E-01	   149.0      0.2420E-01	   149.0      0.1038    
  150.0      0.4630E-01	    150.0      0.4604E-01	   150.0      0.2546E-01	   150.0      0.1025    
  151.0      0.4361E-01	    151.0      0.4955E-01	   151.0      0.2710E-01	   151.0      0.1010    
  152.0      0.4155E-01	    152.0      0.5349E-01	   152.0      0.2911E-01	   152.0      0.9940E-01
  153.0      0.4019E-01	    153.0      0.5778E-01	   153.0      0.3145E-01	   153.0      0.9773E-01
  154.0      0.3958E-01	    154.0      0.6234E-01	   154.0      0.3413E-01	   154.0      0.9605E-01
  155.0      0.3974E-01	    155.0      0.6709E-01	   155.0      0.3709E-01	   155.0      0.9443E-01
  156.0      0.4065E-01	    156.0      0.7196E-01	   156.0      0.4030E-01	   156.0      0.9296E-01
  157.0      0.4228E-01	    157.0      0.7690E-01	   157.0      0.4373E-01	   157.0      0.9170E-01
  158.0      0.4457E-01	    158.0      0.8185E-01	   158.0      0.4731E-01	   158.0      0.9072E-01
  159.0      0.4744E-01	    159.0      0.8679E-01	   159.0      0.5101E-01	   159.0      0.9009E-01
  160.0      0.5080E-01	    160.0      0.9170E-01	   160.0      0.5476E-01	   160.0      0.8983E-01
  161.0      0.5456E-01	    161.0      0.9657E-01	   161.0      0.5853E-01	   161.0      0.8997E-01
  162.0      0.5865E-01	    162.0      0.1014    	   162.0      0.6228E-01	   162.0      0.9051E-01
  163.0      0.6297E-01	    163.0      0.1062    	   163.0      0.6597E-01	   163.0      0.9141E-01
  164.0      0.6746E-01	    164.0      0.1109    	   164.0      0.6959E-01	   164.0      0.9264E-01
  165.0      0.7204E-01	    165.0      0.1156    	   165.0      0.7313E-01	   165.0      0.9410E-01
  166.0      0.7666E-01	    166.0      0.1203    	   166.0      0.7657E-01	   166.0      0.9572E-01
  167.0      0.8124E-01	    167.0      0.1249    	   167.0      0.7992E-01	   167.0      0.9738E-01
  168.0      0.8571E-01	    168.0      0.1294    	   168.0      0.8319E-01	   168.0      0.9897E-01
  169.0      0.8999E-01	    169.0      0.1337    	   169.0      0.8637E-01	   169.0      0.1004    
  170.0      0.9400E-01	    170.0      0.1379    	   170.0      0.8946E-01	   170.0      0.1016    
  171.0      0.9767E-01	    171.0      0.1418    	   171.0      0.9243E-01	   171.0      0.1024    
  172.0      0.1009    	    172.0      0.1454    	   172.0      0.9526E-01	   172.0      0.1029    
  173.0      0.1037    	    173.0      0.1487    	   173.0      0.9792E-01	   173.0      0.1030    
  174.0      0.1061    	    174.0      0.1517    	   174.0      0.1004    	   174.0      0.1029    
  175.0      0.1079    	    175.0      0.1542    	   175.0      0.1025    	   175.0      0.1025    
  176.0      0.1093    	    176.0      0.1563    	   176.0      0.1044    	   176.0      0.1020    
  177.0      0.1104    	    177.0      0.1580    	   177.0      0.1059    	   177.0      0.1014    
  178.0      0.1111    	    178.0      0.1591    	   178.0      0.1070    	   178.0      0.1010    
  179.0      0.1114    	    179.0      0.1598    	   179.0      0.1076    	   179.0      0.1007    
 

















































































































































































































































































































































































































































































































































































































































































































































