179	179	179	179
   1.000       3.476		   1.000	5.816	 	   1.000	 4.442	  	   1.000	  2.683
   2.000       3.476		   2.000	5.869	 	   2.000	 4.469	  	   2.000	  2.705
   3.000       3.476		   3.000	5.956	 	   3.000	 4.513	  	   3.000	  2.741
   4.000       3.476		   4.000	6.079	 	   4.000	 4.576	  	   4.000	  2.790
   5.000       3.474		   5.000	6.236	 	   5.000	 4.659	  	   5.000	  2.854
   6.000       3.472		   6.000	6.430	 	   6.000	 4.760	  	   6.000	  2.930
   7.000       3.467		   7.000	6.658	 	   7.000	 4.881	  	   7.000	  3.018
   8.000       3.460		   8.000	6.921	 	   8.000	 5.023	  	   8.000	  3.116
   9.000       3.450		   9.000	7.218	 	   9.000	 5.183	  	   9.000	  3.223
   10.00       3.438		   10.00	7.547	 	   10.00	 5.363	  	   10.00	  3.337
   11.00       3.423		   11.00	7.906	 	   11.00	 5.559	  	   11.00	  3.456
   12.00       3.407		   12.00	8.292	 	   12.00	 5.771	  	   12.00	  3.576
   13.00       3.389		   13.00	8.701	 	   13.00	 5.995	  	   13.00	  3.697
   14.00       3.373		   14.00	9.129	 	   14.00	 6.229	  	   14.00	  3.816
   15.00       3.359		   15.00	9.570	 	   15.00	 6.468	  	   15.00	  3.930
   16.00       3.350		   16.00	10.02	 	   16.00	 6.710	  	   16.00	  4.038
   17.00       3.349		   17.00	10.47	 	   17.00	 6.949	  	   17.00	  4.139
   18.00       3.358		   18.00	10.92	 	   18.00	 7.182	  	   18.00	  4.233
   19.00       3.381		   19.00	11.35	 	   19.00	 7.406	  	   19.00	  4.317
   20.00       3.422		   20.00	11.77	 	   20.00	 7.616	  	   20.00	  4.394
   21.00       3.483		   21.00	12.16	 	   21.00	 7.811	  	   21.00	  4.463
   22.00       3.567		   22.00	12.53	 	   22.00	 7.987	  	   22.00	  4.523
   23.00       3.679		   23.00	12.86	 	   23.00	 8.143	  	   23.00	  4.577
   24.00       3.819		   24.00	13.15	 	   24.00	 8.276	  	   24.00	  4.624
   25.00       3.991		   25.00	13.40	 	   25.00	 8.387	  	   25.00	  4.663
   26.00       4.195		   26.00	13.61	 	   26.00	 8.472	  	   26.00	  4.695
   27.00       4.432		   27.00	13.77	 	   27.00	 8.534	  	   27.00	  4.718
   28.00       4.702		   28.00	13.89	 	   28.00	 8.570	  	   28.00	  4.733
   29.00       5.002		   29.00	13.95	 	   29.00	 8.582	  	   29.00	  4.738
   30.00       5.332		   30.00	13.97	 	   30.00	 8.570	  	   30.00	  4.733
   31.00       5.687		   31.00	13.94	 	   31.00	 8.536	  	   31.00	  4.717
   32.00       6.064		   32.00	13.87	 	   32.00	 8.482	  	   32.00	  4.692
   33.00       6.458		   33.00	13.76	 	   33.00	 8.410	  	   33.00	  4.659
   34.00       6.864		   34.00	13.62	 	   34.00	 8.324	  	   34.00	  4.620
   35.00       7.275		   35.00	13.44	 	   35.00	 8.227	  	   35.00	  4.576
   36.00       7.687		   36.00	13.25	 	   36.00	 8.124	  	   36.00	  4.530
   37.00       8.093		   37.00	13.03	 	   37.00	 8.018	  	   37.00	  4.487
   38.00       8.488		   38.00	12.81	 	   38.00	 7.913	  	   38.00	  4.448
   39.00       8.868		   39.00	12.59	 	   39.00	 7.814	  	   39.00	  4.416
   40.00       9.226		   40.00	12.37	 	   40.00	 7.722	  	   40.00	  4.394
   41.00       9.560		   41.00	12.15	 	   41.00	 7.640	  	   41.00	  4.383
   42.00       9.867		   42.00	11.95	 	   42.00	 7.570	  	   42.00	  4.384
   43.00       10.14		   43.00	11.77	 	   43.00	 7.513	  	   43.00	  4.396
   44.00       10.39		   44.00	11.61	 	   44.00	 7.469	  	   44.00	  4.420
   45.00       10.60		   45.00	11.46	 	   45.00	 7.437	  	   45.00	  4.454
   46.00       10.77		   46.00	11.33	 	   46.00	 7.416	  	   46.00	  4.495
   47.00       10.91		   47.00	11.23	 	   47.00	 7.405	  	   47.00	  4.542
   48.00       11.02		   48.00	11.14	 	   48.00	 7.402	  	   48.00	  4.592
   49.00       11.09		   49.00	11.06	 	   49.00	 7.404	  	   49.00	  4.644
   50.00       11.13		   50.00	11.00	 	   50.00	 7.410	  	   50.00	  4.694
   51.00       11.13		   51.00	10.95	 	   51.00	 7.419	  	   51.00	  4.742
   52.00       11.11		   52.00	10.91	 	   52.00	 7.427	  	   52.00	  4.785
   53.00       11.06		   53.00	10.87	 	   53.00	 7.434	  	   53.00	  4.823
   54.00       10.98		   54.00	10.83	 	   54.00	 7.437	  	   54.00	  4.853
   55.00       10.87		   55.00	10.79	 	   55.00	 7.435	  	   55.00	  4.877
   56.00       10.74		   56.00	10.75	 	   56.00	 7.426	  	   56.00	  4.893
   57.00       10.59		   57.00	10.69	 	   57.00	 7.410	  	   57.00	  4.900
   58.00       10.42		   58.00	10.63	 	   58.00	 7.384	  	   58.00	  4.899
   59.00       10.23		   59.00	10.56	 	   59.00	 7.347	  	   59.00	  4.889
   60.00       10.03		   60.00	10.47	 	   60.00	 7.298	  	   60.00	  4.871
   61.00       9.823		   61.00	10.36	 	   61.00	 7.238	  	   61.00	  4.845
   62.00       9.603		   62.00	10.24	 	   62.00	 7.164	  	   62.00	  4.810
   63.00       9.376		   63.00	10.09	 	   63.00	 7.077	  	   63.00	  4.768
   64.00       9.144		   64.00	9.932	 	   64.00	 6.978	  	   64.00	  4.719
   65.00       8.909		   65.00	9.750	 	   65.00	 6.866	  	   65.00	  4.663
   66.00       8.673		   66.00	9.549	 	   66.00	 6.741	  	   66.00	  4.600
   67.00       8.439		   67.00	9.330	 	   67.00	 6.606	  	   67.00	  4.532
   68.00       8.207		   68.00	9.095	 	   68.00	 6.460	  	   68.00	  4.459
   69.00       7.981		   69.00	8.845	 	   69.00	 6.306	  	   69.00	  4.382
   70.00       7.761		   70.00	8.582	 	   70.00	 6.144	  	   70.00	  4.301
   71.00       7.549		   71.00	8.310	 	   71.00	 5.975	  	   71.00	  4.216
   72.00       7.347		   72.00	8.031	 	   72.00	 5.802	  	   72.00	  4.129
   73.00       7.155		   73.00	7.746	 	   73.00	 5.624	  	   73.00	  4.040
   74.00       6.976		   74.00	7.460	 	   74.00	 5.445	  	   74.00	  3.949
   75.00       6.809		   75.00	7.174	 	   75.00	 5.264	  	   75.00	  3.857
   76.00       6.655		   76.00	6.892	 	   76.00	 5.084	  	   76.00	  3.764
   77.00       6.516		   77.00	6.615	 	   77.00	 4.905	  	   77.00	  3.671
   78.00       6.390		   78.00	6.345	 	   78.00	 4.729	  	   78.00	  3.577
   79.00       6.279		   79.00	6.085	 	   79.00	 4.556	  	   79.00	  3.484
   80.00       6.182		   80.00	5.836	 	   80.00	 4.388	  	   80.00	  3.391
   81.00       6.098		   81.00	5.599	 	   81.00	 4.226	  	   81.00	  3.300
   82.00       6.028		   82.00	5.376	 	   82.00	 4.070	  	   82.00	  3.210
   83.00       5.970		   83.00	5.166	 	   83.00	 3.921	  	   83.00	  3.122
   84.00       5.923		   84.00	4.972	 	   84.00	 3.781	  	   84.00	  3.037
   85.00       5.887		   85.00	4.792	 	   85.00	 3.649	  	   85.00	  2.954
   86.00       5.859		   86.00	4.628	 	   86.00	 3.526	  	   86.00	  2.874
   87.00       5.840		   87.00	4.479	 	   87.00	 3.412	  	   87.00	  2.798
   88.00       5.828		   88.00	4.344	 	   88.00	 3.308	  	   88.00	  2.725
   89.00       5.822		   89.00	4.224	 	   89.00	 3.212	  	   89.00	  2.656
   90.00       5.819		   90.00	4.118	 	   90.00	 3.127	  	   90.00	  2.591
   91.00       5.820		   91.00	4.025	 	   91.00	 3.050	  	   91.00	  2.530
   92.00       5.821		   92.00	3.944	 	   92.00	 2.981	  	   92.00	  2.472
   93.00       5.823		   93.00	3.874	 	   93.00	 2.921	  	   93.00	  2.419
   94.00       5.824		   94.00	3.813	 	   94.00	 2.869	  	   94.00	  2.370
   95.00       5.823		   95.00	3.762	 	   95.00	 2.824	  	   95.00	  2.325
   96.00       5.818		   96.00	3.718	 	   96.00	 2.785	  	   96.00	  2.283
   97.00       5.809		   97.00	3.680	 	   97.00	 2.752	  	   97.00	  2.245
   98.00       5.794		   98.00	3.648	 	   98.00	 2.725	  	   98.00	  2.210
   99.00       5.774		   99.00	3.619	 	   99.00	 2.702	  	   99.00	  2.178
   100.0       5.747		   100.0	3.592	 	   100.0	 2.683	  	   100.0	  2.150
   101.0       5.713		   101.0	3.567	 	   101.0	 2.666	  	   101.0	  2.124
   102.0       5.671		   102.0	3.543	 	   102.0	 2.652	  	   102.0	  2.100
   103.0       5.622		   103.0	3.518	 	   103.0	 2.639	  	   103.0	  2.078
   104.0       5.565		   104.0	3.492	 	   104.0	 2.627	  	   104.0	  2.059
   105.0       5.501		   105.0	3.465	 	   105.0	 2.615	  	   105.0	  2.040
   106.0       5.430		   106.0	3.434	 	   106.0	 2.602	  	   106.0	  2.023
   107.0       5.351		   107.0	3.401	 	   107.0	 2.588	  	   107.0	  2.007
   108.0       5.266		   108.0	3.364	 	   108.0	 2.572	  	   108.0	  1.991
   109.0       5.175		   109.0	3.324	 	   109.0	 2.554	  	   109.0	  1.976
   110.0       5.078		   110.0	3.280	 	   110.0	 2.534	  	   110.0	  1.960
   111.0       4.976		   111.0	3.232	 	   111.0	 2.511	  	   111.0	  1.945
   112.0       4.869		   112.0	3.180	 	   112.0	 2.485	  	   112.0	  1.928
   113.0       4.759		   113.0	3.125	 	   113.0	 2.456	  	   113.0	  1.912
   114.0       4.646		   114.0	3.065	 	   114.0	 2.424	  	   114.0	  1.894
   115.0       4.531		   115.0	3.002	 	   115.0	 2.389	  	   115.0	  1.876
   116.0       4.415		   116.0	2.936	 	   116.0	 2.350	  	   116.0	  1.856
   117.0       4.297		   117.0	2.867	 	   117.0	 2.310	  	   117.0	  1.835
   118.0       4.180		   118.0	2.796	 	   118.0	 2.266	  	   118.0	  1.812
   119.0       4.064		   119.0	2.723	 	   119.0	 2.220	  	   119.0	  1.789
   120.0       3.949		   120.0	2.648	 	   120.0	 2.172	  	   120.0	  1.763
   121.0       3.836		   121.0	2.573	 	   121.0	 2.122	  	   121.0	  1.737
   122.0       3.726		   122.0	2.497	 	   122.0	 2.071	  	   122.0	  1.708
   123.0       3.620		   123.0	2.422	 	   123.0	 2.018	  	   123.0	  1.679
   124.0       3.517		   124.0	2.347	 	   124.0	 1.964	  	   124.0	  1.648
   125.0       3.420		   125.0	2.274	 	   125.0	 1.910	  	   125.0	  1.616
   126.0       3.327		   126.0	2.202	 	   126.0	 1.855	  	   126.0	  1.582
   127.0       3.239		   127.0	2.132	 	   127.0	 1.800	  	   127.0	  1.548
   128.0       3.157		   128.0	2.065	 	   128.0	 1.746	  	   128.0	  1.513
   129.0       3.081		   129.0	2.000	 	   129.0	 1.692	  	   129.0	  1.478
   130.0       3.010		   130.0	1.939	 	   130.0	 1.640	  	   130.0	  1.442
   131.0       2.946		   131.0	1.880	 	   131.0	 1.589	  	   131.0	  1.407
   132.0       2.887		   132.0	1.824	 	   132.0	 1.539	  	   132.0	  1.371
   133.0       2.834		   133.0	1.772	 	   133.0	 1.492	  	   133.0	  1.336
   134.0       2.786		   134.0	1.723	 	   134.0	 1.447	  	   134.0	  1.302
   135.0       2.744		   135.0	1.677	 	   135.0	 1.405	  	   135.0	  1.269
   136.0       2.707		   136.0	1.634	 	   136.0	 1.366	  	   136.0	  1.237
   137.0       2.675		   137.0	1.594	 	   137.0	 1.329	  	   137.0	  1.206
   138.0       2.648		   138.0	1.558	 	   138.0	 1.296	  	   138.0	  1.176
   139.0       2.625		   139.0	1.525	 	   139.0	 1.266	  	   139.0	  1.148
   140.0       2.606		   140.0	1.495	 	   140.0	 1.239	  	   140.0	  1.122
   141.0       2.591		   141.0	1.468	 	   141.0	 1.215	  	   141.0	  1.098
   142.0       2.579		   142.0	1.444	 	   142.0	 1.195	  	   142.0	  1.075
   143.0       2.571		   143.0	1.423	 	   143.0	 1.178	  	   143.0	  1.054
   144.0       2.565		   144.0	1.406	 	   144.0	 1.164	  	   144.0	  1.035
   145.0       2.562		   145.0	1.390	 	   145.0	 1.153	  	   145.0	  1.018
   146.0       2.562		   146.0	1.378	 	   146.0	 1.145	  	   146.0	  1.003
   147.0       2.563		   147.0	1.368	 	   147.0	 1.140	  	   147.0	 0.9894
   148.0       2.566		   148.0	1.361	 	   148.0	 1.137	  	   148.0	 0.9779
   149.0       2.571		   149.0	1.356	 	   149.0	 1.138	  	   149.0	 0.9681
   150.0       2.576		   150.0	1.353	 	   150.0	 1.140	  	   150.0	 0.9601
   151.0       2.583		   151.0	1.352	 	   151.0	 1.145	  	   151.0	 0.9538
   152.0       2.590		   152.0	1.352	 	   152.0	 1.153	  	   152.0	 0.9491
   153.0       2.597		   153.0	1.354	 	   153.0	 1.162	  	   153.0	 0.9459
   154.0       2.605		   154.0	1.358	 	   154.0	 1.174	  	   154.0	 0.9442
   155.0       2.613		   155.0	1.362	 	   155.0	 1.186	  	   155.0	 0.9439
   156.0       2.620		   156.0	1.367	 	   156.0	 1.201	  	   156.0	 0.9450
   157.0       2.627		   157.0	1.373	 	   157.0	 1.217	  	   157.0	 0.9472
   158.0       2.634		   158.0	1.380	 	   158.0	 1.234	  	   158.0	 0.9505
   159.0       2.640		   159.0	1.387	 	   159.0	 1.252	  	   159.0	 0.9549
   160.0       2.646		   160.0	1.394	 	   160.0	 1.270	  	   160.0	 0.9601
   161.0       2.651		   161.0	1.402	 	   161.0	 1.289	  	   161.0	 0.9661
   162.0       2.655		   162.0	1.410	 	   162.0	 1.309	  	   162.0	 0.9727
   163.0       2.659		   163.0	1.418	 	   163.0	 1.328	  	   163.0	 0.9798
   164.0       2.662		   164.0	1.426	 	   164.0	 1.348	  	   164.0	 0.9873
   165.0       2.665		   165.0	1.435	 	   165.0	 1.367	  	   165.0	 0.9950
   166.0       2.668		   166.0	1.443	 	   166.0	 1.386	  	   166.0	  1.003
   167.0       2.670		   167.0	1.451	 	   167.0	 1.404	  	   167.0	  1.010
   168.0       2.672		   168.0	1.460	 	   168.0	 1.421	  	   168.0	  1.018
   169.0       2.673		   169.0	1.468	 	   169.0	 1.438	  	   169.0	  1.025
   170.0       2.675		   170.0	1.475	 	   170.0	 1.453	  	   170.0	  1.032
   171.0       2.676		   171.0	1.483	 	   171.0	 1.468	  	   171.0	  1.039
   172.0       2.677		   172.0	1.490	 	   172.0	 1.481	  	   172.0	  1.045
   173.0       2.678		   173.0	1.496	 	   173.0	 1.492	  	   173.0	  1.050
   174.0       2.679		   174.0	1.502	 	   174.0	 1.502	  	   174.0	  1.055
   175.0       2.679		   175.0	1.508	 	   175.0	 1.511	  	   175.0	  1.059
   176.0       2.680		   176.0	1.512	 	   176.0	 1.518	  	   176.0	  1.062
   177.0       2.681		   177.0	1.516	 	   177.0	 1.524	  	   177.0	  1.065
   178.0       2.681		   178.0	1.518	 	   178.0	 1.528	  	   178.0	  1.066
   179.0       2.681		   179.0	1.520	 	   179.0	 1.530	  	   179.0	  1.068

