!FILE=Disk 
!KIND=Matrix 
!LABORATORY=Oslo Cyclotron Laboratory (OCL) 
!EXPERIMENT=siri2root 
!COMMENT=none
!TIME=2021-01-12 12:44:19
!CALIBRATION EkeV=6, 0.000000E+00, 1.000000E+00, 0.000000E+00
!PRECISION=16
!DIMENSION=1,0:20999
!CHANNEL=(0:20999)
1323.79 
1120.07 
940.217 
801.268 
709.461 
659.344 
640.847 
649.107 
674.757 
699.391 
713.816 
719.579 
718.383 
713.436 
709.997 
709.807 
712.136 
716.701 
722.449 
728.071 
732.953 
737.189 
741.309 
745.873 
751.263 
757.667 
765.102 
773.424 
782.306 
791.221 
799.493 
806.472 
811.74 
815.232 
817.263 
818.446 
819.436 
820.662 
822.226 
823.894 
825.205 
825.771 
825.467 
824.433 
823.258 
822.714 
823.148 
824.824 
828.133 
833.008 
838.812 
844.68 
849.804 
853.629 
855.924 
856.696 
855.998 
854.253 
852.639 
852.301 
853.618 
856.6 
861.186 
867.123 
873.948 
881.14 
888.294 
895.211 
901.856 
908.224 
914.146 
919.123 
922.334 
923.072 
921.097 
916.737 
911.164 
906.308 
903.867 
904.49 
908.652 
916.799 
927.879 
939.664 
950.208 
958.437 
964.125 
967.737 
970.182 
972.314 
974.56 
976.98 
979.518 
982.167 
985.179 
989.242 
995.333 
1004.23 
1016.04 
1029.99 
1044.61 
1058.1 
1069.02 
1076.75 
1081.68 
1085.08 
1088.74 
1094.2 
1102.32 
1113.11 
1125.81 
1139.06 
1151.38 
1161.61 
1169.22 
1174.32 
1177.51 
1179.64 
1181.51 
1183.74 
1186.8 
1191.02 
1196.6 
1203.62 
1212.08 
1221.84 
1232.69 
1244.28 
1256.17 
1267.83 
1278.64 
1288.04 
1295.59 
1301.13 
1304.82 
1307.12 
1308.74 
1310.41 
1312.67 
1315.69 
1319.21 
1322.61 
1324.9 
1325.1 
1322.8 
1318.11 
1311.49 
1303.91 
1296.72 
1291.82 
1291 
1295 
1303.68 
1316.39 
1331.75 
1347.8 
1362.33 
1373.26 
1379.2 
1379.68 
1374.68 
1364.64 
1351 
1336.06 
1322.43 
1312.57 
1308.08 
1309.44 
1316.39 
1327.78 
1341.43 
1354.86 
1366 
1373.63 
1377.3 
1376.95 
1373.34 
1368.16 
1362.66 
1357.2 
1351.71 
1345.99 
1339.91 
1333.52 
1327.2 
1321.62 
1317.47 
1315.07 
1314.34 
1315.22 
1317.07 
1318.47 
1318.63 
1317.05 
1313.24 
1307.86 
1302.04 
1296.76 
1292.7 
1289.99 
1288.15 
1286.25 
1283.28 
1278.62 
1272.18 
1264.34 
1255.89 
1247.64 
1240.16 
1233.69 
1228.13 
1223.16 
1218.56 
1214.22 
1210.12 
1206.07 
1201.68 
1196.31 
1189.37 
1180.51 
1169.75 
1157.59 
1145.07 
1133.72 
1125.1 
1119.97 
1117.85 
1118.13 
1119.98 
1121.82 
1122.71 
1122.51 
1120.83 
1117.18 
1111.63 
1104.96 
1098.35 
1093.38 
1091.48 
1093.21 
1098.85 
1108.71 
1122.08 
1137.07 
1151.35 
1162.8 
1169.81 
1172.5 
1172.5 
1170.82 
1168.08 
1165.52 
1163.92 
1162.92 
1161.44 
1158.46 
1153.55 
1146.89 
1139.11 
1131 
1123.19 
1115.98 
1109.29 
1102.77 
1096.03 
1088.89 
1081.47 
1074.17 
1067.5 
1061.91 
1057.55 
1054.2 
1051.34 
1048.31 
1044.52 
1039.64 
1033.69 
1026.98 
1020.11 
1013.77 
1008.53 
1004.7 
1002.34 
1001.35 
1001.65 
1002.86 
1004.19 
1005.06 
1005.34 
1004.97 
1003.98 
1002.36 
1000.07 
997.089 
993.41 
989.107 
984.397 
979.641 
975.361 
972.192 
970.604 
971.321 
973.533 
974.223 
972.137 
967.679 
961.158 
953.36 
945.388 
938.427 
933.479 
931.08 
931.342 
933.728 
936.913 
939.636 
941.198 
941.315 
939.937 
937.155 
933.299 
928.927 
924.683 
921.1 
918.46 
916.825 
916.138 
916.338 
917.346 
919.083 
921.693 
925.508 
930.688 
937.058 
942.845 
944.961 
941.83 
932.797 
916.719 
893.375 
864.422 
833.049 
802.884 
776.683 
755.766 
740.33 
729.759 
722.855 
718.303 
715.068 
712.478 
710.109 
707.621 
704.681 
700.992 
696.359 
690.731 
684.203 
677.001 
669.424 
661.784 
654.363 
647.401 
641.087 
635.565 
630.927 
627.203 
624.36 
622.294 
620.818 
619.648 
618.41 
616.685 
614.1 
610.423 
605.637 
599.958 
593.794 
587.618 
581.793 
576.493 
571.747 
567.485 
563.593 
559.992 
556.686 
553.768 
551.366 
549.539 
548.215 
547.19 
546.17 
544.839 
542.953 
540.393 
537.148 
533.3 
529.01 
524.494 
520.02 
515.894 
512.397 
509.69 
507.767 
506.388 
505.027 
502.993 
499.699 
494.892 
488.738 
481.828 
475.097 
469.558 
465.96 
464.637 
465.642 
468.337 
471.138 
472.733 
472.756 
470.991 
467.296 
462.298 
457.102 
452.546 
449.017 
446.545 
444.901 
443.68 
442.5 
441.163 
439.699 
438.304 
437.183 
436.421 
435.955 
435.575 
434.971 
433.815 
431.845 
428.936 
425.11 
420.559 
415.659 
410.926 
406.921 
404.114 
402.667 
402.44 
403.326 
405.199 
407.716 
410.437 
412.931 
414.637 
414.955 
413.625 
410.656 
406.156 
400.505 
394.483 
389.138 
385.425 
383.883 
384.654 
387.304 
390.611 
393.074 
393.603 
391.823 
387.884 
382.278 
375.707 
368.817 
362.095 
355.923 
350.706 
346.924 
344.955 
344.9 
346.757 
350.356 
355.097 
360.145 
364.797 
368.632 
371.516 
373.574 
375.086 
376.281 
377.098 
377.249 
376.556 
374.961 
372.417 
368.999 
364.998 
360.902 
357.209 
354.199 
351.834 
349.715 
347.098 
343.125 
337.184 
329.132 
319.362 
308.692 
298.05 
288.108 
279.094 
270.758 
262.507 
253.77 
244.363 
234.61 
225.249 
217.136 
210.899 
206.752 
204.46 
203.433 
203.104 
203.261 
203.721 
204.241 
204.939 
206.11 
207.848 
210.016 
212.286 
214.252 
215.58 
216.091 
215.746 
214.681 
213.227 
211.688 
210.22 
208.859 
207.53 
206.074 
204.335 
202.237 
199.823 
197.269 
194.864 
192.909 
191.587 
190.923 
190.745 
190.768 
190.812 
190.778 
190.522 
189.965 
189.333 
189.066 
189.403 
190.433 
192.216 
194.587 
197.083 
198.964 
199.534 
198.53 
196.025 
192.323 
187.999 
183.751 
180.212 
177.794 
176.671 
176.868 
178.081 
179.593 
180.771 
181.324 
181.174 
180.476 
179.675 
179.208 
179.235 
179.817 
180.9 
181.934 
182.178 
181.332 
179.476 
176.948 
174.342 
172.234 
170.914 
170.401 
170.661 
171.297 
171.595 
171.345 
170.649 
169.633 
168.768 
168.612 
169.379 
170.983 
173.101 
175.202 
176.747 
177.391 
177.033 
175.717 
173.606 
170.967 
168.09 
165.263 
162.783 
160.945 
159.951 
159.856 
160.659 
162.285 
164.477 
166.846 
168.992 
170.502 
171.022 
170.414 
168.693 
165.952 
162.414 
158.438 
154.492 
151.124 
148.894 
147.963 
148.004 
148.781 
150.068 
151.334 
152.13 
152.336 
151.978 
151.149 
150.016 
148.728 
147.379 
146.021 
144.689 
143.413 
142.228 
141.181 
140.456 
140.348 
141.006 
142.476 
144.819 
148.026 
151.904 
156.001 
159.66 
162.197 
163.151 
162.382 
159.991 
156.363 
152.168 
148.143 
144.863 
142.652 
141.626 
141.799 
142.965 
144.645 
146.395 
147.917 
148.963 
149.376 
149.107 
148.249 
147.105 
146.123 
145.689 
145.957 
146.992 
148.754 
150.816 
152.495 
153.281 
153.018 
151.673 
149.297 
146.241 
143.027 
140.104 
137.769 
136.139 
135.158 
134.635 
134.325 
133.997 
133.48 
132.684 
131.615 
130.361 
129.065 
127.87 
126.878 
126.136 
125.656 
125.441 
125.495 
125.903 
126.843 
128.423 
130.615 
133.241 
135.898 
137.998 
139.046 
138.856 
137.304 
134.297 
130.172 
125.665 
121.622 
118.811 
117.518 
117.508 
118.585 
120.523 
122.736 
124.563 
125.615 
125.799 
125.123 
123.653 
121.592 
119.234 
116.895 
114.902 
113.542 
112.988 
113.289 
114.35 
115.89 
117.568 
119.118 
120.391 
121.345 
122.032 
122.56 
123.024 
123.452 
123.77 
123.846 
123.616 
123.091 
122.337 
121.479 
120.649 
119.927 
119.308 
118.712 
118.021 
117.158 
116.126 
115.031 
114.083 
113.48 
113.298 
113.543 
114.154 
114.946 
115.697 
116.267 
116.613 
116.791 
116.926 
117.148 
117.53 
118.068 
118.575 
118.741 
118.41 
117.546 
116.102 
114.094 
111.664 
109.076 
106.659 
104.686 
103.292 
102.466 
102.134 
102.242 
102.697 
103.344 
104.171 
105.29 
106.781 
108.635 
110.7 
112.628 
113.957 
114.339 
113.667 
112.042 
109.816 
107.494 
105.492 
104.011 
103.08 
102.655 
102.696 
103.127 
103.833 
104.769 
105.961 
107.377 
108.647 
109.118 
108.435 
106.652 
104.187 
101.934 
100.823 
101.258 
103.856 
109.605 
118.431 
129.117 
140.158 
150.193 
158.278 
163.998 
167.464 
169.027 
168.859 
167.3 
165.048 
162.563 
160.038 
157.699 
155.8 
154.549 
154.059 
154.354 
155.332 
156.738 
158.331 
159.969 
161.566 
163.06 
164.355 
165.255 
165.526 
165.06 
163.878 
162.1 
159.965 
157.787 
155.864 
154.395 
153.448 
152.956 
152.753 
152.653 
152.52 
152.36 
152.305 
152.44 
152.789 
153.346 
154.017 
154.605 
154.919 
154.876 
154.461 
153.745 
153.011 
152.578 
152.569 
153.064 
154.123 
155.543 
156.941 
157.984 
158.522 
158.6 
158.27 
157.609 
156.8 
156.026 
155.383 
154.884 
154.474 
154.053 
153.532 
152.887 
152.176 
151.523 
151.068 
150.908 
151.068 
151.482 
151.956 
152.268 
152.287 
151.979 
151.402 
150.752 
150.308 
150.28 
150.736 
151.609 
152.664 
153.53 
153.896 
153.66 
152.815 
151.481 
150.05 
149.031 
148.754 
149.311 
150.58 
152.166 
153.53 
154.331 
154.533 
154.189 
153.423 
152.546 
151.87 
151.51 
151.415 
151.517 
151.709 
151.824 
151.808 
151.649 
151.315 
150.845 
150.339 
149.901 
149.612 
149.509 
149.599 
149.796 
149.931 
149.923 
149.712 
149.226 
148.638 
148.255 
148.22 
148.671 
149.774 
151.413 
153.269 
155.029 
156.391 
157.155 
157.271 
156.747 
155.645 
154.152 
152.522 
151.003 
149.783 
148.959 
148.542 
148.431 
148.455 
148.458 
148.271 
147.708 
146.66 
145.127 
143.239 
141.269 
139.579 
138.484 
138.018 
137.949 
138.127 
138.447 
138.708 
138.767 
138.597 
138.256 
137.921 
137.766 
137.847 
138.18 
138.753 
139.46 
140.142 
140.69 
141.056 
141.233 
141.222 
141.052 
140.78 
140.44 
140.048 
139.637 
139.266 
139.015 
138.952 
139.101 
139.453 
139.969 
140.586 
141.236 
141.864 
142.435 
142.92 
143.248 
143.322 
143.096 
142.57 
141.761 
140.731 
139.624 
138.739 
138.429 
138.859 
139.996 
141.651 
143.442 
144.862 
145.516 
145.275 
144.15 
142.309 
140.229 
138.529 
137.638 
137.686 
138.566 
139.939 
141.356 
142.482 
143.176 
143.455 
143.369 
143.013 
142.532 
141.928 
141.078 
139.922 
138.54 
137.152 
136.08 
135.594 
135.784 
136.655 
138.096 
139.725 
140.934 
141.195 
140.316 
138.364 
135.603 
132.544 
129.842 
128.15 
127.9 
129.22 
131.968 
135.642 
139.417 
142.359 
143.778 
143.444 
141.335 
137.649 
133.112 
128.771 
125.543 
123.947 
124.118 
125.829 
128.421 
131.11 
133.326 
134.804 
135.618 
136.074 
136.478 
136.971 
137.49 
137.877 
138.054 
138.073 
138.027 
138.091 
138.561 
139.597 
141.067 
142.602 
143.682 
143.879 
143.049 
141.277 
138.864 
136.296 
134.093 
132.661 
132.055 
132.009 
132.345 
132.956 
133.634 
134.217 
134.669 
135.048 
135.468 
136.03 
136.778 
137.693 
138.699 
139.536 
139.82 
139.36 
138.113 
136.035 
133.194 
129.85 
126.462 
123.563 
121.578 
120.724 
121.047 
122.339 
124.085 
125.769 
127.069 
127.858 
128.216 
128.396 
128.709 
129.389 
130.505 
131.934 
133.382 
134.436 
134.734 
134.144 
132.713 
130.629 
128.239 
125.972 
124.228 
123.271 
123.188 
123.985 
125.599 
127.829 
130.365 
132.878 
135.074 
136.741 
137.776 
138.162 
137.911 
137.163 
136.252 
135.545 
135.325 
135.706 
136.684 
138.204 
140.114 
142.121 
143.835 
144.899 
145.129 
144.485 
143.074 
141.237 
139.446 
138.088 
137.319 
137.09 
137.334 
137.892 
138.383 
138.471 
138.056 
137.164 
135.913 
134.53 
133.292 
132.442 
132.12 
132.363 
133.097 
134.102 
135.103 
135.86 
136.222 
136.146 
135.665 
134.891 
134.002 
133.189 
132.616 
132.396 
132.562 
133.131 
134.107 
135.413 
136.888 
138.338 
139.571 
140.435 
140.89 
141.002 
140.813 
140.371 
139.803 
139.269 
138.883 
138.679 
138.594 
138.481 
138.144 
137.428 
136.304 
134.909 
133.524 
132.484 
132.024 
132.216 
132.903 
133.636 
133.975 
133.764 
132.888 
131.235 
129.064 
126.934 
125.374 
124.688 
124.957 
126.07 
127.701 
129.459 
131.045 
132.28 
133.054 
133.288 
132.95 
132.042 
130.588 
128.665 
126.432 
124.137 
122.07 
120.504 
119.597 
119.365 
119.785 
120.804 
122.298 
124.127 
126.199 
128.469 
130.911 
133.472 
136.042 
138.44 
140.436 
141.805 
142.401 
142.182 
141.195 
139.593 
137.594 
135.406 
133.189 
131.057 
129.109 
127.469 
126.286 
125.651 
125.539 
125.924 
126.735 
127.712 
128.457 
128.642 
128.155 
127.055 
125.553 
123.984 
122.671 
121.828 
121.543 
121.821 
122.569 
123.6 
124.757 
125.937 
127.046 
128.01 
128.756 
129.228 
129.401 
129.269 
128.908 
128.521 
128.295 
128.29 
128.544 
129.076 
129.769 
130.421 
130.882 
131.117 
131.23 
131.437 
131.969 
132.956 
134.37 
135.982 
137.328 
137.948 
137.658 
136.315 
133.783 
130.395 
126.956 
124.357 
123.077 
123.022 
124.043 
125.878 
127.817 
129.065 
129.193 
128.101 
125.97 
123.393 
121.195 
119.987 
119.962 
121.121 
123.292 
125.939 
128.363 
130.03 
130.687 
130.291 
129.157 
128.007 
127.392 
127.441 
128.143 
129.353 
130.676 
131.612 
131.82 
131.195 
129.831 
128.026 
126.176 
124.597 
123.461 
122.818 
122.578 
122.583 
122.758 
123.108 
123.641 
124.368 
125.285 
126.302 
127.187 
127.679 
127.659 
127.05 
125.828 
124.278 
122.951 
122.32 
122.57 
123.8 
126.03 
128.833 
131.443 
133.154 
133.571 
132.593 
130.367 
127.371 
124.301 
121.807 
120.299 
119.899 
120.611 
122.358 
124.889 
127.8 
130.608 
132.79 
133.979 
134.075 
133.087 
131.158 
128.793 
126.699 
125.412 
125.135 
125.886 
127.53 
129.642 
131.661 
133.157 
133.977 
134.211 
133.956 
133.353 
132.664 
132.075 
131.661 
131.445 
131.398 
131.497 
131.739 
132.12 
132.634 
133.265 
133.973 
134.577 
134.786 
134.454 
133.538 
131.998 
129.89 
127.451 
125.107 
123.371 
122.611 
122.94 
124.324 
126.557 
129.176 
131.581 
133.25 
133.879 
133.386 
131.916 
129.9 
127.885 
126.344 
125.57 
125.648 
126.507 
127.92 
129.562 
131.133 
132.41 
133.254 
133.595 
133.415 
132.715 
131.516 
129.905 
128.041 
126.136 
124.419 
123.066 
122.143 
121.577 
121.171 
120.656 
119.805 
118.562 
117.098 
115.925 
115.693 
116.692 
118.904 
122.172 
126.083 
129.944 
132.947 
134.569 
134.736 
133.506 
131.082 
128.062 
125.21 
123.119 
122.076 
122.145 
123.167 
124.724 
126.394 
127.941 
129.275 
130.384 
131.252 
131.828 
132.056 
131.913 
131.403 
130.59 
129.672 
128.942 
128.624 
128.791 
129.408 
130.304 
131.132 
131.562 
131.466 
130.792 
129.561 
128.085 
126.869 
126.278 
126.429 
127.262 
128.529 
129.799 
130.636 
130.787 
130.183 
128.905 
127.215 
125.488 
124.072 
123.19 
122.935 
123.323 
124.331 
125.879 
127.824 
129.97 
132.06 
133.812 
134.983 
135.443 
135.155 
134.25 
133.111 
132.183 
131.755 
131.913 
132.537 
133.254 
133.674 
133.644 
133.079 
131.96 
130.616 
129.612 
129.362 
129.995 
131.398 
133.197 
134.854 
135.919 
136.161 
135.529 
134.101 
132.118 
129.893 
127.67 
125.577 
123.652 
121.915 
120.419 
119.347 
118.968 
119.426 
120.711 
122.707 
125.115 
127.456 
129.214 
130.05 
129.871 
128.811 
127.274 
125.757 
124.624 
124.023 
123.849 
123.856 
123.822 
123.601 
123.151 
122.566 
122.074 
121.927 
122.228 
122.951 
123.982 
125.105 
126.062 
126.648 
126.771 
126.413 
125.62 
124.539 
123.382 
122.358 
121.66 
121.436 
121.745 
122.57 
123.833 
125.373 
126.955 
128.315 
129.254 
129.716 
129.817 
129.82 
130.079 
130.923 
132.484 
134.601 
136.849 
138.563 
139.116 
138.272 
136.095 
132.84 
128.99 
125.118 
121.732 
119.167 
117.546 
116.84 
117 
117.785 
118.704 
119.434 
119.927 
120.263 
120.626 
121.238 
122.269 
123.768 
125.634 
127.637 
129.462 
130.788 
131.396 
131.22 
130.281 
128.708 
126.81 
125.01 
123.708 
123.152 
123.41 
124.333 
125.486 
126.349 
126.582 
126.083 
124.964 
123.598 
122.512 
122.093 
122.463 
123.568 
125.181 
126.907 
128.379 
129.385 
129.848 
129.752 
129.254 
128.797 
128.67 
128.738 
128.828 
128.87 
128.61 
127.705 
126.24 
124.57 
122.925 
121.478 
120.373 
119.68 
119.361 
119.315 
119.49 
119.902 
120.625 
121.774 
123.43 
125.59 
128.11 
130.667 
132.847 
134.32 
134.923 
134.63 
133.632 
132.347 
131.086 
129.919 
128.749 
127.385 
125.689 
123.659 
121.507 
119.701 
118.71 
118.712 
119.783 
121.912 
124.705 
127.538 
129.892 
131.449 
132.081 
131.775 
130.717 
129.325 
127.963 
126.828 
126.007 
125.494 
125.211 
125.026 
124.88 
124.829 
124.92 
125.207 
125.793 
126.696 
127.764 
128.691 
129.18 
129.113 
128.371 
126.795 
124.532 
122.08 
120.067 
118.983 
118.996 
120.195 
122.631 
125.989 
129.647 
132.924 
135.202 
136.239 
136.219 
135.302 
133.684 
131.879 
130.474 
129.822 
130.024 
131 
132.472 
134 
135.114 
135.48 
134.997 
133.747 
132.005 
130.15 
128.496 
127.217 
126.362 
125.875 
125.668 
125.702 
125.952 
126.365 
126.92 
127.596 
128.284 
128.785 
129.003 
129.035 
128.903 
128.656 
128.569 
128.815 
129.384 
130.198 
130.972 
131.312 
131.019 
129.953 
127.978 
125.312 
122.554 
120.424 
119.432 
119.736 
121.36 
124.222 
127.902 
131.73 
135.024 
137.24 
138.09 
137.501 
135.675 
133.172 
130.615 
128.442 
127.01 
126.443 
126.506 
126.999 
127.725 
128.331 
128.606 
128.531 
128.105 
127.318 
126.215 
124.929 
123.664 
122.651 
122.068 
122 
122.462 
123.419 
124.765 
126.356 
128.055 
129.731 
131.227 
132.34 
132.88 
132.766 
131.949 
130.428 
128.42 
126.311 
124.465 
123.109 
122.309 
121.975 
121.895 
121.845 
121.711 
121.527 
121.405 
121.412 
121.69 
122.479 
123.817 
125.534 
127.418 
129.264 
130.917 
132.307 
133.457 
134.451 
135.353 
136.173 
136.868 
137.342 
137.499 
137.303 
136.759 
135.889 
134.738 
133.368 
131.859 
130.316 
128.882 
127.722 
126.98 
126.66 
126.634 
126.826 
127.169 
127.493 
127.637 
127.553 
127.212 
126.577 
125.679 
124.567 
123.266 
121.812 
120.297 
118.901 
117.962 
117.87 
118.799 
120.732 
123.547 
126.959 
130.531 
133.735 
136.061 
137.169 
136.957 
135.48 
132.988 
129.992 
127.137 
125.001 
123.925 
124.002 
125.045 
126.513 
127.757 
128.348 
128.155 
127.262 
125.985 
124.832 
124.201 
124.219 
124.886 
126.09 
127.473 
128.573 
129.146 
129.227 
128.89 
128.247 
127.552 
127.048 
126.843 
126.96 
127.352 
127.907 
128.537 
129.203 
129.853 
130.374 
130.64 
130.586 
130.06 
128.812 
126.829 
124.386 
121.931 
120.026 
119.14 
119.45 
121.053 
123.963 
127.748 
131.611 
134.722 
136.519 
136.831 
135.666 
133.181 
129.817 
126.162 
122.743 
119.957 
118.053 
117.146 
117.261 
118.3 
120.003 
122.056 
124.152 
126.023 
127.511 
128.591 
129.376 
130.087 
130.963 
132.156 
133.677 
135.38 
136.992 
138.189 
138.74 
138.574 
137.686 
136.13 
134.109 
131.936 
129.953 
128.484 
127.753 
127.83 
128.721 
130.351 
132.472 
134.715 
136.695 
138.068 
138.701 
138.689 
138.119 
137.089 
135.836 
134.6 
133.525 
132.682 
132.087 
131.707 
131.456 
131.21 
130.854 
130.32 
129.624 
129.001 
128.848 
129.367 
130.567 
132.403 
134.667 
136.942 
138.715 
139.653 
139.708 
138.919 
137.411 
135.529 
133.7 
132.239 
131.295 
130.839 
130.7 
130.65 
130.471 
130.006 
129.198 
128.112 
126.936 
126.066 
125.976 
126.878 
128.754 
131.458 
134.65 
137.816 
140.391 
141.99 
142.504 
141.941 
140.486 
138.669 
137.16 
136.43 
136.628 
137.743 
139.59 
141.651 
143.248 
143.904 
143.471 
142.019 
139.833 
137.384 
135.106 
133.24 
131.849 
130.851 
130.077 
129.385 
128.743 
128.243 
128.023 
128.159 
128.705 
129.688 
130.936 
132.126 
132.992 
133.452 
133.579 
133.448 
133.172 
132.943 
132.823 
132.712 
132.439 
131.836 
130.831 
129.5 
128.048 
126.755 
125.877 
125.563 
125.852 
126.673 
127.816 
129.028 
130.123 
131.012 
131.679 
132.166 
132.548 
132.894 
133.237 
133.564 
133.844 
134.056 
134.199 
134.297 
134.409 
134.617 
134.992 
135.569 
136.344 
137.269 
138.26 
139.216 
140.05 
140.706 
141.151 
141.371 
141.362 
141.059 
140.29 
138.9 
136.848 
134.22 
131.231 
128.23 
125.637 
123.837 
122.962 
122.892 
123.53 
124.771 
126.344 
127.947 
129.373 
130.513 
131.313 
131.755 
131.856 
131.629 
131.097 
130.353 
129.545 
128.834 
128.349 
128.161 
128.285 
128.682 
129.245 
129.864 
130.484 
131.113 
131.826 
132.751 
134.004 
135.611 
137.466 
139.347 
140.963 
142.029 
142.367 
141.925 
140.758 
139.05 
137.078 
135.12 
133.406 
132.086 
131.231 
130.852 
130.941 
131.422 
132.119 
132.857 
133.502 
133.949 
134.141 
134.068 
133.77 
133.333 
132.801 
132.143 
131.279 
130.17 
128.869 
127.545 
126.51 
126.077 
126.375 
127.552 
129.831 
133.091 
136.794 
140.219 
142.653 
143.793 
143.82 
142.902 
141.261 
139.457 
138.079 
137.397 
137.265 
137.306 
137.154 
136.424 
134.894 
132.663 
130.089 
127.696 
125.977 
125.137 
125.092 
125.755 
127.019 
128.615 
130.246 
131.696 
132.807 
133.459 
133.591 
133.192 
132.315 
131.141 
129.957 
129.144 
128.863 
128.888 
129.107 
129.439 
129.541 
129.212 
128.525 
127.724 
127.153 
127.07 
127.552 
128.527 
129.756 
130.896 
131.672 
131.999 
132.028 
131.977 
131.931 
131.938 
132.137 
132.664 
133.496 
134.48 
135.454 
136.337 
137.145 
137.98 
138.954 
140.107 
141.372 
142.585 
143.522 
144.03 
144.091 
143.722 
142.997 
142.15 
141.467 
141.127 
141.349 
141.952 
142.13 
141.49 
140.06 
137.86 
135.134 
132.395 
130.263 
129.119 
128.965 
129.724 
131.226 
133 
134.483 
135.352 
135.579 
135.213 
134.36 
133.265 
132.19 
131.317 
130.739 
130.486 
130.561 
130.956 
131.655 
132.642 
133.888 
135.316 
136.781 
138.081 
138.995 
139.371 
139.159 
138.379 
137.137 
135.658 
134.243 
133.176 
132.637 
132.673 
133.287 
134.456 
136.072 
137.968 
139.96 
141.856 
143.461 
144.597 
145.149 
145.079 
144.428 
143.328 
142.004 
140.708 
139.647 
138.928 
138.536 
138.395 
138.464 
138.62 
138.688 
138.673 
138.639 
138.605 
138.596 
138.682 
138.953 
139.39 
139.873 
140.244 
140.352 
140.137 
139.611 
138.835 
137.932 
137.071 
136.442 
136.207 
136.428 
137.112 
138.223 
139.619 
141.069 
142.326 
143.198 
143.594 
143.495 
143.027 
142.52 
142.259 
142.329 
142.805 
143.785 
145.167 
146.637 
147.741 
148.031 
147.324 
145.66 
143.23 
140.425 
137.78 
135.84 
134.969 
135.272 
136.584 
138.396 
140.034 
141.015 
141.185 
140.552 
139.259 
137.704 
136.331 
135.397 
134.994 
135.128 
135.635 
136.18 
136.548 
136.695 
136.619 
136.384 
136.148 
136.058 
136.157 
136.467 
137.059 
138.018 
139.38 
141.109 
143.079 
145.049 
146.693 
147.728 
148.015 
147.529 
146.351 
144.754 
143.118 
141.756 
140.816 
140.293 
140.109 
140.211 
140.485 
140.737 
140.883 
140.96 
141.015 
141.081 
141.169 
141.274 
141.393 
141.539 
141.772 
142.177 
142.778 
143.494 
144.129 
144.479 
144.452 
143.903 
142.609 
140.612 
138.247 
135.956 
134.193 
133.275 
133.299 
134.264 
136.059 
138.306 
140.447 
141.927 
142.378 
141.693 
139.978 
137.604 
135.166 
133.291 
132.406 
132.639 
133.901 
135.856 
137.985 
139.825 
141.135 
141.91 
142.348 
142.793 
143.561 
144.792 
146.394 
148.061 
149.355 
149.921 
149.638 
148.498 
146.611 
144.355 
142.263 
140.803 
140.246 
140.665 
141.979 
143.922 
146.096 
148.09 
149.542 
150.274 
150.319 
149.727 
148.595 
147.208 
145.926 
145.019 
144.591 
144.523 
144.572 
144.569 
144.379 
143.879 
143.063 
142.061 
141.101 
140.417 
140.148 
140.33 
140.909 
141.715 
142.541 
143.243 
143.759 
144.089 
144.271 
144.348 
144.338 
144.234 
144.016 
143.668 
143.187 
142.604 
142.082 
141.886 
142.145 
142.89 
144.143 
145.834 
147.778 
149.735 
151.496 
152.931 
153.991 
154.696 
155.077 
155.12 
154.805 
154.117 
153.04 
151.584 
149.821 
147.931 
146.181 
144.856 
144.117 
143.95 
144.318 
145.136 
146.127 
146.867 
146.992 
146.369 
145.044 
143.188 
141.122 
139.232 
137.864 
137.225 
137.375 
138.253 
139.665 
141.337 
143.023 
144.561 
145.88 
146.962 
147.823 
148.489 
148.968 
149.253 
149.344 
149.236 
148.941 
148.515 
148.042 
147.601 
147.26 
147.072 
147.065 
147.25 
147.609 
148.084 
148.568 
148.931 
149.073 
148.961 
148.598 
148.029 
147.38 
146.806 
146.411 
146.21 
146.107 
145.926 
145.49 
144.746 
143.817 
142.991 
142.555 
142.626 
143.351 
144.956 
147.379 
150.261 
153.191 
155.811 
157.868 
159.194 
159.694 
159.333 
158.092 
155.974 
153.098 
149.739 
146.317 
143.357 
141.368 
140.679 
141.385 
143.368 
146.227 
149.347 
152.1 
154.014 
154.99 
155.236 
154.91 
154.204 
153.601 
153.554 
154.211 
155.525 
157.297 
159.146 
160.496 
160.78 
159.765 
157.489 
154.15 
150.166 
146.128 
142.673 
140.31 
139.16 
138.998 
139.671 
141.042 
142.761 
144.459 
145.919 
147.067 
147.893 
148.418 
148.667 
148.647 
148.38 
147.94 
147.447 
147.044 
146.836 
146.859 
147.063 
147.283 
147.336 
147.154 
146.763 
146.264 
145.864 
145.768 
146.053 
146.693 
147.579 
148.51 
149.25 
149.633 
149.607 
149.157 
148.289 
147.115 
145.85 
144.763 
144.108 
144.021 
144.53 
145.538 
146.73 
147.684 
148.176 
148.263 
147.986 
147.51 
147.264 
147.503 
148.344 
149.887 
151.939 
153.995 
155.514 
156.184 
155.924 
154.913 
153.633 
152.632 
152.258 
152.621 
153.667 
155.208 
156.939 
158.527 
159.674 
160.195 
160.035 
159.244 
158.005 
156.643 
155.53 
154.937 
154.948 
155.553 
156.635 
157.885 
158.883 
159.314 
159.072 
158.109 
156.414 
154.209 
151.902 
149.9 
148.506 
147.783 
147.608 
147.9 
148.587 
149.482 
150.376 
151.123 
151.655 
151.956 
152.065 
152.064 
152.083 
152.285 
152.819 
153.762 
155.089 
156.667 
158.268 
159.64 
160.585 
161.002 
160.864 
160.185 
158.999 
157.344 
155.283 
152.982 
150.779 
149.164 
148.551 
149.083 
150.767 
153.419 
156.391 
158.776 
160.012 
160.087 
159.108 
157.319 
155.358 
153.894 
153.159 
152.99 
153.224 
153.641 
153.892 
153.836 
153.379 
152.317 
150.691 
148.796 
146.996 
145.669 
145.098 
145.386 
146.541 
148.447 
150.725 
152.839 
154.319 
154.901 
154.516 
153.258 
151.411 
149.335 
147.336 
145.636 
144.385 
143.702 
143.683 
144.36 
145.72 
147.706 
150.189 
152.977 
155.828 
158.475 
160.65 
162.114 
162.718 
162.414 
161.243 
159.376 
157.182 
155.182 
153.911 
153.721 
154.716 
156.773 
159.47 
162.157 
164.178 
165.186 
165.234 
164.426 
162.925 
161.127 
159.419 
158.003 
156.93 
156.137 
155.513 
155.088 
155.039 
155.473 
156.427 
157.936 
159.953 
162.278 
164.529 
166.229 
167.03 
166.821 
165.655 
163.755 
161.552 
159.538 
158.108 
157.468 
157.671 
158.562 
159.709 
160.622 
160.989 
160.714 
159.848 
158.599 
157.455 
157.002 
157.508 
158.949 
161.125 
163.56 
165.576 
166.621 
166.514 
165.254 
163.012 
160.34 
157.98 
156.523 
156.253 
157.229 
159.328 
162.153 
165.126 
167.691 
169.441 
170.179 
169.866 
168.687 
167.063 
165.367 
163.787 
162.401 
161.227 
160.419 
160.27 
160.948 
162.505 
164.939 
168.047 
171.363 
174.207 
175.897 
176.036 
174.525 
171.575 
167.871 
164.372 
161.859 
160.544 
160.196 
160.652 
161.728 
163.008 
164.134 
164.972 
165.515 
165.782 
165.785 
165.513 
164.906 
163.872 
162.353 
160.364 
158.019 
155.578 
153.405 
151.917 
151.454 
152.134 
153.916 
156.64 
160.014 
163.675 
167.26 
170.437 
172.912 
174.415 
174.754 
173.867 
171.833 
168.949 
165.774 
163.007 
161.211 
160.618 
161.251 
162.894 
164.964 
166.833 
168.138 
168.788 
168.953 
168.95 
169.095 
169.612 
170.537 
171.652 
172.562 
172.929 
172.643 
171.749 
170.437 
169.038 
167.849 
167.016 
166.513 
166.199 
165.925 
165.614 
165.276 
165.001 
164.894 
164.996 
165.314 
165.837 
166.517 
167.29 
168.122 
169.034 
170.079 
171.283 
172.621 
174.002 
175.253 
176.116 
176.354 
175.876 
174.71 
172.977 
170.906 
168.797 
166.963 
165.669 
165.08 
165.242 
166.121 
167.598 
169.48 
171.556 
173.624 
175.501 
177.012 
177.961 
178.176 
177.595 
176.241 
174.221 
171.771 
169.237 
167.003 
165.413 
164.601 
164.491 
165.011 
166.069 
167.414 
168.747 
169.851 
170.624 
171.083 
171.318 
171.402 
171.351 
171.162 
170.844 
170.431 
170.045 
169.864 
169.984 
170.547 
171.803 
173.816 
176.382 
179.111 
181.514 
183.129 
183.66 
183.024 
181.322 
178.892 
176.226 
173.792 
171.834 
170.595 
170.255 
170.481 
170.838 
171.061 
170.808 
169.948 
168.832 
167.805 
167.046 
166.717 
166.862 
167.43 
168.258 
169.131 
169.884 
170.44 
170.826 
171.121 
171.368 
171.561 
171.664 
171.653 
171.493 
171.153 
170.685 
170.266 
170.095 
170.263 
170.801 
171.748 
173.064 
174.615 
176.23 
177.749 
179.031 
179.943 
180.376 
180.283 
179.594 
178.201 
176.154 
173.715 
171.241 
169.085 
167.503 
166.585 
166.293 
166.578 
167.313 
168.25 
169.213 
170.123 
170.904 
171.461 
171.746 
171.806 
171.681 
171.448 
171.283 
171.299 
171.726 
172.98 
175.189 
178.084 
181.134 
183.589 
184.797 
184.5 
182.541 
178.86 
174.027 
169.12 
165.203 
162.895 
162.258 
163.205 
165.522 
168.632 
171.791 
174.35 
175.898 
176.501 
176.601 
176.359 
175.918 
175.79 
176.235 
177.193 
178.531 
179.98 
181.205 
181.969 
182.201 
181.908 
181.161 
180.168 
179.194 
178.443 
177.994 
177.787 
177.643 
177.363 
176.833 
176.07 
175.373 
175.228 
175.878 
177.312 
179.386 
181.715 
183.665 
184.671 
184.53 
183.188 
180.74 
177.725 
174.929 
172.981 
172.195 
172.642 
174.168 
176.356 
178.755 
181.062 
183.102 
184.791 
186.088 
186.963 
187.393 
187.373 
186.902 
186.019 
184.859 
183.665 
182.723 
182.225 
182.19 
182.593 
183.351 
184.221 
184.947 
185.446 
185.856 
186.499 
187.714 
189.65 
192.179 
194.86 
196.964 
197.823 
197.183 
194.945 
191.187 
186.582 
182.171 
178.768 
176.712 
176.023 
176.67 
178.416 
180.73 
183.132 
185.294 
186.991 
188.128 
188.683 
188.654 
188.116 
187.263 
186.324 
185.509 
184.985 
184.82 
185.023 
185.545 
186.226 
186.796 
186.997 
186.732 
186.016 
184.93 
183.628 
182.306 
181.142 
180.249 
179.673 
179.427 
179.508 
179.901 
180.578 
181.531 
182.754 
184.223 
185.871 
187.603 
189.313 
190.91 
192.324 
193.496 
194.294 
194.529 
194.098 
193.021 
191.441 
189.674 
188.196 
187.439 
187.576 
188.653 
190.54 
192.669 
194.215 
194.596 
193.631 
191.507 
188.819 
186.398 
184.902 
184.632 
185.642 
187.822 
190.82 
194.148 
197.353 
200.068 
201.991 
202.91 
202.737 
201.442 
199.076 
195.947 
192.589 
189.592 
187.455 
186.454 
186.664 
187.999 
190.193 
192.899 
195.807 
198.663 
201.249 
203.33 
204.661 
205.063 
204.483 
203.003 
200.924 
198.742 
197.007 
196.11 
196.17 
197.076 
198.432 
199.628 
200.176 
199.913 
198.784 
196.811 
194.341 
191.931 
190.042 
188.884 
188.357 
188.217 
188.338 
188.588 
188.79 
189.003 
189.48 
190.449 
192.048 
194.27 
196.944 
199.723 
202.18 
203.946 
204.81 
204.719 
203.741 
202.091 
200.069 
197.984 
196.139 
194.845 
194.349 
194.758 
196.125 
198.429 
201.339 
204.233 
206.415 
207.489 
207.502 
206.559 
204.877 
203.086 
201.906 
201.731 
202.653 
204.492 
206.678 
208.45 
209.279 
209.007 
207.816 
206.28 
205.124 
204.808 
205.462 
206.904 
208.56 
209.687 
209.808 
208.795 
206.839 
204.569 
202.856 
202.338 
203.214 
205.305 
207.999 
210.398 
211.786 
211.895 
210.7 
208.42 
205.74 
203.595 
202.661 
203.146 
205.012 
207.977 
211.377 
214.414 
216.488 
217.477 
217.637 
217.141 
216.13 
214.953 
213.948 
213.285 
213.019 
213.152 
213.602 
214.208 
214.839 
215.41 
215.791 
215.834 
215.476 
214.719 
213.588 
212.141 
210.464 
208.659 
206.857 
205.232 
204.01 
203.388 
203.449 
204.235 
205.738 
207.722 
209.76 
211.399 
212.359 
212.615 
212.205 
211.244 
210.072 
209.12 
208.682 
208.846 
209.532 
210.475 
211.302 
211.753 
211.776 
211.39 
210.683 
209.988 
209.725 
210.069 
211.016 
212.507 
214.386 
216.422 
218.362 
219.982 
221.056 
221.377 
220.854 
219.494 
217.354 
214.603 
211.564 
208.71 
206.651 
205.929 
206.752 
209.056 
212.573 
216.797 
221.108 
224.938 
227.906 
229.872 
230.941 
231.315 
231.088 
230.417 
229.609 
228.835 
228.108 
227.427 
226.763 
226.043 
225.127 
223.866 
222.211 
220.277 
218.351 
216.863 
216.185 
216.447 
217.66 
219.67 
221.927 
223.669 
224.354 
223.816 
222.218 
220.108 
218.275 
217.278 
217.235 
218.105 
219.696 
221.504 
222.982 
223.841 
224.121 
224.127 
224.318 
225.172 
227.005 
229.828 
233.315 
236.916 
240.027 
242.023 
242.744 
242.682 
242.219 
241.61 
241.231 
241.181 
241.228 
240.919 
239.647 
237.093 
233.469 
229.438 
225.97 
223.84 
223.291 
224.312 
226.662 
229.668 
232.532 
234.708 
235.997 
236.555 
236.762 
236.989 
237.429 
238.067 
238.728 
239.214 
239.435 
239.461 
239.43 
239.401 
239.42 
239.59 
239.999 
240.683 
241.686 
243.076 
244.876 
247.021 
249.333 
251.514 
253.12 
253.709 
253.096 
251.328 
248.641 
245.5 
242.485 
240.081 
238.51 
237.683 
237.298 
237.062 
236.861 
236.745 
236.778 
237.136 
238.104 
239.752 
241.877 
244.172 
246.3 
247.979 
249.039 
249.514 
249.588 
249.372 
248.898 
248.201 
247.289 
246.153 
244.792 
243.27 
241.761 
240.623 
240.253 
240.821 
242.313 
244.64 
247.577 
250.771 
253.819 
256.388 
258.304 
259.564 
260.323 
260.85 
261.405 
262.126 
263.018 
263.845 
264.209 
263.89 
262.669 
260.24 
256.649 
252.438 
248.435 
245.482 
244.121 
244.508 
246.508 
249.657 
253.277 
256.725 
259.56 
261.6 
262.931 
263.825 
264.578 
265.387 
266.324 
267.335 
268.265 
268.876 
268.933 
268.338 
267.102 
265.29 
263.053 
260.624 
258.278 
256.299 
254.946 
254.32 
254.328 
254.891 
255.931 
257.289 
258.863 
260.684 
262.858 
265.435 
268.373 
271.541 
274.684 
277.454 
279.504 
280.632 
280.821 
280.098 
278.537 
276.351 
273.835 
271.284 
268.969 
267.107 
265.845 
265.248 
265.328 
265.985 
266.974 
268.045 
269.023 
269.796 
270.315 
270.6 
270.715 
270.724 
270.647 
270.482 
270.308 
270.28 
270.483 
270.953 
271.745 
272.863 
274.201 
275.517 
276.438 
276.608 
275.886 
274.302 
271.991 
269.226 
266.385 
263.884 
262.105 
261.225 
261.186 
261.917 
263.306 
265.062 
266.908 
268.751 
270.614 
272.561 
274.665 
276.952 
279.246 
281.047 
281.805 
281.287 
279.391 
276.179 
272.298 
268.757 
266.374 
265.543 
266.352 
268.564 
271.515 
274.401 
276.541 
277.585 
277.575 
276.617 
274.861 
272.62 
270.192 
267.819 
265.809 
264.574 
264.462 
265.59 
267.867 
270.926 
274.079 
276.502 
277.703 
277.711 
276.641 
274.746 
272.948 
272.34 
273.356 
275.893 
279.497 
283.312 
286.341 
287.993 
288.277 
287.323 
285.379 
283.048 
280.925 
279.294 
278.197 
277.515 
277.025 
276.525 
275.906 
275.131 
274.167 
272.96 
271.463 
269.669 
267.65 
265.601 
263.832 
262.681 
262.388 
263.029 
264.512 
266.532 
268.606 
270.231 
271.063 
271.001 
270.127 
268.743 
267.335 
266.395 
266.244 
266.975 
268.489 
270.44 
272.276 
273.491 
273.843 
273.293 
272.032 
270.679 
269.907 
269.977 
271.121 
273.621 
277.148 
280.799 
283.614 
284.94 
284.578 
282.57 
279.227 
275.956 
274.814 
276.766 
281.999 
290.714 
302.681 
316.985 
332.286 
347.405 
361.86 
376.043 
390.96 
407.509 
425.793 
444.885 
463.048 
478.417 
489.718 
496.553 
499.106 
497.591 
493.138 
488.069 
483.997 
481.414 
480.294 
480.55 
481.523 
481.905 
481.359 
480.397 
479.65 
479.565 
480.642 
483.547 
488.068 
493.19 
497.755 
500.736 
501.539 
500.013 
496.415 
491.573 
486.635 
482.579 
479.994 
479.11 
479.948 
482.217 
485.286 
488.542 
491.457 
493.489 
494.41 
494.389 
493.58 
492.165 
490.567 
489.174 
488.146 
487.539 
487.423 
487.845 
488.848 
490.5 
492.81 
495.601 
498.416 
500.634 
501.785 
501.721 
500.531 
498.589 
496.57 
495.129 
494.618 
495.116 
496.346 
497.531 
497.92 
497.269 
495.689 
493.612 
491.911 
491.493 
492.713 
495.509 
499.588 
504.374 
509.121 
513.089 
515.672 
516.76 
516.731 
515.832 
514.302 
512.798 
511.948 
511.962 
512.925 
514.846 
517.307 
519.631 
521.286 
522.01 
521.755 
520.826 
519.916 
519.54 
519.805 
520.707 
522.173 
523.964 
525.797 
527.478 
528.713 
529.082 
528.354 
526.442 
523.336 
519.33 
515.129 
511.791 
510.261 
510.915 
513.88 
518.983 
525.129 
530.699 
534.429 
535.716 
534.462 
531.295 
527.659 
524.828 
523.245 
522.793 
523.289 
524.335 
525.133 
525.166 
524.354 
522.892 
521.396 
520.523 
520.513 
521.423 
523.15 
525.121 
526.64 
527.367 
527.474 
527.411 
527.661 
528.803 
531.188 
534.678 
538.751 
542.682 
545.839 
547.922 
549.032 
549.596 
550.165 
551.165 
552.713 
554.557 
556.13 
556.872 
556.547 
555.01 
552.191 
548.598 
545.207 
543.074 
542.977 
545.172 
549.516 
555.519 
562.444 
569.561 
576.329 
582.465 
587.896 
592.642 
596.701 
599.955 
601.984 
602.214 
600.364 
596.513 
591.077 
584.885 
579.062 
574.747 
572.692 
573.116 
575.73 
579.634 
583.611 
586.573 
587.854 
587.262 
584.936 
581.328 
577.057 
572.666 
568.53 
564.863 
561.755 
559.185 
557.056 
555.263 
553.77 
552.763 
552.599 
553.458 
555.432 
558.703 
563.335 
569.136 
575.662 
582.292 
588.341 
593.205 
596.475 
598.155 
598.595 
598.006 
596.537 
594.568 
592.582 
591.01 
590.135 
590.037 
590.714 
592.091 
593.925 
595.9 
597.764 
599.399 
600.837 
602.227 
603.76 
605.578 
607.725 
610.136 
612.629 
614.907 
616.468 
616.754 
615.518 
612.804 
608.871 
604.244 
599.655 
596.149 
594.844 
596.242 
600.304 
606.656 
614.373 
621.948 
627.633 
630.42 
630.414 
627.893 
623.35 
618.056 
613.409 
610.299 
609.103 
609.867 
612.168 
615.116 
617.959 
620.283 
621.834 
622.504 
622.277 
621.281 
619.808 
618.136 
616.607 
615.681 
615.61 
616.6 
618.857 
622.231 
626.413 
631.058 
635.743 
640.117 
643.975 
647.242 
649.9 
651.914 
653.189 
653.618 
653.161 
651.837 
649.794 
647.44 
645.583 
645.108 
646.386 
649.392 
653.952 
659.655 
665.936 
672.255 
678.259 
683.817 
688.925 
693.607 
697.865 
701.58 
704.384 
705.853 
705.785 
704.153 
701.191 
697.693 
694.788 
693.316 
693.542 
695.446 
698.741 
702.68 
706.366 
708.907 
709.907 
709.794 
708.964 
707.855 
707.167 
707.188 
708.021 
709.871 
712.736 
716.464 
720.805 
725.418 
729.303 
730.864 
729.267 
723.913 
713.748 
698.525 
679.511 
659.092 
639.911 
623.93 
612.057 
604.331 
600.099 
598.206 
597.642 
598.055 
599.131 
600.426 
601.978 
603.962 
606.286 
608.333 
609.089 
608.038 
605.067 
600.114 
593.435 
585.74 
578.134 
571.919 
568.152 
566.842 
566.852 
567.16 
567.448 
567.5 
566.533 
563.641 
559.005 
553.732 
548.892 
545.149 
542.761 
541.72 
541.956 
543.156 
544.684 
546.057 
547.057 
547.551 
547.502 
546.838 
545.404 
543.112 
539.971 
536.052 
531.535 
526.705 
521.913 
517.495 
513.803 
511.243 
510.045 
510.532 
512.008 
512.487 
511.308 
508.901 
505.583 
501.827 
498.074 
494.702 
491.98 
490.02 
488.839 
488.418 
488.741 
489.739 
491.226 
492.955 
494.602 
495.713 
495.879 
494.95 
492.998 
490.31 
487.45 
485.112 
483.802 
483.661 
484.676 
486.674 
489.129 
491.368 
492.885 
493.433 
492.972 
491.709 
490.068 
488.346 
486.611 
484.856 
483.054 
481.174 
479.211 
477.254 
475.54 
474.367 
473.836 
473.801 
474.155 
474.785 
475.354 
475.503 
475.11 
474.2 
472.863 
471.263 
469.575 
467.923 
466.396 
465.089 
464.157 
463.756 
463.956 
464.826 
466.446 
468.649 
470.946 
472.706 
473.466 
473.079 
471.627 
469.733 
468.445 
468.321 
469.763 
473.097 
477.703 
482.463 
486.254 
488.181 
487.938 
485.493 
481.117 
475.839 
471.27 
468.743 
468.744 
471.386 
476.379 
482.311 
487.092 
489.171 
488.042 
483.619 
476.23 
467.326 
459.023 
453.097 
450.49 
451.428 
455.389 
460.93 
466.438 
470.667 
472.803 
472.058 
469.564 
468.711 
470.713 
475.055 
481.617 
489.976 
499.484 
509.553 
519.831 
530.297 
541.283 
553.298 
566.689 
581.45 
597.084 
612.522 
626.421 
637.68 
645.743 
650.674 
652.836 
652.429 
649.886 
646.072 
641.506 
636.36 
630.927 
625.708 
621.347 
618.45 
617.363 
618.188 
620.62 
623.732 
626.385 
627.883 
628.131 
627.206 
625.391 
623.536 
622.497 
622.566 
623.753 
625.724 
627.386 
628.007 
628.009 
627.396 
626.244 
625.939 
627.417 
630.696 
635.639 
641.714 
647.959 
653.302 
656.925 
658.441 
657.768 
655.128 
651.094 
646.24 
640.979 
635.716 
630.922 
627.123 
624.819 
624.35 
625.818 
629.134 
633.968 
639.744 
645.748 
651.246 
655.625 
658.506 
659.748 
659.339 
657.662 
655.634 
654.145 
653.719 
654.531 
656.504 
659.376 
662.728 
666.112 
669.13 
671.489 
673.018 
673.652 
673.38 
672.341 
670.891 
669.42 
668.258 
667.64 
667.641 
668.317 
669.736 
671.807 
674.289 
676.878 
679.231 
680.998 
681.905 
681.846 
680.775 
678.716 
676.001 
673.286 
671.403 
671.016 
672.344 
675.206 
678.892 
682.154 
683.853 
683.545 
681.065 
676.558 
671.227 
666.919 
664.969 
665.786 
669.018 
673.462 
677.279 
679.198 
679.147 
677.389 
674.453 
671.409 
669.064 
667.608 
666.785 
666.034 
664.807 
662.904 
661.01 
660.429 
661.838 
665.399 
671.197 
678.848 
687.354 
695.403 
701.861 
706.181 
708.525 
709.375 
708.987 
707.711 
706.143 
704.449 
702.423 
700.008 
697.477 
695.489 
694.691 
695.33 
697.581 
701.625 
707.096 
713.047 
718.303 
721.709 
722.99 
722.901 
721.962 
720.658 
719.874 
720.062 
721.581 
724.899 
729.793 
735.699 
742.259 
749.198 
756.233 
763.015 
769.095 
773.942 
777.07 
778.446 
778.482 
777.426 
775.509 
773.319 
771.453 
770.218 
769.715 
769.947 
770.76 
771.861 
773.082 
774.409 
775.826 
777.219 
778.331 
778.875 
778.708 
777.752 
776.031 
773.974 
772.44 
772.245 
773.697 
776.714 
780.959 
785.809 
790.553 
794.671 
797.947 
800.376 
802.074 
803.212 
803.916 
804.224 
804.13 
803.668 
803.13 
802.959 
803.366 
804.387 
806.051 
808.294 
810.948 
813.849 
816.918 
820.151 
823.539 
826.94 
829.988 
832.107 
832.785 
831.844 
829.414 
826.027 
822.669 
820.474 
820.216 
822.125 
825.935 
830.774 
835.403 
838.753 
840.242 
839.728 
837.661 
835.464 
834.683 
835.887 
839.016 
843.722 
849.259 
854.67 
859.141 
862.269 
864.145 
865.207 
865.879 
866.312 
866.513 
866.544 
866.448 
866.456 
867.584 
871.203 
877.722 
885.98 
893.313 
896.966 
895.715 
887.268 
867.808 
836.998 
798.465 
757.081 
717.803 
684.855 
661.191 
648.054 
643.405 
642.97 
644.528 
647.211 
649.295 
649.531 
647.652 
643.818 
638.485 
632.137 
625.032 
617.276 
609.072 
600.961 
593.85 
588.795 
586.55 
587.349 
590.887 
596.176 
601.764 
606.171 
608.361 
608.008 
605.01 
599.432 
592.067 
584.326 
577.779 
573.731 
572.84 
575.247 
580.604 
587.756 
595.009 
600.727 
603.986 
604.741 
603.16 
599.588 
594.807 
589.519 
583.966 
578.136 
571.98 
565.46 
558.701 
552.164 
546.498 
542.221 
539.522 
538.342 
538.849 
540.306 
540.827 
539.783 
537.469 
533.978 
529.623 
524.909 
520.279 
515.862 
511.373 
506.204 
499.708 
491.511 
481.634 
470.548 
459.231 
449.029 
441.236 
436.598 
434.86 
434.75 
435.028 
435.276 
434.961 
432.994 
428.806 
422.644 
415.178 
407.243 
399.573 
392.669 
386.789 
381.992 
378.179 
375.096 
372.354 
369.467 
365.926 
361.32 
355.449 
348.369 
340.411 
332.153 
324.27 
317.305 
311.492 
306.704 
302.491 
298.235 
293.384 
287.636 
281.004 
273.787 
266.461 
259.485 
253.133 
247.46 
242.307 
237.356 
232.266 
226.803 
220.903 
214.672 
208.362 
202.273 
196.655 
191.642 
187.253 
183.401 
179.917 
176.589 
173.218 
169.635 
165.716 
161.381 
156.592 
151.36 
145.756 
139.932 
134.108 
128.526 
123.377 
118.753 
114.623 
110.85 
107.248 
103.671 
100.078 
96.5634 
93.3231 
90.5531 
88.319 
86.499 
84.8038 
82.8583 
80.3408 
77.1022 
73.2083 
68.928 
64.6842 
60.9581 
58.0396 
56.2496 
55.7531 
56.0012 
56.4041 
56.6681 
56.4577 
55.6763 
54.6961 
53.8329 
53.1495 
52.6186 
52.081 
51.3309 
50.2257 
48.7493 
47.0268 
45.2863 
43.7505 
42.5402 
41.6578 
41.0016 
40.4037 
39.7131 
38.8663 
37.9057 
36.9451 
36.0898 
35.3731 
34.7395 
34.0688 
33.2485 
32.2475 
31.1428 
30.0938 
29.2642 
28.745 
28.5566 
28.6941 
29.0478 
29.3755 
29.5089 
29.4169 
29.091 
28.5356 
27.8124 
27.0085 
26.1788 
25.3378 
24.4817 
23.6035 
22.7058 
21.7879 
21.0701 
20.856 
21.0441 
21.3442 
21.5301 
21.2257 
20.1702 
18.6107 
16.8224 
14.9224 
13.0882 
11.4972 
10.2912 
9.53458 
9.19882 
9.14036 
9.17129 
9.20138 
9.16583 
8.94227 
8.46189 
7.75363 
6.91124 
6.06365 
5.31723 
4.71914 
4.26704 
3.92552 
3.64184 
3.36918 
3.07702 
2.74817 
2.37636 
1.96646 
1.53551 
1.11215 
0.730742 
0.42114 
0.200145 
0.0685472 
0.0112596 
0 
0 
0 
0 
0 
0 
0 
0 
0 
0 
0 
0 
0 
0 
0 
0 
0 
0 
0 
0 
0 
0 
0 
0 
0 
0 
0 
0 
0 
0 
0 
0 
0 
0 
0 
0 
0 
0 
0 
0 
0 
0 
0 
0 
0 
0 
0 
0 
0 
0 
0 
0 
0 
0 
0 
0 
0 
0 
0 
0 
0 
0 
0 
0 
0 
0 
0 
0 
0 
0 
0 
0 
0 
0 
0 
0 
0 
0 
0 
0 
0 
0 
0 
0 
0 
0 
0 
0 
0 
0 
0 
0 
0 
0 
0 
0 
0 
0 
0 
0 
0 
0 
0 
0 
0 
0 
0 
0 
0 
0 
0 
0 
0 
0 
0 
0 
0 
0 
0 
0 
0 
0 
0 
0 
0 
0 
0 
0 
0 
0 
0 
0 
0 
0 
0 
0 
0 
0 
0 
0 
0 
0 
0 
0 
0 
0 
0 
0 
0 
0 
0 
0 
0 
0 
0 
0 
0 
0 
0 
0 
0 
0 
0 
0 
0 
0 
0 
0 
0 
0 
0 
0 
0 
0 
0 
0 
0 
0 
0 
0 
0 
0 
0 
0 
0 
0 
0 
0 
0 
0 
0 
0 
0 
0 
0 
0 
0 
0 
0 
0 
0 
0 
0 
0 
0 
0 
0 
0 
0 
0 
0 
0 
0 
0 
0 
0 
0 
0 
0 
0 
0 
0 
0 
0 
0 
0 
0 
0 
0 
0 
0 
0 
0 
0 
0 
0 
0 
0 
0 
0 
0 
0 
0 
0 
0 
0 
0 
0 
0 
0 
0 
0 
0 
0 
0 
0 
0 
0 
0 
0 
0 
0 
0 
0 
0 
0 
0 
0 
0 
0 
0 
0 
0 
0 
0 
0 
0 
0 
0 
0 
0 
0 
0 
0 
0 
0 
0 
0 
0 
0 
0 
0 
0 
0 
0 
0 
0 
0 
0 
0 
0 
0 
0 
0 
0 
0 
0 
0 
0 
0 
0 
0 
0 
0 
0 
0 
0 
0 
0 
0 
0 
0 
0 
0 
0 
0 
0 
0 
0 
0 
0 
0 
0 
0 
0 
0 
0 
0 
0 
0 
0 
0 
0 
0 
0 
0 
0 
0 
0 
0 
0 
0 
0 
0 
0 
0 
0 
0 
0 
0 
0 
0 
0 
0 
0 
0 
0 
0 
0 
0 
0 
0 
0 
0 
0 
0 
0 
0 
0 
0 
0 
0 
0 
0 
0 
0 
0 
0 
0 
0 
0 
0 
0 
0 
0 
0 
0 
0 
0 
0 
0 
0 
0 
0 
0 
0 
0 
0 
0 
0 
0 
0 
0 
0 
0 
0 
0 
0 
0 
0 
0 
0 
0 
0 
0 
0 
0 
0 
0 
0 
0 
0 
0 
0 
0 
0 
0 
0 
0 
0 
0 
0 
0 
0 
0 
0 
0 
0 
0 
0 
0 
0 
0 
0 
0 
0 
0 
0 
0 
0 
0 
0 
0 
0 
0 
0 
0 
0 
0 
0 
0 
0 
0 
0 
0 
0 
0 
0 
0 
0 
0 
0 
0 
0 
0 
0 
0 
0 
0 
0 
0 
0 
0 
0 
0 
0 
0 
0 
0 
0 
0 
0 
0 
0 
0 
0 
0 
0 
0 
0 
0 
0 
0 
0 
0 
0 
0 
0 
0 
0 
0 
0 
0 
0 
0 
0 
0 
0 
0 
0 
0 
0 
0 
0 
0 
0 
0 
0 
0 
0 
0 
0 
0 
0 
0 
0 
0 
0 
0 
0 
0 
0 
0 
0 
0 
0 
0 
0 
0 
0 
0 
0 
0 
0 
0 
0 
0 
0 
0 
0 
0 
0 
0 
0 
0 
0 
0 
0 
0 
0 
0 
0 
0 
0 
0 
0 
0 
0 
0 
0 
0 
0 
0 
0 
0 
0 
0 
0 
0 
0 
0 
0 
0 
0 
0 
0 
0 
0 
0 
0 
0 
0 
0 
0 
0 
0 
0 
0 
0 
0 
0 
0 
0 
0 
0 
0 
0 
0 
0 
0 
0 
0 
0 
0 
0 
0 
0 
0 
0 
0 
0 
0 
0 
0 
0 
0 
0 
0 
0 
0 
0 
0 
0 
0 
0 
0 
0 
0 
0 
0 
0 
0 
0 
0 
0 
0 
0 
0 
0 
0 
0 
0 
0 
0 
0 
0 
0 
0 
0 
0 
0 
0 
0 
0 
0 
0 
0 
0 
0 
0 
0 
0 
0 
0 
0 
0 
0 
0 
0 
0 
0 
0 
0 
0 
0 
0 
0 
0 
0 
0 
0 
0 
0 
0 
0 
0 
0 
0 
0 
0 
0 
0 
0 
0 
0 
0 
0 
0 
0 
0 
0 
0 
0 
0 
0 
0 
0 
0 
0 
0 
0 
0 
0 
0 
0 
0 
0 
0 
0 
0 
0 
0 
0 
0 
0 
0 
0 
0 
0 
0 
0 
0 
0 
0 
0 
0 
0 
0 
0 
0 
0 
0 
0 
0 
0 
0 
0 
0 
0 
0 
0 
0 
0 
0 
0 
0 
0 
0 
0 
0 
0 
0 
0 
0 
0 
0 
0 
0 
0 
0 
0 
0 
0 
0 
0 
0 
0 
0 
0 
0 
0 
0 
0 
0 
0 
0 
0 
0 
0 
0 
0 
0 
0 
0 
0 
0 
0 
0 
0 
0 
0 
0 
0 
0 
0 
0 
0 
0 
0 
0 
0 
0 
0 
0 
0 
0 
0 
0 
0 
0 
0 
0 
0 
0 
0 
0 
0 
0 
0 
0 
0 
0 
0 
0 
0 
0 
0 
0 
0 
0 
0 
0 
0 
0 
0 
0 
0 
0 
0 
0 
0 
0 
0 
0 
0 
0 
0 
0 
0 
0 
0 
0 
0 
0 
0 
0 
0 
0 
0 
0 
0 
0 
0 
0 
0 
0 
0 
0 
0 
0 
0 
0 
0 
0 
0 
0 
0 
0 
0 
0 
0 
0 
0 
0 
0 
0 
0 
0 
0 
0 
0 
0 
0 
0 
0 
0 
0 
0 
0 
0 
0 
0 
0 
0 
0 
0 
0 
0 
0 
0 
0 
0 
0 
0 
0 
0 
0 
0 
0 
0 
0 
0 
0 
0 
0 
0 
0 
0 
0 
0 
0 
0 
0 
0 
0 
0 
0 
0 
0 
0 
0 
0 
0 
0 
0 
0 
0 
0 
0 
0 
0 
0 
0 
0 
0 
0 
0 
0 
0 
0 
0 
0 
0 
0 
0 
0 
0 
0 
0 
0 
0 
0 
0 
0 
0 
0 
0 
0 
0 
0 
0 
0 
0 
0 
0 
0 
0 
0 
0 
0 
0 
0 
0 
0 
0 
0 
0 
0 
0 
0 
0 
0 
0 
0 
0 
0 
0 
0 
0 
0 
0 
0 
0 
0 
0 
0 
0 
0 
0 
0 
0 
0 
0 
0 
0 
0 
0 
0 
0 
0 
0 
0 
0 
0 
0 
0 
0 
0 
0 
0 
0 
0 
0 
0 
0 
0 
0 
0 
0 
0 
0 
0 
0 
0 
0 
0 
0 
0 
0 
0 
0 
0 
0 
0 
0 
0 
0 
0 
0 
0 
0 
0 
0 
0 
0 
0 
0 
0 
0 
0 
0 
0 
0 
0 
0 
0 
0 
0 
0 
0 
0 
0 
0 
0 
0 
0 
0 
0 
0 
0 
0 
0 
0 
0 
0 
0 
0 
0 
0 
0 
0 
0 
0 
0 
0 
0 
0 
0 
0 
0 
0 
0 
0 
0 
0 
0 
0 
0 
0 
0 
0 
0 
0 
0 
0 
0 
0 
0 
0 
0 
0 
0 
0 
0 
0 
0 
0 
0 
0 
0 
0 
0 
0 
0 
0 
0 
0 
0 
0 
0 
0 
0 
0 
0 
0 
0 
0 
0 
0 
0 
0 
0 
0 
0 
0 
0 
0 
0 
0 
0 
0 
0 
0 
0 
0 
0 
0 
0 
0 
0 
0 
0 
0 
0 
0 
0 
0 
0 
0 
0 
0 
0 
0 
0 
0 
0 
0 
0 
0 
0 
0 
0 
0 
0 
0 
0 
0 
0 
0 
0 
0 
0 
0 
0 
0 
0 
0 
0 
0 
0 
0 
0 
0 
0 
0 
0 
0 
0 
0 
0 
0 
0 
0 
0 
0 
0 
0 
0 
0 
0 
0 
0 
0 
0 
0 
0 
0 
0 
0 
0 
0 
0 
0 
0 
0 
0 
0 
0 
0 
0 
0 
0 
0 
0 
0 
0 
0 
0 
0 
0 
0 
0 
0 
0 
0 
0 
0 
0 
0 
0 
0 
0 
0 
0 
0 
0 
0 
0 
0 
0 
0 
0 
0 
0 
0 
0 
0 
0 
0 
0 
0 
0 
0 
0 
0 
0 
0 
0 
0 
0 
0 
0 
0 
0 
0 
0 
0 
0 
0 
0 
0 
0 
0 
0 
0 
0 
0 
0 
0 
0 
0 
0 
0 
0 
0 
0 
0 
0 
0 
0 
0 
0 
0 
0 
0 
0 
0 
0 
0 
0 
0 
0 
0 
0 
0 
0 
0 
0 
0 
0 
0 
0 
0 
0 
0 
0 
0 
0 
0 
0 
0 
0 
0 
0 
0 
0 
0 
0 
0 
0 
0 
0 
0 
0 
0 
0 
0 
0 
0 
0 
0 
0 
0 
0 
0 
0 
0 
0 
0 
0 
0 
0 
0 
0 
0 
0 
0 
0 
0 
0 
0 
0 
0 
0 
0 
0 
0 
0 
0 
0 
0 
0 
0 
0 
0 
0 
0 
0 
0 
0 
0 
0 
0 
0 
0 
0 
0 
0 
0 
0 
0 
0 
0 
0 
0 
0 
0 
0 
0 
0 
0 
0 
0 
0 
0 
0 
0 
0 
0 
0 
0 
0 
0 
0 
0 
0 
0 
0 
0 
0 
0 
0 
0 
0 
0 
0 
0 
0 
0 
0 
0 
0 
0 
0 
0 
0 
0 
0 
0 
0 
0 
0 
0 
0 
0 
0 
0 
0 
0 
0 
0 
0 
0 
0 
0 
0 
0 
0 
0 
0 
0 
0 
0 
0 
0 
0 
0 
0 
0 
0 
0 
0 
0 
0 
0 
0 
0 
0 
0 
0 
0 
0 
0 
0 
0 
0 
0 
0 
0 
0 
0 
0 
0 
0 
0 
0 
0 
0 
0 
0 
0 
0 
0 
0 
0 
0 
0 
0 
0 
0 
0 
0 
0 
0 
0 
0 
0 
0 
0 
0 
0 
0 
0 
0 
0 
0 
0 
0 
0 
0 
0 
0 
0 
0 
0 
0 
0 
0 
0 
0 
0 
0 
0 
0 
0 
0 
0 
0 
0 
0 
0 
0 
0 
0 
0 
0 
0 
0 
0 
0 
0 
0 
0 
0 
0 
0 
0 
0 
0 
0 
0 
0 
0 
0 
0 
0 
0 
0 
0 
0 
0 
0 
0 
0 
0 
0 
0 
0 
0 
0 
0 
0 
0 
0 
0 
0 
0 
0 
0 
0 
0 
0 
0 
0 
0 
0 
0 
0 
0 
0 
0 
0 
0 
0 
0 
0 
0 
0 
0 
0 
0 
0 
0 
0 
0 
0 
0 
0 
0 
0 
0 
0 
0 
0 
0 
0 
0 
0 
0 
0 
0 
0 
0 
0 
0 
0 
0 
0 
0 
0 
0 
0 
0 
0 
0 
0 
0 
0 
0 
0 
0 
0 
0 
0 
0 
0 
0 
0 
0 
0 
0 
0 
0 
0 
0 
0 
0 
0 
0 
0 
0 
0 
0 
0 
0 
0 
0 
0 
0 
0 
0 
0 
0 
0 
0 
0 
0 
0 
0 
0 
0 
0 
0 
0 
0 
0 
0 
0 
0 
0 
0 
0 
0 
0 
0 
0 
0 
0 
0 
0 
0 
0 
0 
0 
0 
0 
0 
0 
0 
0 
0 
0 
0 
0 
0 
0 
0 
0 
0 
0 
0 
0 
0 
0 
0 
0 
0 
0 
0 
0 
0 
0 
0 
0 
0 
0 
0 
0 
0 
0 
0 
0 
0 
0 
0 
0 
0 
0 
0 
0 
0 
0 
0 
0 
0 
0 
0 
0 
0 
0 
0 
0 
0 
0 
0 
0 
0 
0 
0 
0 
0 
0 
0 
0 
0 
0 
0 
0 
0 
0 
0 
0 
0 
0 
0 
0 
0 
0 
0 
0 
0 
0 
0 
0 
0 
0 
0 
0 
0 
0 
0 
0 
0 
0 
0 
0 
0 
0 
0 
0 
0 
0 
0 
0 
0 
0 
0 
0 
0 
0 
0 
0 
0 
0 
0 
0 
0 
0 
0 
0 
0 
0 
0 
0 
0 
0 
0 
0 
0 
0 
0 
0 
0 
0 
0 
0 
0 
0 
0 
0 
0 
0 
0 
0 
0 
0 
0 
0 
0 
0 
0 
0 
0 
0 
0 
0 
0 
0 
0 
0 
0 
0 
0 
0 
0 
0 
0 
0 
0 
0 
0 
0 
0 
0 
0 
0 
0 
0 
0 
0 
0 
0 
0 
0 
0 
0 
0 
0 
0 
0 
0 
0 
0 
0 
0 
0 
0 
0 
0 
0 
0 
0 
0 
0 
0 
0 
0 
0 
0 
0 
0 
0 
0 
0 
0 
0 
0 
0 
0 
0 
0 
0 
0 
0 
0 
0 
0 
0 
0 
0 
0 
0 
0 
0 
0 
0 
0 
0 
0 
0 
0 
0 
0 
0 
0 
0 
0 
0 
0 
0 
0 
0 
0 
0 
0 
0 
0 
0 
0 
0 
0 
0 
0 
0 
0 
0 
0 
0 
0 
0 
0 
0 
0 
0 
0 
0 
0 
0 
0 
0 
0 
0 
0 
0 
0 
0 
0 
0 
0 
0 
0 
0 
0 
0 
0 
0 
0 
0 
0 
0 
0 
0 
0 
0 
0 
0 
0 
0 
0 
0 
0 
0 
0 
0 
0 
0 
0 
0 
0 
0 
0 
0 
0 
0 
0 
0 
0 
0 
0 
0 
0 
0 
0 
0 
0 
0 
0 
0 
0 
0 
0 
0 
0 
0 
0 
0 
0 
0 
0 
0 
0 
0 
0 
0 
0 
0 
0 
0 
0 
0 
0 
0 
0 
0 
0 
0 
0 
0 
0 
0 
0 
0 
0 
0 
0 
0 
0 
0 
0 
0 
0 
0 
0 
0 
0 
0 
0 
0 
0 
0 
0 
0 
0 
0 
0 
0 
0 
0 
0 
0 
0 
0 
0 
0 
0 
0 
0 
0 
0 
0 
0 
0 
0 
0 
0 
0 
0 
0 
0 
0 
0 
0 
0 
0 
0 
0 
0 
0 
0 
0 
0 
0 
0 
0 
0 
0 
0 
0 
0 
0 
0 
0 
0 
0 
0 
0 
0 
0 
0 
0 
0 
0 
0 
0 
0 
0 
0 
0 
0 
0 
0 
0 
0 
0 
0 
0 
0 
0 
0 
0 
0 
0 
0 
0 
0 
0 
0 
0 
0 
0 
0 
0 
0 
0 
0 
0 
0 
0 
0 
0 
0 
0 
0 
0 
0 
0 
0 
0 
0 
0 
0 
0 
0 
0 
0 
0 
0 
0 
0 
0 
0 
0 
0 
0 
0 
0 
0 
0 
0 
0 
0 
0 
0 
0 
0 
0 
0 
0 
0 
0 
0 
0 
0 
0 
0 
0 
0 
0 
0 
0 
0 
0 
0 
0 
0 
0 
0 
0 
0 
0 
0 
0 
0 
0 
0 
0 
0 
0 
0 
0 
0 
0 
0 
0 
0 
0 
0 
0 
0 
0 
0 
0 
0 
0 
0 
0 
0 
0 
0 
0 
0 
0 
0 
0 
0 
0 
0 
0 
0 
0 
0 
0 
0 
0 
0 
0 
0 
0 
0 
0 
0 
0 
0 
0 
0 
0 
0 
0 
0 
0 
0 
0 
0 
0 
0 
0 
0 
0 
0 
0 
0 
0 
0 
0 
0 
0 
0 
0 
0 
0 
0 
0 
0 
0 
0 
0 
0 
0 
0 
0 
0 
0 
0 
0 
0 
0 
0 
0 
0 
0 
0 
0 
0 
0 
0 
0 
0 
0 
0 
0 
0 
0 
0 
0 
0 
0 
0 
0 
0 
0 
0 
0 
0 
0 
0 
0 
0 
0 
0 
0 
0 
0 
0 
0 
0 
0 
0 
0 
0 
0 
0 
0 
0 
0 
0 
0 
0 
0 
0 
0 
0 
0 
0 
0 
0 
0 
0 
0 
0 
0 
0 
0 
0 
0 
0 
0 
0 
0 
0 
0 
0 
0 
0 
0 
0 
0 
0 
0 
0 
0 
0 
0 
0 
0 
0 
0 
0 
0 
0 
0 
0 
0 
0 
0 
0 
0 
0 
0 
0 
0 
0 
0 
0 
0 
0 
0 
0 
0 
0 
0 
0 
0 
0 
0 
0 
0 
0 
0 
0 
0 
0 
0 
0 
0 
0 
0 
0 
0 
0 
0 
0 
0 
0 
0 
0 
0 
0 
0 
0 
0 
0 
0 
0 
0 
0 
0 
0 
0 
0 
0 
0 
0 
0 
0 
0 
0 
0 
0 
0 
0 
0 
0 
0 
0 
0 
0 
0 
0 
0 
0 
0 
0 
0 
0 
0 
0 
0 
0 
0 
0 
0 
0 
0 
0 
0 
0 
0 
0 
0 
0 
0 
0 
0 
0 
0 
0 
0 
0 
0 
0 
0 
0 
0 
0 
0 
0 
0 
0 
0 
0 
0 
0 
0 
0 
0 
0 
0 
0 
0 
0 
0 
0 
0 
0 
0 
0 
0 
0 
0 
0 
0 
0 
0 
0 
0 
0 
0 
0 
0 
0 
0 
0 
0 
0 
0 
0 
0 
0 
0 
0 
0 
0 
0 
0 
0 
0 
0 
0 
0 
0 
0 
0 
0 
0 
0 
0 
0 
0 
0 
0 
0 
0 
0 
0 
0 
0 
0 
0 
0 
0 
0 
0 
0 
0 
0 
0 
0 
0 
0 
0 
0 
0 
0 
0 
0 
0 
0 
0 
0 
0 
0 
0 
0 
0 
0 
0 
0 
0 
0 
0 
0 
0 
0 
0 
0 
0 
0 
0 
0 
0 
0 
0 
0 
0 
0 
0 
0 
0 
0 
0 
0 
0 
0 
0 
0 
0 
0 
0 
0 
0 
0 
0 
0 
0 
0 
0 
0 
0 
0 
0 
0 
0 
0 
0 
0 
0 
0 
0 
0 
0 
0 
0 
0 
0 
0 
0 
0 
0 
0 
0 
0 
0 
0 
0 
0 
0 
0 
0 
0 
0 
0 
0 
0 
0 
0 
0 
0 
0 
0 
0 
0 
0 
0 
0 
0 
0 
0 
0 
0 
0 
0 
0 
0 
0 
0 
0 
0 
0 
0 
0 
0 
0 
0 
0 
0 
0 
0 
0 
0 
0 
0 
0 
0 
0 
0 
0 
0 
0 
0 
0 
0 
0 
0 
0 
0 
0 
0 
0 
0 
0 
0 
0 
0 
0 
0 
0 
0 
0 
0 
0 
0 
0 
0 
0 
0 
0 
0 
0 
0 
0 
0 
0 
0 
0 
0 
0 
0 
0 
0 
0 
0 
0 
0 
0 
0 
0 
0 
0 
0 
0 
0 
0 
0 
0 
0 
0 
0 
0 
0 
0 
0 
0 
0 
0 
0 
0 
0 
0 
0 
0 
0 
0 
0 
0 
0 
0 
0 
0 
0 
0 
0 
0 
0 
0 
0 
0 
0 
0 
0 
0 
0 
0 
0 
0 
0 
0 
0 
0 
0 
0 
0 
0 
0 
0 
0 
0 
0 
0 
0 
0 
0 
0 
0 
0 
0 
0 
0 
0 
0 
0 
0 
0 
0 
0 
0 
0 
0 
0 
0 
0 
0 
0 
0 
0 
0 
0 
0 
0 
0 
0 
0 
0 
0 
0 
0 
0 
0 
0 
0 
0 
0 
0 
0 
0 
0 
0 
0 
0 
0 
0 
0 
0 
0 
0 
0 
0 
0 
0 
0 
0 
0 
0 
0 
0 
0 
0 
0 
0 
0 
0 
0 
0 
0 
0 
0 
0 
0 
0 
0 
0 
0 
0 
0 
0 
0 
0 
0 
0 
0 
0 
0 
0 
0 
0 
0 
0 
0 
0 
0 
0 
0 
0 
0 
0 
0 
0 
0 
0 
0 
0 
0 
0 
0 
0 
0 
0 
0 
0 
0 
0 
0 
0 
0 
0 
0 
0 
0 
0 
0 
0 
0 
0 
0 
0 
0 
0 
0 
0 
0 
0 
0 
0 
0 
0 
0 
0 
0 
0 
0 
0 
0 
0 
0 
0 
0 
0 
0 
0 
0 
0 
0 
0 
0 
0 
0 
0 
0 
0 
0 
0 
0 
0 
0 
0 
0 
0 
0 
0 
0 
0 
0 
0 
0 
0 
0 
0 
0 
0 
0 
0 
0 
0 
0 
0 
0 
0 
0 
0 
0 
0 
0 
0 
0 
0 
0 
0 
0 
0 
0 
0 
0 
0 
0 
0 
0 
0 
0 
0 
0 
0 
0 
0 
0 
0 
0 
0 
0 
0 
0 
0 
0 
0 
0 
0 
0 
0 
0 
0 
0 
0 
0 
0 
0 
0 
0 
0 
0 
0 
0 
0 
0 
0 
0 
0 
0 
0 
0 
0 
0 
0 
0 
0 
0 
0 
0 
0 
0 
0 
0 
0 
0 
0 
0 
0 
0 
0 
0 
0 
0 
0 
0 
0 
0 
0 
0 
0 
0 
0 
0 
0 
0 
0 
0 
0 
0 
0 
0 
0 
0 
0 
0 
0 
0 
0 
0 
0 
0 
0 
0 
0 
0 
0 
0 
0 
0 
0 
0 
0 
0 
0 
0 
0 
0 
0 
0 
0 
0 
0 
0 
0 
0 
0 
0 
0 
0 
0 
0 
0 
0 
0 
0 
0 
0 
0 
0 
0 
0 
0 
0 
0 
0 
0 
0 
0 
0 
0 
0 
0 
0 
0 
0 
0 
0 
0 
0 
0 
0 
0 
0 
0 
0 
0 
0 
0 
0 
0 
0 
0 
0 
0 
0 
0 
0 
0 
0 
0 
0 
0 
0 
0 
0 
0 
0 
0 
0 
0 
0 
0 
0 
0 
0 
0 
0 
0 
0 
0 
0 
0 
0 
0 
0 
0 
0 
0 
0 
0 
0 
0 
0 
0 
0 
0 
0 
0 
0 
0 
0 
0 
0 
0 
0 
0 
0 
0 
0 
0 
0 
0 
0 
0 
0 
0 
0 
0 
0 
0 
0 
0 
0 
0 
0 
0 
0 
0 
0 
0 
0 
0 
0 
0 
0 
0 
0 
0 
0 
0 
0 
0 
0 
0 
0 
0 
0 
0 
0 
0 
0 
0 
0 
0 
0 
0 
0 
0 
0 
0 
0 
0 
0 
0 
0 
0 
0 
0 
0 
0 
0 
0 
0 
0 
0 
0 
0 
0 
0 
0 
0 
0 
0 
0 
0 
0 
0 
0 
0 
0 
0 
0 
0 
0 
0 
0 
0 
0 
0 
0 
0 
0 
0 
0 
0 
0 
0 
0 
0 
0 
0 
0 
0 
0 
0 
0 
0 
0 
0 
0 
0 
0 
0 
0 
0 
0 
0 
0 
0 
0 
0 
0 
0 
0 
0 
0 
0 
0 
0 
0 
0 
0 
0 
0 
0 
0 
0 
0 
0 
0 
0 
0 
0 
0 
0 
0 
0 
0 
0 
0 
0 
0 
0 
0 
0 
0 
0 
0 
0 
0 
0 
0 
0 
0 
0 
0 
0 
0 
0 
0 
0 
0 
0 
0 
0 
0 
0 
0 
0 
0 
0 
0 
0 
0 
0 
0 
0 
0 
0 
0 
0 
0 
0 
0 
0 
0 
0 
0 
0 
0 
0 
0 
0 
0 
0 
0 
0 
0 
0 
0 
0 
0 
0 
0 
0 
0 
0 
0 
0 
0 
0 
0 
0 
0 
0 
0 
0 
0 
0 
0 
0 
0 
0 
0 
0 
0 
0 
0 
0 
0 
0 
0 
0 
0 
0 
0 
0 
0 
0 
0 
0 
0 
0 
0 
0 
0 
0 
0 
0 
0 
0 
0 
0 
0 
0 
0 
0 
0 
0 
0 
0 
0 
0 
0 
0 
0 
0 
0 
0 
0 
0 
0 
0 
0 
0 
0 
0 
0 
0 
0 
0 
0 
0 
0 
0 
0 
0 
0 
0 
0 
0 
0 
0 
0 
0 
0 
0 
0 
0 
0 
0 
0 
0 
0 
0 
0 
0 
0 
0 
0 
0 
0 
0 
0 
0 
0 
0 
0 
0 
0 
0 
0 
0 
0 
0 
0 
0 
0 
0 
0 
0 
0 
0 
0 
0 
0 
0 
0 
0 
0 
0 
0 
0 
0 
0 
0 
0 
0 
0 
0 
0 
0 
0 
0 
0 
0 
0 
0 
0 
0 
0 
0 
0 
0 
0 
0 
0 
0 
0 
0 
0 
0 
0 
0 
0 
0 
0 
0 
0 
0 
0 
0 
0 
0 
0 
0 
0 
0 
0 
0 
0 
0 
0 
0 
0 
0 
0 
0 
0 
0 
0 
0 
0 
0 
0 
0 
0 
0 
0 
0 
0 
0 
0 
0 
0 
0 
0 
0 
0 
0 
0 
0 
0 
0 
0 
0 
0 
0 
0 
0 
0 
0 
0 
0 
0 
0 
0 
0 
0 
0 
0 
0 
0 
0 
0 
0 
0 
0 
0 
0 
0 
0 
0 
0 
0 
0 
0 
0 
0 
0 
0 
0 
0 
0 
0 
0 
0 
0 
0 
0 
0 
0 
0 
0 
0 
0 
0 
0 
0 
0 
0 
0 
0 
0 
0 
0 
0 
0 
0 
0 
0 
0 
0 
0 
0 
0 
0 
0 
0 
0 
0 
0 
0 
0 
0 
0 
0 
0 
0 
0 
0 
0 
0 
0 
0 
0 
0 
0 
0 
0 
0 
0 
0 
0 
0 
0 
0 
0 
0 
0 
0 
0 
0 
0 
0 
0 
0 
0 
0 
0 
0 
0 
0 
0 
0 
0 
0 
0 
0 
0 
0 
0 
0 
0 
0 
0 
0 
0 
0 
0 
0 
0 
0 
0 
0 
0 
0 
0 
0 
0 
0 
0 
0 
0 
0 
0 
0 
0 
0 
0 
0 
0 
0 
0 
0 
0 
0 
0 
0 
0 
0 
0 
0 
0 
0 
0 
0 
0 
0 
0 
0 
0 
0 
0 
0 
0 
0 
0 
0 
0 
0 
0 
0 
0 
0 
0 
0 
0 
0 
0 
0 
0 
0 
0 
0 
0 
0 
0 
0 
0 
0 
0 
0 
0 
0 
0 
0 
0 
0 
0 
0 
0 
0 
0 
0 
0 
0 
0 
0 
0 
0 
0 
0 
0 
0 
0 
0 
0 
0 
0 
0 
0 
0 
0 
0 
0 
0 
0 
0 
0 
0 
0 
0 
0 
0 
0 
0 
0 
0 
0 
0 
0 
0 
0 
0 
0 
0 
0 
0 
0 
0 
0 
0 
0 
0 
0 
0 
0 
0 
0 
0 
0 
0 
0 
0 
0 
0 
0 
0 
0 
0 
0 
0 
0 
0 
0 
0 
0 
0 
0 
0 
0 
0 
0 
0 
0 
0 
0 
0 
0 
0 
0 
0 
0 
0 
0 
0 
0 
0 
0 
0 
0 
0 
0 
0 
0 
0 
0 
0 
0 
0 
0 
0 
0 
0 
0 
0 
0 
0 
0 
0 
0 
0 
0 
0 
0 
0 
0 
0 
0 
0 
0 
0 
0 
0 
0 
0 
0 
0 
0 
0 
0 
0 
0 
0 
0 
0 
0 
0 
0 
0 
0 
0 
0 
0 
0 
0 
0 
0 
0 
0 
0 
0 
0 
0 
0 
0 
0 
0 
0 
0 
0 
0 
0 
0 
0 
0 
0 
0 
0 
0 
0 
0 
0 
0 
0 
0 
0 
0 
0 
0 
0 
0 
0 
0 
0 
0 
0 
0 
0 
0 
0 
0 
0 
0 
0 
0 
0 
0 
0 
0 
0 
0 
0 
0 
0 
0 
0 
0 
0 
0 
0 
0 
0 
0 
0 
0 
0 
0 
0 
0 
0 
0 
0 
0 
0 
0 
0 
0 
0 
0 
0 
0 
0 
0 
0 
0 
0 
0 
0 
0 
0 
0 
0 
0 
0 
0 
0 
0 
0 
0 
0 
0 
0 
0 
0 
0 
0 
0 
0 
0 
0 
0 
0 
0 
0 
0 
0 
0 
0 
0 
0 
0 
0 
0 
0 
0 
0 
0 
0 
0 
0 
0 
0 
0 
0 
0 
0 
0 
0 
0 
0 
0 
0 
0 
0 
0 
0 
0 
0 
0 
0 
0 
0 
0 
0 
0 
0 
0 
0 
0 
0 
0 
0 
0 
0 
0 
0 
0 
0 
0 
0 
0 
0 
0 
0 
0 
0 
0 
0 
0 
0 
0 
0 
0 
0 
0 
0 
0 
0 
0 
0 
0 
0 
0 
0 
0 
0 
0 
0 
0 
0 
0 
0 
0 
0 
0 
0 
0 
0 
0 
0 
0 
0 
0 
0 
0 
0 
0 
0 
0 
0 
0 
0 
0 
0 
0 
0 
0 
0 
0 
0 
0 
0 
0 
0 
0 
0 
0 
0 
0 
0 
0 
0 
0 
0 
0 
0 
0 
0 
0 
0 
0 
0 
0 
0 
0 
0 
0 
0 
0 
0 
0 
0 
0 
0 
0 
0 
0 
0 
0 
0 
0 
0 
0 
0 
0 
0 
0 
0 
0 
0 
0 
0 
0 
0 
0 
0 
0 
0 
0 
0 
0 
0 
0 
0 
0 
0 
0 
0 
0 
0 
0 
0 
0 
0 
0 
0 
0 
0 
0 
0 
0 
0 
0 
0 
0 
0 
0 
0 
0 
0 
0 
0 
0 
0 
0 
0 
0 
0 
0 
0 
0 
0 
0 
0 
0 
0 
0 
0 
0 
0 
0 
0 
0 
0 
0 
0 
0 
0 
0 
0 
0 
0 
0 
0 
0 
0 
0 
0 
0 
0 
0 
0 
0 
0 
0 
0 
0 
0 
0 
0 
0 
0 
0 
0 
0 
0 
0 
0 
0 
0 
0 
0 
0 
0 
0 
0 
0 
0 
0 
0 
0 
0 
0 
0 
0 
0 
0 
0 
0 
0 
0 
0 
0 
0 
0 
0 
0 
0 
0 
0 
0 
0 
0 
0 
0 
0 
0 
0 
0 
0 
0 
0 
0 
0 
0 
0 
0 
0 
0 
0 
0 
0 
0 
0 
0 
0 
0 
0 
0 
0 
0 
0 
0 
0 
0 
0 
0 
0 
0 
0 
0 
0 
0 
0 
0 
0 
0 
0 
0 
0 
0 
0 
0 
0 
0 
0 
0 
0 
0 
0 
0 
0 
0 
0 
0 
0 
0 
0 
0 
0 
0 
0 
0 
0 
0 
0 
0 
0 
0 
0 
0 
0 
0 
0 
0 
0 
0 
0 
0 
0 
0 
0 
0 
0 
0 
0 
0 
0 
0 
0 
0 
0 
0 
0 
0 
0 
0 
0 
0 
0 
0 
0 
0 
0 
0 
0 
0 
0 
0 
0 
0 
0 
0 
0 
0 
0 
0 
0 
0 
0 
0 
0 
0 
0 
0 
0 
0 
0 
0 
0 
0 
0 
0 
0 
0 
0 
0 
0 
0 
0 
0 
0 
0 
0 
0 
0 
0 
0 
0 
0 
0 
0 
0 
0 
0 
0 
0 
0 
0 
0 
0 
0 
0 
0 
0 
0 
0 
0 
0 
0 
0 
0 
0 
0 
0 
0 
0 
0 
0 
0 
0 
0 
0 
0 
0 
0 
0 
0 
0 
0 
0 
0 
0 
0 
0 
0 
0 
0 
0 
0 
0 
0 
0 
0 
0 
0 
0 
0 
0 
0 
0 
0 
0 
0 
0 
0 
0 
0 
0 
0 
0 
0 
0 
0 
0 
0 
0 
0 
0 
0 
0 
0 
0 
0 
0 
0 
0 
0 
0 
0 
0 
0 
0 
0 
0 
0 
0 
0 
0 
0 
0 
0 
0 
0 
0 
0 
0 
0 
0 
0 
0 
0 
0 
0 
0 
0 
0 
0 
0 
0 
0 
0 
0 
0 
0 
0 
0 
0 
0 
0 
0 
0 
0 
0 
0 
0 
0 
0 
0 
0 
0 
0 
0 
0 
0 
0 
0 
0 
0 
0 
0 
0 
0 
0 
0 
0 
0 
0 
0 
0 
0 
0 
0 
0 
0 
0 
0 
0 
0 
0 
0 
0 
0 
0 
0 
0 
0 
0 
0 
0 
0 
0 
0 
0 
0 
0 
0 
0 
0 
0 
0 
0 
0 
0 
0 
0 
0 
0 
0 
0 
0 
0 
0 
0 
0 
0 
0 
0 
0 
0 
0 
0 
0 
0 
0 
0 
0 
0 
0 
0 
0 
0 
0 
0 
0 
0 
0 
0 
0 
0 
0 
0 
0 
0 
0 
0 
0 
0 
0 
0 
0 
0 
0 
0 
0 
0 
0 
0 
0 
0 
0 
0 
0 
0 
0 
0 
0 
0 
0 
0 
0 
0 
0 
0 
0 
0 
0 
0 
0 
0 
0 
0 
0 
0 
0 
0 
0 
0 
0 
0 
0 
0 
0 
0 
0 
0 
0 
0 
0 
0 
0 
0 
0 
0 
0 
0 
0 
0 
0 
0 
0 
0 
0 
0 
0 
0 
0 
0 
0 
0 
0 
0 
0 
0 
0 
0 
0 
0 
0 
0 
0 
0 
0 
0 
0 
0 
0 
0 
0 
0 
0 
0 
0 
0 
0 
0 
0 
0 
0 
0 
0 
0 
0 
0 
0 
0 
0 
0 
0 
0 
0 
0 
0 
0 
0 
0 
0 
0 
0 
0 
0 
0 
0 
0 
0 
0 
0 
0 
0 
0 
0 
0 
0 
0 
0 
0 
0 
0 
0 
0 
0 
0 
0 
0 
0 
0 
0 
0 
0 
0 
0 
0 
0 
0 
0 
0 
0 
0 
0 
0 
0 
0 
0 
0 
0 
0 
0 
0 
0 
0 
0 
0 
0 
0 
0 
0 
0 
0 
0 
0 
0 
0 
0 
0 
0 
0 
0 
0 
0 
0 
0 
0 
0 
0 
0 
0 
0 
0 
0 
0 
0 
0 
0 
0 
0 
0 
0 
0 
0 
0 
0 
0 
0 
0 
0 
0 
0 
0 
0 
0 
0 
0 
0 
0 
0 
0 
0 
0 
0 
0 
0 
0 
0 
0 
0 
0 
0 
0 
0 
0 
0 
0 
0 
0 
0 
0 
0 
0 
0 
0 
0 
0 
0 
0 
0 
0 
0 
0 
0 
0 
0 
0 
0 
0 
0 
0 
0 
0 
0 
0 
0 
0 
0 
0 
0 
0 
0 
0 
0 
0 
0 
0 
0 
0 
0 
0 
0 
0 
0 
0 
0 
0 
0 
0 
0 
0 
0 
0 
0 
0 
0 
0 
0 
0 
0 
0 
0 
0 
0 
0 
0 
0 
0 
0 
0 
0 
0 
0 
0 
0 
0 
0 
0 
0 
0 
0 
0 
0 
0 
0 
0 
0 
0 
0 
0 
0 
0 
0 
0 
0 
0 
0 
0 
0 
0 
0 
0 
0 
0 
0 
0 
0 
0 
0 
0 
0 
0 
0 
0 
0 
0 
0 
0 
0 
0 
0 
0 
0 
0 
0 
0 
0 
0 
0 
0 
0 
0 
0 
0 
0 
0 
0 
0 
0 
0 
0 
0 
0 
0 
0 
0 
0 
0 
0 
0 
0 
0 
0 
0 
0 
0 
0 
0 
0 
0 
0 
0 
0 
0 
0 
0 
0 
0 
0 
0 
0 
0 
0 
0 
0 
0 
0 
0 
0 
0 
0 
0 
0 
0 
0 
0 
0 
0 
0 
0 
0 
0 
0 
0 
0 
0 
0 
0 
0 
0 
0 
0 
0 
0 
0 
0 
0 
0 
0 
0 
0 
0 
0 
0 
0 
0 
0 
0 
0 
0 
0 
0 
0 
0 
0 
0 
0 
0 
0 
0 
0 
0 
0 
0 
0 
0 
0 
0 
0 
0 
0 
0 
0 
0 
0 
0 
0 
0 
0 
0 
0 
0 
0 
0 
0 
0 
0 
0 
0 
0 
0 
0 
0 
0 
0 
0 
0 
0 
0 
0 
0 
0 
0 
0 
0 
0 
0 
0 
0 
0 
0 
0 
0 
0 
0 
0 
0 
0 
0 
0 
0 
0 
0 
0 
0 
0 
0 
0 
0 
0 
0 
0 
0 
0 
0 
0 
0 
0 
0 
0 
0 
0 
0 
0 
0 
0 
0 
0 
0 
0 
0 
0 
0 
0 
0 
0 
0 
0 
0 
0 
0 
0 
0 
0 
0 
0 
0 
0 
0 
0 
0 
0 
0 
0 
0 
0 
0 
0 
0 
0 
0 
0 
0 
0 
0 
0 
0 
0 
0 
0 
0 
0 
0 
0 
0 
0 
0 
0 
0 
0 
0 
0 
0 
0 
0 
0 
0 
0 
0 
0 
0 
0 
0 
0 
0 
0 
0 
0 
0 
0 
0 
0 
0 
0 
0 
0 
0 
0 
0 
0 
0 
0 
0 
0 
0 
0 
0 
0 
0 
0 
0 
0 
0 
0 
0 
0 
0 
0 
0 
0 
0 
0 
0 
0 
0 
0 
0 
0 
0 
0 
0 
0 
0 
0 
0 
0 
0 
0 
0 
0 
0 
0 
0 
0 
0 
0 
0 
0 
0 
0 
0 
0 
0 
0 
0 
0 
0 
0 
0 
0 
0 
0 
0 
0 
0 
0 
0 
0 
0 
0 
0 
0 
0 
0 
0 
0 
0 
0 
0 
0 
0 
0 
0 
0 
0 
0 
0 
0 
0 
0 
0 
0 
0 
0 
0 
0 
0 
0 
0 
0 
0 
0 
0 
0 
0 
0 
0 
0 
0 
0 
0 
0 
0 
0 
0 
0 
0 
0 
0 
0 
0 
0 
0 
0 
0 
0 
0 
0 
0 
0 
0 
0 
0 
0 
0 
0 
0 
0 
0 
0 
0 
0 
0 
0 
0 
0 
0 
0 
0 
0 
0 
0 
0 
0 
0 
0 
0 
0 
0 
0 
0 
0 
0 
0 
0 
0 
0 
0 
0 
0 
0 
0 
0 
0 
0 
0 
0 
0 
0 
0 
0 
0 
0 
0 
0 
0 
0 
0 
0 
0 
0 
0 
0 
0 
0 
0 
0 
0 
0 
0 
0 
0 
0 
0 
0 
0 
0 
0 
0 
0 
0 
0 
0 
0 
0 
0 
0 
0 
0 
0 
0 
0 
0 
0 
0 
0 
0 
0 
0 
0 
0 
0 
0 
0 
0 
0 
0 
0 
0 
0 
0 
0 
0 
0 
0 
0 
0 
0 
0 
0 
0 
0 
0 
0 
0 
0 
0 
0 
0 
0 
0 
0 
0 
0 
0 
0 
0 
0 
0 
0 
0 
0 
0 
0 
0 
0 
0 
0 
0 
0 
0 
0 
0 
0 
0 
0 
0 
0 
0 
0 
0 
0 
0 
0 
0 
0 
0 
0 
0 
0 
0 
0 
0 
0 
0 
0 
0 
0 
0 
0 
0 
0 
0 
0 
0 
0 
0 
0 
0 
0 
0 
0 
0 
0 
0 
0 
0 
0 
0 
0 
0 
0 
0 
0 
0 
0 
0 
0 
0 
0 
0 
0 
0 
0 
0 
0 
0 
0 
0 
0 
0 
0 
0 
0 
0 
0 
0 
0 
0 
0 
0 
0 
0 
0 
0 
0 
0 
0 
0 
0 
0 
0 
0 
0 
0 
0 
0 
0 
0 
0 
0 
0 
0 
0 
0 
0 
0 
0 
0 
0 
0 
0 
0 
0 
0 
0 
0 
0 
0 
0 
0 
0 
0 
0 
0 
0 
0 
0 
0 
0 
0 
0 
0 
0 
0 
0 
0 
0 
0 
0 
0 
0 
0 
0 
0 
0 
0 
0 
0 
0 
0 
0 
0 
0 
0 
0 
0 
0 
0 
0 
0 
0 
0 
0 
0 
0 
0 
0 
0 
0 
0 
0 
0 
0 
0 
0 
0 
0 
0 
0 
0 
0 
0 
0 
0 
0 
0 
0 
0 
0 
0 
0 
0 
0 
0 
0 
0 
0 
0 
0 
0 
0 
0 
0 
0 
0 
0 
0 
0 
0 
0 
0 
0 
0 
0 
0 
0 
0 
0 
0 
0 
0 
0 
0 
0 
0 
0 
0 
0 
0 
0 
0 
0 
0 
0 
0 
0 
0 
0 
0 
0 
0 
0 
0 
0 
0 
0 
0 
0 
0 
0 
0 
0 
0 
0 
0 
0 
0 
0 
0 
0 
0 
0 
0 
0 
0 
0 
0 
0 
0 
0 
0 
0 
0 
0 
0 
0 
0 
0 
0 
0 
0 
0 
0 
0 
0 
0 
0 
0 
0 
0 
0 
0 
0 
0 
0 
0 
0 
0 
0 
0 
0 
0 
0 
0 
0 
0 
0 
0 
0 
0 
0 
0 
0 
0 
0 
0 
0 
0 
0 
0 
0 
0 
0 
0 
0 
0 
0 
0 
0 
0 
0 
0 
0 
0 
0 
0 
0 
0 
0 
0 
0 
0 
0 
0 
0 
0 
0 
0 
0 
0 
0 
0 
0 
0 
0 
0 
0 
0 
0 
0 
0 
0 
0 
0 
0 
0 
0 
0 
0 
0 
0 
0 
0 
0 
0 
0 
0 
0 
0 
0 
0 
0 
0 
0 
0 
0 
0 
0 
0 
0 
0 
0 
0 
0 
0 
0 
0 
0 
0 
0 
0 
0 
0 
0 
0 
0 
0 
0 
0 
0 
0 
0 
0 
0 
0 
0 
0 
0 
0 
0 
0 
0 
0 
0 
0 
0 
0 
0 
0 
0 
0 
0 
0 
0 
0 
0 
0 
0 
0 
0 
0 
0 
0 
0 
0 
0 
0 
0 
0 
0 
0 
0 
0 
0 
0 
0 
0 
0 
0 
0 
0 
0 
0 
0 
0 
0 
0 
0 
0 
0 
0 
0 
0 
0 
0 
0 
0 
0 
0 
0 
0 
0 
0 
0 
0 
0 
0 
0 
0 
0 
0 
0 
0 
0 
0 
0 
0 
0 
0 
0 
0 
0 
0 
0 
0 
0 
0 
0 
0 
0 
0 
0 
0 
0 
0 
0 
0 
0 
0 
0 
0 
0 
0 
0 
0 
0 
0 
0 
0 
0 
0 
0 
0 
0 
0 
0 
0 
0 
0 
0 
0 
0 
0 
0 
0 
0 
0 
0 
0 
0 
0 
0 
0 
0 
0 
0 
0 
0 
0 
0 
0 
0 
0 
0 
0 
0 
0 
0 
0 
0 
0 
0 
0 
0 
0 
0 
0 
0 
0 
0 
0 
0 
0 
0 
0 
0 
0 
0 
0 
0 
0 
0 
0 
0 
0 
0 
0 
0 
0 
0 
0 
0 
0 
0 
0 
0 
0 
0 
0 
0 
0 
0 
0 
0 
0 
0 
0 
0 
0 
0 
0 
0 
0 
0 
0 
0 
0 
0 
0 
0 
0 
0 
0 
0 
0 
0 
0 
0 
0 
0 
0 
0 
0 
0 
0 
0 
0 
0 
0 
0 
0 
0 
0 
0 
0 
0 
0 
0 
0 
0 
0 
0 
0 
0 
0 
0 
0 
0 
0 
0 
0 
0 
0 
0 
0 
0 
0 
0 
0 
0 
0 
0 
0 
0 
0 
0 
0 
0 
0 
0 
0 
0 
0 
0 
0 
0 
0 
0 
0 
0 
0 
0 
0 
0 
0 
0 
0 
0 
0 
0 
0 
0 
0 
0 
0 
0 
0 
0 
0 
0 
0 
0 
0 
0 
0 
0 
0 
0 
0 
0 
0 
0 
0 
0 
0 
0 
0 
0 
0 
0 
0 
0 
0 
0 
0 
0 
0 
0 
0 
0 
0 
0 
0 
0 
0 
0 
0 
0 
0 
0 
0 
0 
0 
0 
0 
0 
0 
0 
0 
0 
0 
0 
0 
0 
0 
0 
0 
0 
0 
0 
0 
0 
0 
0 
0 
0 
0 
0 
0 
0 
0 
0 
0 
0 
0 
0 
0 
0 
0 
0 
0 
0 
0 
0 
0 
0 
0 
0 
0 
0 
0 
0 
0 
0 
0 
0 
0 
0 
0 
0 
0 
0 
0 
0 
0 
0 
0 
0 
0 
0 
0 
0 
0 
0 
0 
0 
0 
0 
0 
0 
0 
0 
0 
0 
0 
0 
0 
0 
0 
0 
0 
0 
0 
0 
0 
0 
0 
0 
0 
0 
0 
0 
0 
0 
0 
0 
0 
0 
0 
0 
0 
0 
0 
0 
0 
0 
0 
0 
0 
0 
0 
0 
0 
0 
0 
0 
0 
0 
0 
0 
0 
0 
0 
0 
0 
0 
0 
0 
0 
0 
0 
0 
0 
0 
0 
0 
0 
0 
0 
0 
0 
0 
0 
0 
0 
0 
0 
0 
0 
0 
0 
0 
0 
0 
0 
0 
0 
0 
0 
0 
0 
0 
0 
0 
0 
0 
0 
0 
0 
0 
0 
0 
0 
0 
0 
0 
0 
0 
0 
0 
0 
0 
0 
0 
0 
0 
0 
0 
0 
0 
0 
0 
0 
0 
0 
0 
0 
0 
0 
0 
0 
0 
0 
0 
0 
0 
0 
0 
0 
0 
0 
0 
0 
0 
0 
0 
0 
0 
0 
0 
0 
0 
0 
0 
0 
0 
0 
0 
0 
0 
0 
0 
0 
0 
0 
0 
0 
0 
0 
0 
0 
0 
0 
0 
0 
0 
0 
0 
0 
0 
0 
0 
0 
0 
0 
0 
0 
0 
0 
0 
0 
0 
0 
0 
0 
0 
0 
0 
0 
0 
0 
0 
0 
0 
0 
0 
0 
0 
0 
0 
0 
0 
0 
0 
0 
0 
0 
0 
0 
0 
0 
0 
0 
0 
0 
0 
0 
0 
0 
0 
0 
0 
0 
0 
0 
0 
0 
0 
0 
0 
0 
0 
0 
0 
0 
0 
0 
0 
0 
0 
0 
0 
0 
0 
0 
0 
0 
0 
0 
0 
0 
0 
0 
0 
0 
0 
0 
0 
0 
0 
0 
0 
0 
0 
0 
0 
0 
0 
0 
0 
0 
0 
0 
0 
0 
0 
0 
0 
0 
0 
0 
0 
0 
0 
0 
0 
0 
0 
0 
0 
0 
0 
0 
0 
0 
0 
0 
0 
0 
0 
0 
0 
0 
0 
0 
0 
0 
0 
0 
0 
0 
0 
0 
0 
0 
0 
0 
0 
0 
0 
0 
0 
0 
0 
0 
0 
0 
0 
0 
0 
0 
0 
0 
0 
0 
0 
0 
0 
0 
0 
0 
0 
0 
0 
0 
0 
0 
0 
0 
0 
0 
0 
0 
0 
0 
0 
0 
0 
0 
0 
0 
0 
0 
0 
0 
0 
0 
0 
0 
0 
0 
0 
0 
0 
0 
0 
0 
0 
0 
0 
0 
0 
0 
0 
0 
0 
0 
0 
0 
0 
0 
0 
0 
0 
0 
0 
0 
0 
0 
0 
0 
0 
0 
0 
0 
0 
0 
0 
0 
0 
0 
0 
0 
0 
0 
0 
0 
0 
0 
0 
0 
0 
0 
0 
0 
0 
0 
0 
0 
0 
0 
0 
0 
0 
0 
0 
0 
0 
0 
0 
0 
0 
0 
0 
0 
0 
0 
0 
0 
0 
0 
0 
0 
0 
0 
0 
0 
0 
0 
0 
0 
0 
0 
0 
0 
0 
0 
0 
0 
0 
0 
0 
0 
0 
0 
0 
0 
0 
0 
0 
0 
0 
0 
0 
0 
0 
0 
0 
0 
0 
0 
0 
0 
0 
0 
0 
0 
0 
0 
0 
0 
0 
0 
0 
0 
0 
0 
0 
0 
0 
0 
0 
0 
0 
0 
0 
0 
0 
0 
0 
0 
0 
0 
0 
0 
0 
0 
0 
0 
0 
0 
0 
0 
0 
0 
0 
0 
0 
0 
0 
0 
0 
0 
0 
0 
0 
0 
0 
0 
0 
0 
0 
0 
0 
0 
0 
0 
0 
0 
0 
0 
0 
0 
0 
0 
0 
0 
0 
0 
0 
0 
0 
0 
0 
0 
0 
0 
0 
0 
0 
0 
0 
0 
0 
0 
0 
0 
0 
0 
0 
0 
0 
0 
0 
0 
0 
0 
0 
0 
0 
0 
0 
0 
0 
0 
0 
0 
0 
0 
0 
0 
0 
0 
0 
0 
0 
0 
0 
0 
0 
0 
0 
0 
0 
0 
0 
0 
0 
0 
0 
0 
0 
0 
0 
0 
0 
0 
0 
0 
0 
0 
0 
0 
0 
0 
0 
0 
0 
0 
0 
0 
0 
0 
0 
0 
0 
0 
0 
0 
0 
0 
0 
0 
0 
0 
0 
0 
0 
0 
0 
0 
0 
0 
0 
0 
0 
0 
0 
0 
0 
0 
0 
0 
0 
0 
0 
0 
0 
0 
0 
0 
0 
0 
0 
0 
0 
0 
0 
0 
0 
0 
0 
0 
0 
0 
0 
0 
0 
0 
0 
0 
0 
0 
0 
0 
0 
0 
0 
0 
0 
0 
0 
0 
0 
0 
0 
0 
0 
0 
0 
0 
0 
0 
0 
0 
0 
0 
0 
0 
0 
0 
0 
0 
0 
0 
0 
0 
0 
0 
0 
0 
0 
0 
0 
0 
0 
0 
0 
0 
0 
0 
0 
0 
0 
0 
0 
0 
0 
0 
0 
0 
0 
0 
0 
0 
0 
0 
0 
0 
0 
0 
0 
0 
0 
0 
0 
0 
0 
0 
0 
0 
0 
0 
0 
0 
0 
0 
0 
0 
0 
0 
0 
0 
0 
0 
0 
0 
0 
0 
0 
0 
0 
0 
0 
0 
0 
0 
0 
0 
0 
0 
0 
0 
0 
0 
0 
0 
0 
0 
0 
0 
0 
0 
0 
0 
0 
0 
0 
0 
0 
0 
0 
0 
0 
0 
0 
0 
0 
0 
0 
0 
0 
0 
0 
0 
0 
0 
0 
0 
0 
0 
0 
0 
0 
0 
0 
0 
0 
0 
0 
0 
0 
0 
0 
0 
0 
0 
0 
0 
0 
0 
0 
0 
0 
0 
0 
0 
0 
0 
0 
0 
0 
0 
0 
0 
0 
0 
0 
0 
0 
0 
0 
0 
0 
0 
0 
0 
0 
0 
0 
0 
0 
0 
0 
0 
0 
0 
0 
0 
0 
0 
0 
0 
0 
0 
0 
0 
0 
0 
0 
0 
0 
0 
0 
0 
0 
0 
0 
0 
0 
0 
0 
0 
0 
0 
0 
0 
0 
0 
0 
0 
0 
0 
0 
0 
0 
0 
0 
0 
0 
0 
0 
0 
0 
0 
0 
0 
0 
0 
0 
0 
0 
0 
0 
0 
0 
0 
0 
0 
0 
0 
0 
0 
0 
0 
0 
0 
0 
0 
0 
0 
0 
0 
0 
0 
0 
0 
0 
0 
0 
0 
0 
0 
0 
0 
0 
0 
0 
0 
0 
0 
0 
0 
0 
0 
0 
0 
0 
0 
0 
0 
0 
0 
0 
0 
0 
0 
0 
0 
0 
0 
0 
0 
0 
0 
0 
0 
0 
0 
0 
0 
0 
0 
0 
0 
0 
0 
0 
0 
0 
0 
0 
0 
0 
0 
0 
0 
0 
0 
0 
0 
0 
0 
0 
0 
0 
0 
0 
0 
0 
0 
0 
0 
0 
0 
0 
0 
0 
0 
0 
0 
0 
0 
0 
0 
0 
0 
0 
0 
0 
0 
0 
0 
0 
0 
0 
0 
0 
0 
0 
0 
0 
0 
0 
0 
0 
0 
0 
0 
0 
0 
0 
0 
0 
0 
0 
0 
0 
0 
0 
0 
0 
0 
0 
0 
0 
0 
0 
0 
0 
0 
0 
0 
0 
0 
0 
0 
0 
0 
0 
0 
0 
0 
0 
0 
0 
0 
0 
0 
0 
0 
0 
0 
0 
0 
0 
0 
0 
0 
0 
0 
0 
0 
0 
0 
0 
0 
0 
0 
0 
0 
0 
0 
0 
0 
0 
0 
0 
0 
0 
0 
0 
0 
0 
0 
0 
0 
0 
0 
0 
0 
0 
0 
0 
0 
0 
0 
0 
0 
0 
0 
0 
0 
0 
0 
0 
0 
0 
0 
0 
0 
0 
0 
0 
0 
0 
0 
0 
0 
0 
0 
0 
0 
0 
0 
0 
0 
0 
0 
0 
0 
0 
0 
0 
0 
0 
0 
0 
0 
0 
0 
0 
0 
0 
0 
0 
0 
0 
0 
0 
0 
0 
0 
0 
0 
0 
0 
0 
0 
0 
0 
0 
0 
0 
0 
0 
0 
0 
0 
0 
0 
0 
0 
0 
0 
0 
0 
0 
0 
0 
0 
0 
0 
0 
0 
0 
0 
0 
0 
0 
0 
0 
0 
0 
0 
0 
0 
0 
0 
0 
0 
0 
0 
0 
0 
0 
0 
0 
0 
0 
0 
0 
0 
0 
0 
0 
0 
0 
0 
0 
0 
0 
0 
0 
0 
0 
0 
0 
0 
0 
0 
0 
0 
0 
0 
0 
0 
0 
0 
0 
0 
0 
0 
0 
0 
0 
0 
0 
0 
0 
0 
0 
0 
0 
0 
0 
0 
0 
0 
0 
0 
0 
0 
0 
0 
0 
0 
0 
0 
0 
0 
0 
0 
0 
0 
0 
0 
0 
0 
0 
0 
0 
0 
0 
0 
0 
0 
0 
0 
0 
0 
0 
0 
0 
0 
0 
0 
0 
0 
0 
0 
0 
0 
0 
0 
0 
0 
0 
0 
0 
0 
0 
0 
0 
0 
0 
0 
0 
0 
0 
0 
0 
0 
0 
0 
0 
0 
0 
0 
0 
0 
0 
0 
0 
0 
0 
0 
0 
0 
0 
0 
0 
0 
0 
0 
0 
0 
0 
0 
0 
0 
0 
0 
0 
0 
0 
0 
0 
0 
0 
0 
0 
0 
0 
0 
0 
0 
0 
0 
0 
0 
0 
0 
0 
0 
0 
0 
0 
0 
0 
0 
0 
0 
0 
0 
0 
0 
0 
0 
0 
0 
0 
0 
0 
0 
0 
0 
0 
0 
0 
0 
0 
0 
0 
0 
0 
0 
0 
0 
0 
0 
0 
0 
0 
0 
0 
0 
0 
0 
0 
0 
0 
0 
0 
0 
0 
0 
0 
0 
0 
0 
0 
0 
0 
0 
0 
0 
0 
0 
0 
0 
0 
0 
0 
0 
0 
0 
0 
0 
0 
0 
0 
0 
0 
0 
0 
0 
0 
0 
0 
0 
0 
0 
0 
0 
0 
0 
0 
0 
0 
0 
0 
0 
0 
0 
0 
0 
0 
0 
0 
0 
0 
0 
0 
0 
0 
0 
0 
0 
0 
0 
0 
0 
0 
0 
0 
0 
0 
0 
0 
0 
0 
0 
0 
0 
0 
0 
0 
0 
0 
0 
0 
0 
0 
0 
0 
0 
0 
0 
0 
0 
0 
0 
0 
0 
0 
0 
0 
0 
0 
0 
0 
0 
0 
0 
0 
0 
0 
0 
0 
0 
0 
0 
0 
0 
0 
0 
0 
0 
0 
0 
0 
0 
0 
0 
0 
0 
0 
0 
0 
0 
0 
0 
0 
0 
0 
0 
0 
0 
0 
0 
0 
0 
0 
0 
0 
0 
0 
0 
0 
0 
0 
0 
0 
0 
0 
0 
0 
0 
0 
0 
0 
0 
0 
0 
0 
0 
0 
0 
0 
0 
0 
0 
0 
0 
0 
0 
0 
0 
0 
0 
0 
0 
0 
0 
0 
0 
0 
0 
0 
0 
0 
0 
0 
0 
0 
0 
0 
0 
0 
0 
0 
0 
0 
0 
0 
0 
0 
0 
0 
0 
0 
0 
0 
0 
0 
0 
0 
0 
0 
0 
0 
0 
0 
0 
0 
0 
0 
0 
0 
0 
0 
0 
0 
0 
0 
0 
0 
0 
0 
0 
0 
0 
0 
0 
0 
0 
0 
0 
0 
0 
0 
0 
0 
0 
0 
0 
0 
0 
0 
0 
0 
0 
0 
0 
0 
0 
0 
0 
0 
0 
0 
0 
0 
0 
0 
0 
0 
0 
0 
0 
0 
0 
0 
0 
0 
0 
0 
0 
0 
0 
0 
0 
0 
0 
0 
0 
0 
0 
0 
0 
0 
0 
0 
0 
0 
0 
0 
0 
0 
0 
0 
0 
0 
0 
0 
0 
0 
0 
0 
0 
0 
0 
0 
0 
0 
0 
0 
0 
0 
0 
0 
0 
0 
0 
0 
0 
0 
0 
0 
0 
0 
0 
0 
0 
0 
0 
0 
0 
0 
0 
0 
0 
0 
0 
0 
0 
0 
0 
0 
0 
0 
0 
0 
0 
0 
0 
0 
0 
0 
0 
0 
0 
0 
0 
0 
0 
0 
0 
0 
0 
0 
0 
0 
0 
0 
0 
0 
0 
0 
0 
0 
0 
0 
0 
0 
0 
0 
0 
0 
0 
0 
0 
0 
0 
0 
0 
0 
0 
0 
0 
0 
0 
0 
0 
0 
0 
0 
0 
0 
0 
0 
0 
0 
0 
0 
0 
0 
0 
0 
0 
0 
0 
0 
0 
0 
0 
0 
0 
0 
0 
0 
0 
0 
0 
0 
0 
0 
0 
0 
0 
0 
0 
0 
0 
0 
0 
0 
0 
0 
0 
0 
0 
0 
0 
0 
0 
0 
0 
0 
0 
0 
0 
0 
0 
0 
0 
0 
0 
0 
0 
0 
0 
0 
0 
0 
0 
0 
0 
0 
0 
0 
0 
0 
0 
0 
0 
0 
0 
0 
0 
0 
0 
0 
0 
0 
0 
0 
0 
0 
0 
0 
0 
0 
0 
0 
0 
0 
0 
0 
0 
0 
0 
0 
0 
0 
0 
0 
0 
0 
0 
0 
0 
0 
0 
0 
0 
0 
0 
0 
0 
0 
0 
0 
0 
0 
0 
0 
0 
0 
0 
0 
0 
0 
0 
0 
0 
0 
0 
0 
0 
0 
0 
0 
0 
0 
0 
0 
0 
0 
0 
0 
0 
0 
0 
0 
0 
0 
0 
0 
0 
0 
0 
0 
0 
0 
0 
0 
0 
0 
0 
0 
0 
0 
0 
0 
0 
0 
0 
0 
0 
0 
0 
0 
0 
0 
0 
0 
0 
0 
0 
0 
0 
0 
0 
0 
0 
0 
0 
0 
0 
0 
0 
0 
0 
0 
0 
0 
0 
0 
0 
0 
0 
0 
0 
0 
0 
0 
0 
0 
0 
0 
0 
0 
0 
0 
0 
0 
0 
0 
0 
0 
0 
0 
0 
0 
0 
0 
0 
0 
0 
0 
0 
0 
0 
0 
0 
0 
0 
0 
0 
0 
0 
0 
0 
0 
0 
0 
0 
0 
0 
0 
0 
0 
0 
0 
0 
0 
0 
0 
0 
0 
0 
0 
0 
0 
0 
0 
0 
0 
0 
0 
0 
0 
0 
0 
0 
0 
0 
0 
0 
0 
0 
0 
0 
0 
0 
0 
0 
0 
0 
0 
0 
0 
0 
0 
0 
0 
0 
0 
0 
0 
0 
0 
0 
0 
0 
0 
0 
0 
0 
0 
0 
0 
0 
0 
0 
0 
0 
0 
0 
0 
0 
0 
0 
0 
0 
0 
0 
0 
0 
0 
0 
0 
0 
0 
0 
0 
0 
0 
0 
0 
0 
0 
0 
0 
0 
0 
0 
0 
0 
0 
0 
0 
0 
0 
0 
0 
0 
0 
0 
0 
0 
0 
0 
0 
0 
0 
0 
0 
0 
0 
0 
0 
0 
0 
0 
0 
0 
0 
0 
0 
0 
0 
0 
0 
0 
0 
0 
0 
0 
0 
0 
0 
0 
0 
0 
0 
0 
0 
0 
0 
0 
0 
0 
0 
0 
0 
0 
0 
0 
0 
0 
0 
0 
0 
0 
0 
0 
0 
0 
0 
0 
0 
0 
0 
0 
0 
0 
0 
0 
0 
0 
0 
0 
0 
0 
0 
0 
0 
0 
0 
0 
0 
0 
0 
0 
0 
0 
0 
0 
0 
0 
0 
0 
0 
0 
0 
0 
0 
0 
0 
0 
0 
0 
0 
0 
0 
0 
0 
0 
0 
0 
0 
0 
0 
0 
0 
0 
0 
0 
0 
0 
0 
0 
0 
0 
0 
0 
0 
0 
0 
0 
0 
0 
0 
0 
0 
0 
0 
0 
0 
0 
0 
0 
0 
0 
0 
0 
0 
0 
0 
0 
0 
0 
0 
0 
0 
0 
0 
0 
0 
0 
0 
0 
0 
0 
0 
0 
0 
0 
0 
0 
0 
0 
0 
0 
0 
0 
0 
0 
0 
0 
0 
0 
0 
0 
0 
0 
0 
0 
0 
0 
0 
0 
0 
0 
0 
0 
0 
0 
0 
0 
0 
0 
0 
0 
0 
0 
0 
0 
0 
0 
0 
0 
0 
0 
0 
0 
0 
0 
0 
0 
0 
0 
0 
0 
0 
0 
0 
0 
0 
0 
0 
0 
0 
0 
0 
0 
0 
0 
0 
0 
0 
0 
0 
0 
0 
0 
0 
0 
0 
0 
0 
0 
0 
0 
0 
0 
0 
0 
0 
0 
0 
0 
0 
0 
0 
0 
0 
0 
0 
0 
0 
0 
0 
0 
0 
0 
0 
0 
0 
0 
0 
0 
0 
0 
0 
0 
0 
0 
0 
0 
0 
0 
0 
0 
0 
0 
0 
0 
0 
0 
0 
0 
0 
0 
0 
0 
0 
0 
0 
0 
0 
0 
0 
0 
0 
0 
0 
0 
0 
0 
0 
0 
0 
0 
0 
0 
0 
0 
0 
0 
0 
0 
0 
0 
0 
0 
0 
0 
0 
0 
0 
0 
0 
0 
0 
0 
0 
0 
0 
0 
0 
0 
0 
0 
0 
0 
0 
0 
0 
0 
0 
0 
0 
0 
0 
0 
0 
0 
0 
0 
0 
0 
0 
0 
0 
0 
0 
0 
0 
0 
0 
0 
0 
0 
0 
0 
0 
0 
0 
0 
0 
0 
0 
0 
0 
0 
0 
0 
0 
0 
0 
0 
0 
0 
0 
0 
0 
0 
0 
0 
0 
0 
0 
0 
0 
0 
0 
0 
0 
0 
0 
0 
0 
0 
0 
0 
0 
0 
0 
0 
0 
0 
0 
0 
0 
0 
0 
0 
0 
0 
0 
0 
0 
0 
0 
0 
0 
0 
0 
0 
0 
0 
0 
0 
0 
0 
0 
0 
0 
0 
0 
0 
0 
0 
0 
0 
0 
0 
0 
0 
0 
0 
0 
0 
0 
0 
0 
0 
0 
0 
0 
0 
0 
0 
0 
0 
0 
0 
0 
0 
0 
0 
0 
0 
0 
0 
0 
0 
0 
0 
0 
0 
0 
0 
0 
0 
0 
0 
0 
0 
0 
0 
0 
0 
0 
0 
0 
0 
0 
0 
0 
0 
0 
0 
0 
0 
0 
0 
0 
0 
0 
0 
0 
0 
0 
0 
0 
0 
0 
0 
0 
0 
0 
0 
0 
0 
0 
0 
0 
0 
0 
0 
0 
0 
0 
0 
0 
0 
0 
0 
0 
0 
0 
0 
0 
0 
0 
0 
0 
0 
0 
0 
0 
0 
0 
0 
0 
0 
0 
0 
0 
0 
0 
0 
0 
0 
0 
0 
0 
0 
0 
0 
0 
0 
0 
0 
0 
0 
0 
0 
0 
0 
0 
0 
0 
0 
0 
0 
0 
0 
0 
0 
0 
0 
0 
0 
0 
0 
0 
0 
0 
0 
0 
0 
0 
0 
0 
0 
0 
0 
0 
0 
0 
0 
0 
0 
0 
0 
0 
0 
0 
0 
0 
0 
0 
0 
0 
0 
0 
0 
0 
0 
0 
0 
0 
0 
0 
0 
0 
0 
0 
0 
0 
0 
0 
0 
0 
0 
0 
0 
0 
0 
0 
0 
0 
0 
0 
0 
0 
0 
0 
0 
0 
0 
0 
0 
0 
0 
0 
0 
0 
0 
0 
0 
0 
0 
0 
0 
0 
0 
0 
0 
0 
0 
0 
0 
0 
0 
0 
0 
0 
0 
0 
0 
0 
0 
0 
0 
0 
0 
0 
0 
0 
0 
0 
0 
0 
0 
0 
0 
0 
0 
0 
0 
0 
0 
0 
0 
0 
0 
0 
0 
0 
0 
0 
0 
0 
0 
0 
0 
0 
0 
0 
0 
0 
0 
0 
0 
0 
0 
0 
0 
0 
0 
0 
0 
0 
0 
0 
0 
0 
0 
0 
0 
0 
0 
0 
0 
0 
0 
0 
0 
0 
0 
0 
0 
0 
0 
0 
0 
0 
0 
0 
0 
0 
0 
0 
0 
0 
0 
0 
0 
0 
0 
0 
0 
0 
0 
0 
0 
0 
0 
0 
0 
0 
0 
0 
0 
0 
0 
0 
0 
0 
0 
0 
0 
0 
0 
0 
0 
0 
0 
0 
0 
0 
0 
0 
0 
0 
0 
0 
0 
0 
0 
0 
0 
0 
0 
0 
0 
0 
0 
0 
0 
0 
0 
0 
0 
0 
0 
0 
0 
0 
0 
0 
0 
0 
0 
0 
0 
0 
0 
0 
0 
0 
0 
0 
0 
0 
0 
0 
0 
0 
0 
0 
0 
0 
0 
0 
0 
0 
0 
0 
0 
0 
0 
0 
0 
0 
0 
0 
0 
0 
0 
0 
0 
0 
0 
0 
0 
0 
0 
0 
0 
0 
0 
0 
0 
0 
0 
0 
0 
0 
0 
0 
0 
0 
0 
0 
0 
0 
0 
0 
0 
0 
0 
0 
0 
0 
0 
0 
0 
0 
0 
0 
0 
0 
0 
0 
0 
0 
0 
0 
0 
0 
0 
0 
0 
0 
0 
0 
0 
0 
0 
0 
0 
0 
0 
0 
0 
0 
0 
0 
0 
0 
0 
0 
0 
0 
0 
0 
0 
0 
0 
0 
0 
0 
0 
0 
0 
0 
0 
0 
0 
0 
0 
0 
0 
0 
0 
0 
0 
0 
0 
0 
0 
0 
0 
0 
0 
0 
0 
0 
0 
0 
0 
0 
0 
0 
0 
0 
0 
0 
0 
0 
0 
0 
0 
0 
0 
0 
0 
0 
0 
0 
0 
0 
0 
0 
0 
0 
0 
0 
0 
0 
0 
0 
0 
0 
0 
0 
0 
0 
0 
0 
0 
0 
0 
0 
0 
0 
0 
0 
0 
0 
0 
0 
0 
0 
0 
0 
0 
0 
0 
0 
0 
0 
0 
0 
0 
0 
0 
0 
0 
0 
0 
0 
0 
0 
0 
0 
0 
0 
0 
0 
0 
0 
0 
0 
0 
0 
0 
0 
0 
0 
0 
0 
0 
0 
0 
0 
0 
0 
0 
0 
0 
0 
0 
0 
0 
0 
0 
0 
0 
0 
0 
0 
0 
0 
0 
0 
0 
0 
0 
0 
0 
0 
0 
0 
0 
0 
0 
0 
0 
0 
0 
0 
0 
0 
0 
0 
0 
0 
0 
0 
0 
0 
0 
0 
0 
0 
0 
0 
0 
0 
0 
0 
0 
0 
0 
0 
0 
0 
0 
0 
0 
0 
0 
0 
0 
0 
0 
0 
0 
0 
0 
0 
0 
0 
0 
0 
0 
0 
0 
0 
0 
0 
0 
0 
0 
0 
0 
0 
0 
0 
0 
0 
0 
0 
0 
0 
0 
0 
0 
0 
0 
0 
0 
0 
0 
0 
0 
0 
0 
0 
0 
0 
0 
0 
0 
0 
0 
0 
0 
0 
0 
0 
0 
0 
0 
0 
0 
0 
0 
0 
0 
0 
0 
0 
0 
0 
0 
0 
0 
0 
0 
0 
0 
0 
0 
0 
0 
0 
0 
0 
0 
0 
0 
0 
0 
0 
0 
0 
0 
0 
0 
0 
0 
0 
0 
0 
0 
0 
0 
0 
0 
0 
0 
0 
0 
0 
0 
0 
0 
0 
0 
0 
0 
0 
0 
0 
0 
0 
0 
0 
0 
0 
0 
0 
0 
0 
0 
0 
0 
0 
0 
0 
0 
0 
0 
0 
0 
0 
0 
0 
0 
0 
0 
0 
0 
0 
0 
0 
0 
0 
0 
0 
0 
0 
0 
0 
0 
0 
0 
0 
0 
0 
0 
0 
0 
0 
0 
0 
0 
0 
0 
0 
0 
0 
0 
0 
0 
0 
0 
0 
0 
0 
0 
0 
0 
0 
0 
0 
0 
0 
0 
0 
0 
0 
0 
0 
0 
0 
0 
0 
0 
0 
0 
0 
0 
0 
0 
0 
0 
0 
0 
0 
0 
0 
0 
0 
0 
0 
0 
0 
0 
0 
0 
0 
0 
0 
0 
0 
0 
0 
0 
0 
0 
0 
0 
0 
0 
0 
0 
0 
0 
0 
0 
0 
0 
0 
0 
0 
0 
0 
0 
0 
0 
0 
0 
0 
0 
0 
0 
0 
0 
0 
0 
0 
0 
0 
0 
0 
0 
0 
0 
0 
0 
0 
0 
0 
0 
0 
0 
0 
0 
0 
0 
0 
0 
0 
0 
0 
0 
0 
0 
0 
0 
0 
0 
0 
0 
0 
0 
0 
0 
0 
0 
0 
0 
0 
0 
0 
0 
0 
0 
0 
0 
0 
0 
0 
0 
0 
0 
0 
0 
0 
0 
0 
0 
0 
0 
0 
0 
0 
0 
0 
0 
0 
0 
0 
0 
0 
0 
0 
0 
0 
0 
0 
0 
0 
0 
0 
0 
0 
0 
0 
0 
0 
0 
0 
0 
0 
0 
0 
0 
0 
0 
0 
0 
0 
0 
0 
0 
0 
0 
0 
0 
0 
0 
0 
0 
0 
0 
0 
0 
0 
0 
0 
0 
0 
0 
0 
0 
0 
0 
0 
0 
0 
0 
0 
0 
0 
0 
0 
0 
0 
0 
0 
0 
0 
0 
0 
0 
0 
0 
0 
0 
0 
0 
0 
0 
0 
0 
0 
0 
0 
0 
0 
0 
0 
0 
0 
0 
0 
0 
0 
0 
0 
0 
0 
0 
0 
0 
0 
0 
0 
0 
0 
0 
0 
0 
0 
0 
0 
0 
0 
0 
0 
0 
0 
0 
0 
0 
0 
0 
0 
0 
0 
0 
0 
0 
0 
0 
0 
0 
0 
0 
0 
0 
0 
0 
0 
0 
0 
0 
0 
0 
0 
0 
0 
0 
0 
0 
0 
0 
0 
0 
0 
0 
0 
0 
0 
0 
0 
0 
0 
0 
0 
0 
0 
0 
0 
0 
0 
0 
0 
0 
0 
0 
0 
0 
0 
0 
0 
0 
0 
0 
0 
0 
0 
0 
0 
0 
0 
0 
0 
0 
0 
0 
0 
0 
0 
0 
0 
0 
0 
0 
0 
0 
0 
0 
0 
0 
0 
0 
0 
0 
0 
0 
0 
0 
0 
0 
0 
0 
0 
0 
0 
0 
0 
0 
0 
0 
0 
0 
0 
0 
0 
0 
0 
0 
0 
0 
0 
0 
0 
0 
0 
0 
0 
0 
0 
0 
0 
0 
0 
0 
0 
0 
0 
0 
0 
0 
0 
0 
0 
0 
0 
0 
0 
0 
0 
0 
0 
0 
0 
0 
0 
0 
0 
0 
0 
0 
0 
0 
0 
0 
0 
0 
0 
0 
0 
0 
0 
0 
0 
0 
0 
0 
0 
0 
0 
0 
0 
0 
0 
0 
0 
0 
0 
0 
0 
0 
0 
0 
0 
0 
0 
0 
0 
0 
0 
0 
0 
0 
0 
0 
0 
0 
0 
0 
0 
0 
0 
0 
0 
0 
0 
0 
0 
0 
0 
0 
0 
0 
0 
0 
0 
0 
0 
0 
0 
0 
0 
0 
0 
0 
0 
0 
0 
0 
0 
0 
0 
0 
0 
0 
0 
0 
0 
0 
0 
0 
0 
0 
0 
0 
0 
0 
0 
0 
0 
0 
0 
0 
0 
0 
0 
0 
0 
0 
0 
0 
0 
0 
0 
0 
0 
0 
0 
0 
0 
0 
0 
0 
0 
0 
0 
0 
0 
0 
0 
0 
0 
0 
0 
0 
0 
0 
0 
0 
0 
0 
0 
0 
0 
0 
0 
0 
0 
0 
0 
0 
0 
0 
0 
0 
0 
0 
0 
0 
0 
0 
0 
0 
0 
0 
0 
0 
0 
0 
0 
0 
0 
0 
0 
0 
0 
0 
0 
0 
0 
0 
0 
0 
0 
0 
0 
0 
0 
0 
0 
0 
0 
0 
0 
0 
0 
0 
0 
0 
0 
0 
0 
0 
0 
0 
0 
0 
0 
0 
0 
0 
0 
0 
0 
0 
0 
0 
0 
0 
0 
0 
0 
0 
0 
0 
0 
0 
0 
0 
0 
0 
0 
0 
0 
0 
0 
0 
0 
0 
0 
0 
0 
0 
0 
0 
0 
0 
0 
0 
0 
0 
0 
0 
0 
0 
0 
0 
0 
0 
0 
0 
0 
0 
0 
0 
0 
0 
0 
0 
0 
0 
0 
0 
0 
0 
0 
0 
0 
0 
0 
0 
0 
0 
0 
0 
0 
0 
0 
0 
0 
0 
0 
0 
0 
0 
0 
0 
0 
0 
0 
0 
0 
0 
0 
0 
0 
0 
0 
0 
0 
0 
0 
0 
0 
0 
0 
0 
0 
0 
0 
0 
0 
0 
0 
0 
0 
0 
0 
0 
0 
0 
0 
0 
0 
0 
0 
0 
0 
0 
0 
0 
0 
0 
0 
0 
0 
0 
0 
0 
0 
0 
0 
0 
0 
0 
0 
0 
0 
0 
0 
0 
0 
0 
0 
0 
0 
0 
0 
0 
0 
0 
0 
0 
0 
0 
0 
0 
0 
0 
0 
0 
0 
0 
0 
0 
0 
0 
0 
0 
0 
0 
0 
0 
0 
0 
0 
0 
0 
0 
0 
0 
0 
0 
0 
0 
0 
0 
0 
0 
0 
0 
0 
0 
0 
0 
0 
0 
0 
0 
0 
0 
0 
0 
0 
0 
0 
0 
0 
0 
0 
0 
0 
0 
0 
0 
0 
0 
0 
0 
0 
0 
0 
0 
0 
0 
0 
0 
0 
0 
0 
0 
0 
0 
0 
0 
0 
0 
0 
0 
0 
0 
0 
0 
0 
0 
0 
0 
0 
0 
0 
0 
0 
0 
0 
0 
0 
0 
0 
0 
0 
0 
0 
0 
0 
0 
0 
0 
0 
0 
0 
0 
0 
0 
0 
0 
0 
0 
0 
0 
0 
0 
0 
0 
0 
0 
0 
0 
0 
0 
0 
0 
0 
0 
0 
0 
0 
0 
0 
0 
0 
0 
0 
0 
0 
0 
0 
0 
0 
0 
0 
0 
0 
0 
0 
0 
0 
0 
0 
0 
0 
0 
0 
0 
0 
0 
0 
0 
0 
0 
0 
0 
0 
0 
0 
0 
0 
0 
0 
0 
0 
0 
0 
0 
0 
0 
0 
0 
0 
0 
0 
0 
0 
0 
0 
0 
0 
0 
0 
0 
0 
0 
0 
0 
0 
0 
0 
0 
0 
0 
0 
0 
0 
0 
0 
0 
0 
0 
0 
0 
0 
0 
0 
0 
0 
0 
0 
0 
0 
0 
0 
0 
0 
0 
0 
0 
0 
0 
0 
0 
0 
0 
0 
0 
0 
0 
0 
0 
0 
0 
0 
0 
0 
0 
0 
0 
0 
0 
0 
0 
0 
0 
0 
0 
0 
0 
0 
0 
0 
0 
0 
0 
0 
0 
0 
0 
0 
0 
0 
0 
0 
0 
0 
0 
0 
0 
0 
0 
0 
0 
0 
0 
0 
0 
0 
0 
0 
0 
0 
0 
0 
0 
0 
0 
0 
0 
0 
0 
0 
0 
0 
0 
0 
0 
0 
0 
0 
0 
0 
0 
0 
0 
0 
0 
0 
0 
0 
0 
0 
0 
0 
0 
0 
0 
0 
0 
0 
0 
0 
0 
0 
0 
0 
0 
0 
0 
0 
0 
0 
0 
0 
0 
0 
0 
0 
0 
0 
0 
0 
0 
0 
0 
0 
0 
0 
0 
0 
0 
0 
0 
0 
0 
0 
0 
0 
0 
0 
0 
0 
0 
0 
0 
0 
0 
0 
0 
0 
0 
0 
0 
0 
0 
0 
0 
0 
0 
0 
0 
0 
0 
0 
0 
0 
0 
0 
0 
0 
0 
0 
0 
0 
0 
0 
0 
0 
0 
0 
0 
0 
0 
0 
0 
0 
0 
0 
0 
0 
0 
0 
0 
0 
0 
0 
0 
0 
0 
0 
0 
0 
0 
0 
0 
0 
0 
0 
0 
0 
0 
0 
0 
0 
0 
0 
0 
0 
0 
0 
0 
0 
0 
0 
0 
0 
0 
0 
0 
0 
0 
0 
0 
0 
0 
0 
0 
0 
0 
0 
0 
0 
0 
0 
0 
0 
0 
0 
0 
0 
0 
0 
0 
0 
0 
0 
0 
0 
0 
0 
0 
0 
0 
0 
0 
0 
0 
0 
0 
0 
0 
0 
0 
0 
0 
0 
0 
0 
0 
0 
0 
0 
0 
0 
0 
0 
0 
0 
0 
0 
0 
0 
0 
0 
0 
0 
0 
0 
0 
0 
0 
0 
0 
0 
0 
0 
0 
0 
0 
0 
0 
0 
0 
0 
0 
0 
0 
0 
0 
0 
0 
0 
0 
0 
0 
0 
0 
0 
0 
0 
0 
0 
0 
0 
0 
0 
0 
0 
0 
0 
0 
0 
0 
0 
0 
0 
0 
0 
0 
0 
0 
0 
0 
0 
0 
0 
0 
0 
0 
0 
0 
0 
0 
0 
0 
0 
0 
0 
0 
0 
0 
0 
0 
0 
0 
0 
0 
0 
0 
0 
0 
0 
0 
0 
0 
0 
0 
0 
0 
0 
0 
0 
0 
0 
0 
0 
0 
0 
0 
0 
0 
0 
0 
0 
0 
0 
0 
0 
0 
0 
0 
0 
0 
0 
0 
0 
0 
0 
0 
0 
0 
0 
0 
0 
0 
0 
0 
0 
0 
0 
0 
0 
0 
0 
0 
0 
0 
0 
0 
0 
0 
0 
0 
0 
0 
0 
0 
0 
0 
0 
0 
0 
0 
0 
0 
0 
0 
0 
0 
0 
0 
0 
0 
0 
0 
0 
0 
0 
0 
0 
0 
0 
0 
0 
0 
0 
0 
0 
0 
0 
0 
0 
0 
0 
0 
0 
0 
0 
0 
0 
0 
0 
0 
0 
0 
0 
0 
0 
0 
0 
0 
0 
0 
0 
0 
0 
0 
0 
0 
0 
0 
0 
0 
0 
0 
0 
0 
0 
0 
0 
0 
0 
0 
0 
0 
0 
0 
0 
0 
0 
0 
0 
0 
0 
0 
0 
0 
0 
0 
0 
0 
0 
0 
0 
0 
0 
0 
0 
0 
0 
0 
0 
0 
0 
0 
0 
0 
0 
0 
0 
0 
0 
0 
0 
0 
0 
0 
0 
0 
0 
0 
0 
0 
0 
0 
0 
0 
0 
0 
0 
0 
0 
0 
0 
0 
0 
0 
0 
0 
0 
0 
0 
0 
0 
0 
0 
0 
0 
0 
0 
0 
0 
0 
0 
0 
0 
0 
0 
0 
0 
0 
0 
0 
0 
0 
0 
0 
0 
0 
0 
0 
0 
0 
0 
0 
0 
0 
0 
0 
0 
0 
0 
0 
0 
0 
0 
0 
0 
0 
0 
0 
0 
0 
0 
0 
0 
0 
0 
0 
0 
0 
0 
0 
0 
0 
0 
0 
0 
0 
0 
0 
0 
0 
0 
0 
0 
0 
0 
0 
0 
0 
0 
0 
0 
0 
0 
0 
0 
0 
0 
0 
0 
0 
0 
0 
0 
0 
0 
0 
0 
0 
0 
0 
0 
0 
0 
0 
0 
0 
0 
0 
0 
0 
0 
0 
0 
0 
0 
0 
0 
0 
0 
0 
0 
0 
0 
0 
0 
0 
0 
0 
0 
0 
0 
0 
0 
0 
0 
0 
0 
0 
0 
0 
0 
0 
0 
0 
0 
0 
0 
0 
0 
0 
0 
0 
0 
0 
0 
0 
0 
0 
0 
0 
0 
0 
0 
0 
0 
0 
0 
0 
0 
0 
0 
0 
0 
0 
0 
0 
0 
0 
0 
0 
0 
0 
0 
0 
0 
0 
0 
0 
0 
0 
0 
0 
0 
0 
0 
0 
0 
0 
0 
0 
0 
0 
0 
0 
0 
0 
0 
0 
0 
0 
0 
0 
0 
0 
0 
0 
0 
0 
0 
0 
0 
0 
0 
0 
0 
0 
0 
0 
0 
0 
0 
0 
0 
0 
0 
0 
0 
0 
0 
0 
0 
0 
0 
0 
0 
0 
0 
0 
0 
0 
0 
0 
0 
0 
0 
0 
0 
0 
0 
0 
0 
0 
0 
0 
0 
0 
0 
0 
0 
0 
0 
0 
0 
0 
0 
0 
0 
0 
0 
0 
0 
0 
0 
0 
0 
0 
0 
0 
0 
0 
0 
0 
0 
0 
0 
0 
0 
0 
0 
0 
0 
0 
0 
0 
0 
0 
0 
0 
0 
0 
0 
0 
0 
0 
0 
0 
0 
0 
0 
0 
0 
0 
0 
0 
0 
0 
0 
0 
0 
0 
0 
0 
0 
0 
0 
0 
0 
0 
0 
0 
0 
0 
0 
0 
0 
0 
0 
0 
0 
0 
0 
0 
0 
0 
0 
0 
0 
0 
0 
0 
0 
0 
0 
0 
0 
0 
0 
0 
0 
0 
0 
0 
0 
0 
0 
0 
0 
0 
0 
0 
0 
0 
0 
0 
0 
0 
0 
0 
0 
0 
0 
0 
0 
0 
0 
0 
0 
0 
0 
0 
0 
0 
0 
0 
0 
0 
0 
0 
0 
0 
0 
0 
0 
0 
0 
0 
0 
0 
0 
0 
0 
0 
0 
0 
0 
0 
0 
0 
0 
0 
0 
0 
0 
0 
0 
0 
0 
0 
0 
0 
0 
0 
0 
0 
0 
0 
0 
0 
0 
0 
0 
0 
0 
0 
0 
0 
0 
0 
0 
0 
0 
0 
0 
0 
0 
0 
0 
0 
0 
0 
0 
0 
0 
0 
0 
0 
0 
0 
0 
0 
0 
0 
0 
0 
0 
0 
0 
0 
0 
0 
0 
0 
0 
0 
0 
0 
0 
0 
0 
0 
0 
0 
0 
0 
0 
0 
0 
0 
0 
0 
0 
0 
0 
0 
0 
0 
0 
0 
0 
0 
0 
0 
0 
0 
0 
0 
0 
0 
0 
0 
0 
0 
0 
0 
0 
0 
0 
0 
0 
0 
0 
0 
0 
0 
0 
0 
0 
0 
0 
0 
0 
0 
0 
0 
0 
0 
0 
0 
0 
0 
0 
0 
0 
0 
0 
0 
0 
0 
0 
0 
0 
0 
0 
0 
0 
0 
0 
0 
0 
0 
0 
0 
0 
0 
0 
0 
0 
0 
0 
0 
0 
0 
0 
0 
0 
0 
0 
0 
0 
0 
0 
0 
0 
0 
0 
0 
0 
0 
0 
0 
0 
0 
0 
0 
0 
0 
0 
0 
0 
0 
0 
0 
0 
0 
0 
0 
0 
0 
0 
0 
0 
0 
0 
0 
0 
0 
0 
0 
0 
0 
0 
0 
0 
0 
0 
0 
0 
0 
0 
0 
0 
0 
0 
0 
0 
0 
0 
0 
0 
0 
0 
0 
0 
0 
0 
0 
0 
0 
0 
0 
0 
0 
0 
0 
0 
0 
0 
0 
0 
0 
0 
0 
0 
0 
0 
0 
0 
0 
0 
0 
0 
0 
0 
0 
0 
0 
0 
0 
0 
0 
0 
0 
0 
0 
0 
0 
0 
0 
0 
0 
0 
0 
0 
0 
0 
0 
0 
0 
0 
0 
0 
0 
0 
0 
0 
0 
0 
0 
0 
0 
0 
0 
0 
0 
0 
0 
0 
0 
0 
0 
0 
0 
0 
0 
0 
0 
0 
0 
0 
0 
0 
0 
0 
0 
0 
0 
0 
0 
0 
0 
0 
0 
0 
0 
0 
0 
0 
0 
0 
0 
0 
0 
0 
0 
0 
0 
0 
0 
0 
0 
0 
0 
0 
0 
0 
0 
0 
0 
0 
0 
0 
0 
0 
0 
0 
0 
0 
0 
0 
0 
0 
0 
0 
0 
0 
0 
0 
0 
0 
0 
0 
0 
0 
0 
0 
0 
0 
0 
0 
0 
0 
0 
0 
0 
0 
0 
0 
0 
0 
0 
0 
0 
0 
0 
0 
0 
0 
0 
0 
0 
0 
0 
0 
0 
0 
0 
0 
0 
0 
0 
0 
0 
0 
0 
0 
0 
0 
0 
0 
0 
0 
0 
0 
0 
0 
0 
0 
0 
0 
0 
0 
0 
0 
0 
0 
0 
0 
0 
0 
0 
0 
0 
0 
0 
0 
0 
0 
0 
0 
0 
0 
0 
0 
0 
0 
0 
0 
0 
0 
0 
0 
0 
0 
0 
0 
0 
0 
0 
0 
0 
0 
0 
0 
0 
0 
0 
0 
0 
0 
0 
0 
0 
0 
0 
0 
0 
0 
0 
0 
0 
0 
0 
0 
0 
0 
0 
0 
0 
0 
0 
0 
0 
0 
0 
0 
0 
0 
0 
0 
0 
0 
0 
0 
0 
0 
0 
0 
0 
0 
0 
0 
0 
0 
0 
0 
0 
0 
0 
0 
0 
0 
0 
0 
0 
0 
0 
0 
0 
0 
0 
0 
0 
0 
0 
0 
0 
0 
0 
0 
0 
0 
0 
0 
0 
0 
0 
0 
0 
0 
0 
0 
0 
0 
0 
0 
0 
0 
0 
0 
0 
0 
0 
0 
0 
0 
0 
0 
0 
0 
0 
0 
0 
0 
0 
0 
0 
0 
0 
0 
0 
0 
0 
0 
0 
0 
0 
0 
0 
0 
0 
0 
0 
0 
0 
0 
0 
0 
0 
0 
0 
0 
0 
0 
0 
0 
0 
0 
0 
0 
0 
0 
0 
0 
0 
0 
0 
0 
0 
0 
0 
0 
0 
0 
0 
0 
0 
0 
0 
0 
0 
0 
0 
0 
0 
0 
0 
0 
0 
0 
0 
0 
0 
0 
0 
0 
0 
0 
0 
0 
0 
0 
0 
0 
0 
0 
0 
0 
0 
0 
0 
0 
0 
0 
0 
0 
0 
0 
0 
0 
0 
0 
0 
0 
0 
0 
0 
0 
0 
0 
0 
0 
0 
0 
0 
0 
0 
0 
0 
0 
0 
0 
0 
0 
0 
0 
0 
0 
0 
0 
0 
0 
0 
0 
0 
0 
0 
0 
0 
0 
0 
0 
0 
0 
0 
0 
0 
0 
0 
0 
0 
0 
0 
0 
0 
0 
0 
0 
0 
0 
0 
0 
0 
0 
0 
0 
0 
0 
0 
0 
0 
0 
0 
0 
0 
0 
0 
0 
0 
0 
0 
0 
0 
0 
0 
0 
0 
0 
0 
0 
0 
0 
0 
0 
0 
0 
0 
0 
0 
0 
0 
0 
0 
0 
0 
0 
0 
0 
0 
0 
0 
0 
0 
0 
0 
0 
0 
0 
0 
0 
0 
0 
0 
0 
0 
0 
0 
0 
0 
0 
0 
0 
0 
0 
0 
0 
0 
0 
0 
0 
0 
0 
0 
0 
0 
0 
0 
0 
0 
0 
0 
0 
0 
0 
0 
0 
0 
0 
0 
0 
0 
0 
0 
0 
0 
0 
0 
0 
0 
0 
0 
0 
0 
0 
0 
0 
0 
0 
0 
0 
0 
0 
0 
0 
0 
0 
0 
0 
0 
0 
0 
0 
0 
0 
0 
0 
0 
0 
0 
0 
0 
0 
0 
0 
0 
0 
0 
0 
0 
0 
0 
0 
0 
0 
0 
0 
0 
0 
0 
0 
0 
0 
0 
0 
0 
0 
0 
0 
0 
0 
0 
0 
0 
0 
0 
0 
0 
0 
0 
0 
0 
0 
0 
0 
0 
0 
0 
0 
0 
0 
0 
0 
0 
0 
0 
0 
0 
0 
0 
0 
0 
0 
0 
0 
0 
0 
0 
0 
0 
0 
0 
0 
0 
0 
0 
0 
0 
0 
0 
0 
0 
0 
0 
0 
0 
0 
0 
0 
0 
0 
0 
0 
0 
0 
0 
0 
0 
0 
0 
0 
0 
0 
0 
0 
0 
0 
0 
0 
0 
0 
0 
0 
0 
0 
0 
0 
0 
0 
0 
0 
0 
0 
0 
0 
0 
0 
0 
0 
0 
0 
0 
0 
0 
0 
0 
0 
0 
0 
0 
0 
0 
0 
0 
0 
0 
0 
0 
0 
0 
0 
0 
0 
0 
0 
0 
0 
0 
0 
0 
0 
0 
0 
0 
0 
0 
0 
0 
0 
0 
0 
0 
0 
0 
0 
0 
0 
0 
0 
0 
0 
0 
0 
0 
0 
0 
0 
0 
0 
0 
0 
0 
0 
0 
0 
0 
0 
0 
0 
0 
0 
0 
0 
0 
0 
0 
0 
0 
0 
0 
0 
0 
0 
0 
0 
0 
0 
0 
0 
0 
0 
0 
0 
0 
0 
0 
0 
0 
0 
0 
0 
0 
0 
0 
0 
0 
0 
0 
0 
0 
0 
0 
0 
0 
0 
0 
0 
0 
0 
0 
0 
0 
0 
0 
0 
0 
0 
0 
0 
0 
0 
0 
0 
0 
0 
0 
0 
0 
0 
0 
0 
0 
0 
0 
0 
0 
0 
0 
0 
0 
0 
0 
0 
0 
0 
0 
0 
0 
0 
0 
0 
0 
0 
0 
0 
0 
0 
0 
0 
0 
0 
0 
0 
0 
0 
0 
0 
0 
0 
0 
0 
0 
0 
0 
0 
0 
0 
0 
0 
0 
0 
0 
0 
0 
0 
0 
0 
0 
0 
0 
0 
0 
0 
0 
0 
0 
0 
0 
0 
0 
0 
0 
0 
0 
0 
0 
0 
0 
0 
0 
0 
0 
0 
0 
0 
0 
0 
0 
0 
0 
0 
0 
0 
0 
0 
0 
0 
0 
0 
0 
0 
0 
0 
0 
0 
0 
0 
0 
0 
0 
0 
0 
0 
0 
0 
0 
0 
0 
0 
0 
0 
0 
0 
0 
0 
0 
0 
0 
0 
0 
0 
0 
0 
0 
0 
0 
0 
0 
0 
0 
0 
0 
0 
0 
0 
0 
0 
0 
0 
0 
0 
0 
0 
0 
0 
0 
0 
0 
0 
0 
0 
0 
0 
0 
0 
0 
0 
0 
0 
0 
0 
0 
0 
0 
0 
0 
0 
0 
0 
0 
0 
0 
0 
0 
0 
0 
0 
0 
0 
0 
0 
0 
0 
0 
0 
0 
0 
0 
0 
0 
0 
0 
0 
0 
0 
0 
0 
0 
0 
0 
0 
0 
0 
0 
0 
0 
0 
0 
0 
0 
0 
0 
0 
0 
0 
0 
0 
0 
0 
0 
0 
0 
0 
0 
0 
0 
0 
0 
0 
0 
0 
0 
0 
0 
0 
0 
0 
0 
0 
0 
0 
0 
0 
0 
0 
0 
0 
0 
0 
0 
0 
0 
0 
0 
0 
0 
0 
0 
0 
0 
0 
0 
0 
0 
0 
0 
0 
0 
0 
0 
0 
0 
0 
0 
0 
0 
0 
0 
0 
0 
0 
0 
0 
0 
0 
0 
0 
0 
0 
0 
0 
0 
0 
0 
0 
0 
0 
0 
0 
0 
0 
0 
0 
0 
0 
0 
0 
0 
0 
0 
0 
0 
0 
0 
0 
0 
0 
0 
0 
0 
0 
0 
0 
0 
0 
0 
0 
0 
0 
0 
0 
0 
0 
0 
0 
0 
0 
0 
0 
0 
0 
0 
0 
0 
0 
0 
0 
0 
0 
0 
0 
0 
0 
0 
0 
0 
0 
0 
0 
0 
0 
0 
0 
0 
0 
0 
0 
0 
0 
0 
0 
0 
0 
0 
0 
0 
0 
0 
0 
0 
0 
0 
0 
0 
0 
0 
0 
0 
0 
0 
0 
0 
0 
0 
0 
0 
0 
0 
0 
0 
0 
0 
0 
0 
0 
0 
0 
0 
0 
0 
0 
0 
0 
0 
0 
0 
0 
0 
0 
0 
0 
0 
0 
0 
0 
0 
0 
0 
0 
0 
0 
0 
0 
0 
0 
0 
0 
0 
0 
0 
0 
0 
0 
0 
0 
0 
0 
0 
0 
0 
0 
0 
0 
0 
0 
0 
0 
0 
0 
0 
0 
0 
0 
0 
0 
0 
0 
0 
0 
0 
0 
0 
0 
0 
0 
0 
0 
0 
0 
0 
0 
0 
0 
0 
0 
0 
0 
0 
0 
0 
0 
0 
0 
0 
0 
0 
0 
0 
0 
0 
0 
0 
0 
0 
0 
0 
0 
0 
0 
0 
0 
0 
0 
0 
0 
0 
0 
0 
0 
0 
0 
0 
0 
0 
0 
0 
0 
0 
0 
0 
0 
0 
0 
0 
0 
0 
0 
0 
0 
0 
0 
0 
0 
0 
0 
0 
0 
0 
0 
0 
0 
0 
0 
0 
0 
0 
0 
0 
0 
0 
0 
0 
0 
0 
0 
0 
0 
0 
0 
0 
0 
0 
0 
0 
0 
0 
0 
0 
0 
0 
0 
0 
0 
0 
0 
0 
0 
0 
0 
0 
0 
0 
0 
0 
0 
0 
0 
0 
0 
0 
0 
0 
0 
0 
0 
0 
0 
0 
0 
0 
0 
0 
0 
0 
0 
0 
0 
0 
0 
0 
0 
0 
0 
0 
0 
0 
0 
0 
0 
0 
0 
0 
0 
0 
0 
0 
0 
0 
0 
0 
0 
0 
0 
0 
0 
0 
0 
0 
0 
0 
0 
0 
0 
0 
0 
0 
0 
0 
0 
0 
0 
0 
0 
0 
0 
0 
0 
0 
0 
0 
0 
0 
0 
0 
0 
0 
0 
0 
0 
0 
0 
0 
0 
0 
0 
0 
0 
0 
0 
0 
0 
0 
0 
0 
0 
0 
0 
0 
0 
0 
0 
0 
0 
0 
0 
0 
0 
0 
0 
0 
0 
0 
0 
0 
0 
0 
0 
0 
0 
0 
0 
0 
0 
0 
0 
0 
0 
0 
0 
0 
0 
0 
0 
0 
0 
0 
0 
0 
0 
0 
0 
0 
0 
0 
0 
0 
0 
0 
0 
0 
0 
0 
0 
0 
0 
0 
0 
0 
0 
0 
0 
0 
0 
0 
0 
0 
0 
0 
0 
0 
0 
0 
0 
0 
0 
0 
0 
0 
0 
0 
0 
0 
0 
0 
0 
0 
0 
0 
0 
0 
0 
0 
0 
0 
0 
0 
0 
0 
0 
0 
0 
0 
0 
0 
0 
0 
0 
0 
0 
0 
0 
0 
0 
0 
0 
0 
0 
0 
0 
0 
0 
0 
0 
0 
0 
0 
0 
0 
0 
0 
0 
0 
0 
0 
0 
0 
0 
0 
0 
0 
0 
0 
0 
0 
0 
0 
0 
0 
0 
0 
0 
0 
0 
0 
0 
0 
0 
0 
0 
0 
0 
0 
0 
0 
0 
0 
0 
0 
0 
0 
0 
0 
0 
0 
0 
0 
0 
0 
0 
0 
0 
0 
0 
0 
0 
0 
0 
0 
0 
0 
0 
0 
0 
0 
0 
0 
0 
0 
0 
0 
0 
0 
0 
0 
0 
0 
0 
0 
0 
0 
0 
0 
0 
0 
0 
0 
0 
0 
0 
0 
0 
0 
0 
0 
0 
0 
0 
0 
0 
0 
0 
0 
0 
0 
0 
0 
0 
0 
0 
0 
0 
0 
0 
0 
0 
0 
0 
0 
0 
0 
0 
0 
0 
0 
0 
0 
0 
0 
0 
0 
0 
0 
0 
0 
0 
0 
0 
0 
0 
0 
0 
0 
0 
0 
0 
0 
0 
0 
0 
0 
0 
0 
0 
0 
0 
0 
0 
0 
0 
0 
0 
0 
0 
0 
0 
0 
0 
0 
0 
0 
0 
0 
0 
0 
0 
0 
0 
0 
0 
0 
0 
0 
0 
0 
0 
0 
0 
0 
0 
0 
0 
0 
0 
0 
0 
0 
0 
0 
0 
0 
0 
0 
0 
0 
0 
0 
0 
0 
0 
0 
0 
0 
0 
0 
0 
0 
0 
0 
0 
0 
0 
0 
0 
0 
0 
0 
0 
0 
0 
0 
0 
0 
0 
0 
0 
0 
0 
0 
0 
0 
0 
0 
0 
0 
0 
0 
0 
0 
0 
0 
0 
0 
0 
0 
0 
0 
0 
0 
0 
0 
0 
0 
0 
0 
0 
0 
0 
0 
0 
0 
0 
0 
0 
0 
0 
0 
0 
0 
0 
0 
0 
0 
0 
0 
0 
0 
0 
0 
0 
0 
0 
0 
0 
0 
0 
0 
0 
0 
0 
0 
0 
0 
0 
0 
0 
0 
0 
0 
0 
0 
0 
0 
0 
0 
0 
0 
0 
0 
0 
0 
0 
0 
0 
0 
0 
0 
0 
0 
0 
0 
0 
0 
0 
0 
0 
0 
0 
0 
0 
0 
0 
0 
0 
0 
0 
0 
0 
0 
0 
0 
0 
0 
0 
0 
0 
0 
0 
0 
0 
0 
0 
0 
0 
0 
0 
0 
0 
0 
0 
0 
0 
0 
0 
0 
0 
0 
0 
0 
0 
0 
0 
0 
0 
0 
0 
0 
0 
0 
0 
0 
0 
0 
0 
0 
0 
0 
0 
0 
0 
0 
0 
0 
0 
0 
0 
0 
0 
0 
0 
0 
0 
0 
0 
0 
0 
0 
0 
0 
0 
0 
0 
0 
0 
0 
0 
0 
0 
0 
0 
0 
0 
0 
0 
0 
0 
0 
0 
0 
0 
0 
0 
0 
0 
0 
0 
0 
0 
0 
0 
0 
0 
0 
0 
0 
0 
0 
0 
0 
0 
0 
0 
0 
0 
0 
0 
0 
0 
0 
0 
0 
0 
0 
0 
0 
0 
0 
0 
0 
0 
0 
0 
0 
0 
0 
0 
0 
0 
0 
0 
0 
0 
0 
0 
0 
0 
0 
0 
0 
0 
0 
0 
0 
0 
0 
0 
0 
0 
0 
0 
0 
0 
0 
0 
0 
0 
0 
0 
0 
0 
0 
0 
0 
0 
0 
0 
0 
0 
0 
0 
0 
0 
0 
0 
0 
0 
0 
0 
0 
0 
0 
0 
0 
0 
0 
0 
0 
0 
0 
0 
0 
0 
0 
0 
0 
0 
0 
0 
0 
0 
0 
0 
0 
0 
0 
0 
0 
0 
0 
0 
0 
0 
0 
0 
0 
0 
0 
0 
0 
0 
0 
0 
0 
0 
0 
0 
0 
0 
0 
0 
0 
0 
0 
0 
0 
0 
0 
0 
0 
0 
0 
0 
0 
0 
0 
0 
0 
0 
0 
0 
0 
0 
0 
0 
0 
0 
0 
0 
0 
0 
0 
0 
0 
0 
0 
0 
0 
0 
0 
0 
0 
0 
0 
0 
0 
0 
0 
0 
0 
0 
0 
0 
0 
0 
0 
0 
0 
0 
0 
0 
0 
0 
0 
0 
0 
0 
0 
0 
0 
0 
0 
0 
0 
0 
0 
0 
0 
0 
0 
0 
0 
0 
0 
0 
0 
0 
0 
0 
0 
0 
0 
0 
0 
0 
0 
0 
0 
0 
0 
0 
0 
0 
0 
0 
0 
0 
0 
0 
0 
0 
0 
0 
0 
0 
0 
0 
0 
0 
0 
0 
0 
0 
0 
0 
0 
0 
0 
0 
0 
0 
0 
0 
0 
0 
0 
0 
0 
0 
0 
0 
0 
0 
0 
0 
0 
0 
0 
0 
0 
0 
0 
0 
0 
0 
0 
0 
0 
0 
0 
0 
0 
0 
0 
0 
0 
0 
0 
0 
0 
0 
0 
0 
0 
0 
0 
0 
0 
0 
0 
0 
0 
0 
0 
0 
0 
0 
0 
0 
0 
0 
0 
0 
0 
0 
0 
0 
0 
0 
0 
0 
0 
0 
0 
0 
0 
0 
0 
0 
0 
0 
0 
0 
0 
0 
0 
0 
0 
0 
0 
0 
0 
0 
0 
0 
0 
0 
0 
0 
0 
0 
0 
0 
0 
0 
0 
0 
0 
0 
0 
0 
0 
0 
0 
0 
0 
0 
0 
0 
0 
0 
0 
0 
0 
0 
0 
0 
0 
0 
0 
0 
0 
0 
0 
0 
0 
0 
0 
0 
0 
0 
0 
0 
0 
0 
0 
0 
0 
0 
0 
0 
0 
0 
0 
0 
0 
0 
0 
0 
0 
0 
0 
0 
0 
0 
0 
0 
0 
0 
0 
0 
0 
0 
0 
0 
0 
0 
0 
0 
0 
0 
0 
0 
0 
0 
0 
0 
0 
0 
0 
0 
0 
0 
0 
0 
0 
0 
0 
0 
0 
0 
0 
0 
0 
0 
0 
0 
0 
0 
0 
0 
0 
0 
0 
0 
0 
0 
0 
0 
0 
0 
0 
0 
0 
0 
0 
0 
0 
0 
0 
0 
0 
0 
0 
0 
0 
0 
0 
0 
0 
0 
0 
0 
0 
0 
0 
0 
0 
0 
0 
0 
0 
0 
0 
0 
0 
0 
0 
0 
0 
0 
0 
0 
0 
0 
0 
0 
0 
0 
0 
0 
0 
0 
0 
0 
0 
0 
0 
0 
0 
0 
0 
0 
0 
0 
0 
0 
0 
0 
0 
0 
0 
0 
0 
0 
0 
0 
0 
0 
0 
0 
0 
0 
0 
0 
0 
0 
0 
0 
0 
0 
0 
0 
0 
0 
0 
0 
0 
0 
0 
0 
0 
0 
0 
0 
0 
0 
0 
0 
0 
0 
0 
0 
0 
0 
0 
0 
0 
0 
0 
0 
0 
0 
0 
0 
0 
0 
0 
0 
0 
0 
0 
0 
0 
0 
0 
0 
0 
0 
0 
0 
0 
0 
0 
0 
0 
0 
0 
0 
0 
0 
0 
0 
0 
0 
0 
0 
0 
0 
0 
0 
0 
0 
0 
0 
0 
0 
0 
0 
0 
0 
0 
0 
0 
0 
0 
0 
0 
0 
0 
0 
0 
0 
0 
0 
0 
0 
0 
0 
0 
0 
0 
0 
0 
0 
0 
0 
0 
0 
0 
0 
0 
0 
0 
0 
0 
0 
0 
0 
0 
0 
0 
0 
0 
0 
0 
0 
0 
0 
0 
0 
0 
0 
0 
0 
0 
0 
0 
0 
0 
0 
0 
0 
0 
0 
0 
0 
0 
0 
0 
0 
0 
0 
0 
0 
0 
0 
0 
0 
0 
0 
0 
0 
0 
0 
0 
0 
0 
0 
0 
0 
0 
0 
0 
0 
0 
0 
0 
0 
0 
0 
0 
0 
0 
0 
0 
0 
0 
0 
0 
0 
0 
0 
0 
0 
0 
0 
0 
0 
0 
0 
0 
0 
0 
0 
0 
0 
0 
0 
0 
0 
0 
0 
0 
0 
0 
0 
0 
0 
0 
0 
0 
0 
0 
0 
0 
0 
0 
0 
0 
0 
0 
0 
0 
0 
0 
0 
0 
0 
0 
0 
0 
0 
0 
0 
0 
0 
0 
0 
0 
0 
0 
0 
0 
0 
0 
0 
0 
0 
0 
0 
0 
0 
0 
0 
0 
0 
0 
0 
0 
0 
0 
0 
0 
0 
0 
0 
0 
0 
0 
0 
0 
0 
0 
0 
0 
0 
0 
0 
0 
0 
0 
0 
0 
0 
0 
0 
0 
0 
0 
0 
0 
0 
0 
0 
0 
0 
0 
0 
0 
0 
0 
0 
0 
0 
0 
0 
0 
0 
0 
0 
0 
0 
0 
0 
0 
0 
0 
0 
0 
0 
0 
0 
0 
0 
0 
0 
0 
0 
0 
0 
0 
0 
0 
0 
0 
0 
0 
0 
0 
0 
0 
0 
0 
0 
0 
0 
0 
0 
0 
0 
0 
0 
0 
0 
0 
0 
0 
0 
0 
0 
0 
0 
0 
0 
0 
0 
0 
0 
0 
0 
0 
0 
0 
0 
0 
0 
0 
0 
0 
0 
0 
0 
0 
0 
0 
0 
0 
0 
0 
0 
0 
0 
0 
0 
0 
0 
0 
0 
0 
0 
0 
0 
0 
0 
0 
0 
0 
0 
0 
0 
0 
0 
0 
0 
0 
0 
0 
0 
0 
0 
0 
0 
0 
0 
0 
0 
0 
0 
0 
0 
0 
0 
0 
0 
0 
0 
0 
0 
0 
0 
0 
0 
0 
0 
0 
0 
0 
0 
0 
0 
0 
0 
0 
0 
0 
0 
0 
0 
0 
0 
0 
0 
0 
0 
0 
0 
0 
0 
0 
0 
0 
0 
0 
0 
0 
0 
0 
0 
0 
0 
0 
0 
0 
0 
0 
0 
0 
0 
0 
0 
0 
0 
0 
0 
0 
0 
0 
0 
0 
0 
0 
0 
0 
0 
0 
0 
0 
0 
0 
0 
0 
0 
0 
0 
0 
0 
0 
0 
0 
0 
0 
0 
0 
0 
0 
0 
0 
0 
0 
0 
0 
0 
0 
0 
!IDEND=

