!FILE=Disk 
!KIND=Matrix 
!LABORATORY=Oslo Cyclotron Laboratory (OCL) 
!EXPERIMENT=siri2root 
!COMMENT=none
!TIME=2021-01-12 12:43:12
!CALIBRATION EkeV=6, 0.000000E+00, 1.000000E+00, 0.000000E+00
!PRECISION=16
!DIMENSION=1,0:20999
!CHANNEL=(0:20999)
1354.82 
1119 
910.889 
754.683 
659.286 
617.689 
622.198 
658.188 
698.866 
726.713 
738.88 
738.833 
729.736 
714.764 
700.65 
692.257 
690.154 
693.642 
701.681 
712.795 
725.699 
739.274 
752.398 
764.003 
773.603 
779.945 
781.746 
780.542 
778.598 
777.354 
778.744 
783.868 
791.507 
800.481 
810.022 
818.749 
825.496 
829.655 
831.132 
830.004 
826.93 
823.323 
820.296 
818.374 
817.583 
817.505 
817.853 
818.515 
819.356 
820.355 
821.724 
823.797 
826.708 
830.196 
833.658 
836.324 
837.624 
837.378 
835.847 
834.191 
833.975 
835.879 
839.919 
845.961 
853.526 
861.812 
869.98 
877.417 
883.783 
888.808 
892.068 
893.504 
893.7 
893.007 
891.844 
891.125 
891.39 
893.362 
898.152 
905.639 
914.343 
922.509 
928.773 
932.565 
934.216 
934.796 
935.664 
937.947 
942.258 
948.744 
957.165 
967 
977.656 
988.644 
999.591 
1010.16 
1019.97 
1028.61 
1035.81 
1041.48 
1045.85 
1049.35 
1052.54 
1055.91 
1059.77 
1064.26 
1069.41 
1075.24 
1081.84 
1089.32 
1097.76 
1107.17 
1117.44 
1128.3 
1139.36 
1150.17 
1160.32 
1169.46 
1177.33 
1183.84 
1189.03 
1193.15 
1196.55 
1199.65 
1202.73 
1205.94 
1209.28 
1212.73 
1216.31 
1220.1 
1224.22 
1228.78 
1233.78 
1239.03 
1244.15 
1248.72 
1252.63 
1256.23 
1260.26 
1265.67 
1273.32 
1283.54 
1295.99 
1309.63 
1322.91 
1334.09 
1341.83 
1345.46 
1344.85 
1340.87 
1335.69 
1331.38 
1328.92 
1328.34 
1329.45 
1331.9 
1334.35 
1335.17 
1333.72 
1330 
1324.14 
1316.51 
1307.78 
1298.77 
1290.31 
1283.26 
1278.36 
1276.17 
1276.87 
1280.54 
1287.08 
1295.93 
1306.06 
1316.27 
1325.34 
1332.33 
1336.69 
1338.62 
1338.9 
1337.96 
1336 
1333.4 
1330.5 
1327.42 
1324.07 
1320.27 
1315.94 
1311.16 
1306.12 
1301.09 
1296.3 
1291.83 
1287.61 
1283.4 
1278.9 
1273.76 
1267.78 
1260.95 
1253.47 
1245.81 
1238.53 
1232.13 
1226.91 
1222.83 
1219.56 
1216.38 
1212.46 
1207.13 
1200.14 
1191.7 
1182.44 
1173.17 
1164.56 
1156.97 
1150.47 
1144.95 
1140.17 
1135.91 
1132.12 
1128.88 
1126.38 
1124.71 
1123.74 
1123.1 
1122.23 
1120.47 
1117.28 
1112.39 
1105.84 
1097.96 
1089.29 
1080.47 
1072.11 
1064.69 
1058.59 
1054.38 
1052.85 
1054.36 
1059.26 
1068.19 
1081.34 
1097.95 
1116.43 
1134.52 
1149.79 
1160.2 
1165.21 
1165.77 
1162.5 
1156.04 
1147.91 
1139.66 
1132.04 
1125.19 
1118.84 
1112.49 
1105.78 
1098.73 
1091.69 
1085.34 
1080.33 
1076.9 
1074.77 
1073.19 
1071.22 
1068.08 
1063.39 
1057.26 
1050.2 
1042.89 
1036 
1029.96 
1024.93 
1020.9 
1017.74 
1015.32 
1013.54 
1012.33 
1011.5 
1010.7 
1009.41 
1007.03 
1003.12 
997.581 
990.726 
983.236 
975.968 
969.702 
964.955 
961.906 
960.501 
960.912 
962.345 
962.87 
961.939 
959.861 
956.598 
952.32 
947.482 
942.724 
938.701 
935.908 
934.586 
934.78 
936.183 
938.01 
939.469 
940.116 
939.814 
938.673 
937.065 
935.532 
934.478 
934.035 
934.506 
935.601 
935.923 
934.73 
931.993 
927.657 
922.046 
915.982 
910.585 
906.907 
905.57 
906.739 
910.11 
914.817 
919.865 
924.575 
928.662 
932.432 
936.58 
940.341 
941.433 
938.625 
931.227 
917.766 
897.206 
869.861 
837.56 
803.554 
771.639 
744.906 
724.931 
711.564 
703.279 
698.029 
694.091 
690.448 
686.735 
682.93 
679.028 
674.849 
670.112 
664.697 
658.794 
652.931 
647.878 
644.34 
642.628 
642.313 
642.521 
642.643 
641.911 
639.206 
633.992 
626.67 
618.334 
610.374 
603.971 
599.807 
598.128 
598.969 
601.876 
605.769 
609.584 
612.496 
613.896 
613.558 
611.096 
605.877 
597.914 
587.955 
577.003 
566.062 
555.916 
547.039 
539.604 
533.506 
528.469 
524.237 
520.668 
517.707 
515.301 
513.306 
511.441 
509.327 
506.616 
503.143 
498.984 
494.514 
490.422 
487.527 
486.406 
487.231 
489.827 
493.624 
497.18 
498.607 
497 
492.129 
483.867 
472.792 
460.364 
448.494 
438.897 
432.634 
430.105 
431.362 
435.554 
440.639 
444.7 
446.811 
446.826 
444.837 
441.171 
436.739 
432.68 
429.863 
428.728 
429.368 
431.38 
433.76 
435.435 
435.719 
434.386 
431.554 
427.633 
423.252 
419.041 
415.458 
412.694 
410.65 
409.016 
407.441 
405.678 
403.641 
401.409 
399.179 
397.142 
395.396 
393.938 
392.679 
391.489 
390.266 
388.991 
387.735 
386.63 
385.8 
385.278 
384.983 
384.739 
384.334 
383.608 
382.498 
381.063 
379.444 
377.782 
376.144 
374.498 
372.738 
370.761 
368.552 
366.22 
363.967 
361.997 
360.414 
359.18 
358.115 
356.935 
355.379 
353.343 
350.932 
348.429 
346.189 
344.485 
343.388 
342.739 
342.184 
341.317 
339.849 
337.727 
335.168 
332.615 
330.594 
329.46 
329.287 
330.059 
331.593 
333.509 
335.061 
335.236 
333.51 
329.537 
323.073 
314.608 
305.104 
295.452 
286.255 
277.799 
270.028 
262.641 
255.337 
248.029 
240.898 
234.34 
228.796 
224.556 
221.652 
219.845 
218.672 
217.606 
216.241 
214.386 
212.026 
209.278 
206.354 
203.487 
200.881 
198.705 
197.113 
196.247 
196.204 
197.013 
198.634 
200.918 
203.589 
206.279 
208.56 
210.034 
210.461 
209.775 
208.077 
205.706 
203.191 
201.072 
199.726 
199.284 
199.758 
200.961 
202.163 
202.429 
201.367 
198.964 
195.304 
190.718 
185.852 
181.524 
178.485 
177.016 
176.899 
177.951 
179.95 
182.292 
184.251 
185.409 
185.725 
185.259 
184.16 
182.816 
181.687 
181.034 
180.86 
181.117 
181.695 
182.289 
182.591 
182.49 
181.912 
180.793 
179.312 
177.835 
176.672 
175.967 
175.724 
175.913 
176.316 
176.566 
176.537 
176.191 
175.445 
174.454 
173.538 
172.962 
172.861 
173.262 
174.116 
175.258 
176.436 
177.392 
177.936 
177.988 
177.538 
176.635 
175.434 
174.154 
172.979 
172.006 
171.233 
170.569 
169.856 
168.946 
167.772 
166.38 
164.915 
163.583 
162.567 
161.954 
161.707 
161.683 
161.67 
161.436 
160.804 
159.716 
158.266 
156.686 
155.294 
154.4 
154.202 
154.756 
155.998 
157.706 
159.52 
160.93 
161.416 
160.762 
159.002 
156.336 
153.174 
150.055 
147.489 
145.817 
145.187 
145.616 
146.903 
148.611 
150.375 
152.007 
153.402 
154.498 
155.233 
155.544 
155.397 
154.761 
153.609 
152.048 
150.389 
149.069 
148.446 
148.653 
149.704 
151.486 
153.556 
155.19 
155.74 
154.97 
152.969 
150.1 
147.036 
144.571 
143.272 
143.312 
144.588 
146.709 
149.05 
151.054 
152.424 
153.069 
152.986 
152.383 
151.653 
151.006 
150.441 
149.919 
149.394 
148.85 
148.318 
147.856 
147.475 
147.104 
146.614 
145.897 
144.937 
143.846 
142.828 
142.08 
141.697 
141.602 
141.625 
141.586 
141.248 
140.414 
139.052 
137.291 
135.395 
133.658 
132.301 
131.407 
130.92 
130.724 
130.768 
130.925 
131 
130.983 
130.894 
130.669 
130.315 
129.888 
129.424 
128.937 
128.418 
127.828 
127.093 
126.14 
124.958 
123.616 
122.264 
121.084 
120.229 
119.751 
119.609 
119.765 
120.173 
120.751 
121.452 
122.296 
123.332 
124.581 
126.007 
127.516 
128.966 
130.195 
131.057 
131.479 
131.475 
131.069 
130.298 
129.226 
127.896 
126.327 
124.554 
122.649 
120.723 
118.912 
117.352 
116.161 
115.417 
115.154 
115.379 
116.009 
116.812 
117.439 
117.557 
117.027 
115.87 
114.197 
112.233 
110.273 
108.599 
107.433 
106.869 
106.873 
107.404 
108.42 
109.842 
111.603 
113.613 
115.685 
117.527 
118.812 
119.308 
118.943 
117.788 
116.079 
114.169 
112.401 
111.015 
110.112 
109.648 
109.476 
109.431 
109.411 
109.378 
109.334 
109.283 
109.224 
109.122 
108.914 
108.571 
108.137 
107.739 
107.522 
107.554 
107.952 
108.896 
110.359 
112.089 
113.756 
115.028 
115.683 
115.653 
114.953 
113.699 
112.178 
110.757 
109.727 
109.229 
109.321 
109.723 
109.914 
109.795 
109.395 
108.795 
108.436 
108.639 
109.913 
113.203 
118.938 
126.713 
135.634 
144.569 
152.405 
158.28 
161.776 
163.238 
163.508 
163.028 
162.023 
160.973 
160.266 
159.967 
159.935 
160.064 
160.301 
160.543 
160.697 
160.746 
160.741 
160.725 
160.706 
160.735 
160.926 
161.356 
162.025 
162.856 
163.675 
164.269 
164.487 
164.283 
163.697 
162.87 
162.023 
161.375 
161.061 
161.117 
161.498 
162.059 
162.622 
163.044 
163.268 
163.299 
163.156 
162.857 
162.448 
161.99 
161.561 
161.278 
161.257 
161.545 
162.123 
162.919 
163.78 
164.513 
164.953 
165.016 
164.687 
164.007 
163.112 
162.193 
161.406 
160.829 
160.439 
160.116 
159.665 
158.871 
157.581 
155.779 
153.611 
151.371 
149.448 
148.222 
147.93 
148.637 
150.251 
152.461 
154.777 
156.678 
157.782 
157.936 
157.121 
155.436 
153.2 
150.858 
148.765 
147.072 
145.766 
144.735 
143.839 
143.051 
142.534 
142.464 
143.126 
144.859 
147.558 
150.767 
153.887 
156.193 
157.153 
156.606 
154.727 
152.101 
149.566 
147.864 
147.157 
147.076 
147.366 
147.825 
148.114 
148.093 
147.713 
146.943 
145.947 
144.965 
144.235 
143.996 
144.353 
145.358 
147.113 
149.651 
152.84 
156.401 
159.965 
163.156 
165.673 
167.323 
168.019 
167.747 
166.578 
164.665 
162.163 
159.226 
156.061 
152.936 
150.146 
147.958 
146.556 
146.022 
146.368 
147.447 
148.888 
150.295 
151.361 
151.886 
151.81 
151.115 
149.803 
147.993 
145.887 
143.695 
141.615 
139.853 
138.707 
138.507 
139.4 
141.377 
144.349 
148.058 
152.024 
155.608 
158.177 
159.332 
158.96 
157.236 
154.693 
152.008 
149.724 
148.12 
147.171 
146.624 
146.183 
145.666 
145.043 
144.419 
143.985 
143.894 
144.193 
144.821 
145.584 
146.194 
146.421 
146.185 
145.529 
144.608 
143.683 
143.065 
143.007 
143.595 
144.794 
146.45 
148.266 
149.857 
150.877 
151.146 
150.623 
149.398 
147.769 
146.138 
144.83 
143.995 
143.665 
143.835 
144.382 
145.073 
145.78 
146.519 
147.236 
147.712 
147.776 
147.241 
145.9 
143.77 
140.975 
137.769 
134.677 
132.336 
131.212 
131.446 
132.922 
135.245 
137.851 
140.192 
141.83 
142.603 
142.399 
141.649 
141.405 
141.937 
142.912 
144.072 
145.128 
145.872 
146.207 
146.104 
145.622 
144.921 
144.169 
143.477 
142.89 
142.419 
142.076 
141.891 
141.885 
142.08 
142.501 
143.133 
143.93 
144.836 
145.772 
146.661 
147.44 
148.069 
148.532 
148.84 
149.003 
149.011 
148.851 
148.509 
147.94 
147.091 
145.947 
144.538 
142.948 
141.309 
139.788 
138.553 
137.75 
137.467 
137.728 
138.544 
139.926 
141.828 
144.122 
146.576 
148.845 
150.515 
151.275 
151.024 
149.762 
147.612 
144.971 
142.389 
140.306 
138.946 
138.368 
138.569 
139.362 
140.364 
141.317 
142.167 
142.904 
143.51 
143.941 
144.149 
144.115 
143.834 
143.314 
142.613 
141.809 
140.963 
140.097 
139.218 
138.371 
137.687 
137.322 
137.347 
137.838 
138.9 
140.44 
142.172 
143.778 
145.02 
145.801 
146.192 
146.405 
146.725 
147.368 
148.379 
149.583 
150.63 
151.182 
151.109 
150.28 
148.502 
145.873 
142.787 
139.714 
137.104 
135.319 
134.568 
134.908 
136.221 
138.14 
140.148 
141.72 
142.563 
142.709 
142.233 
141.294 
140.362 
139.921 
140.147 
141.122 
142.843 
144.907 
146.636 
147.527 
147.425 
146.307 
144.256 
141.661 
139.072 
136.94 
135.542 
134.996 
135.316 
136.368 
137.846 
139.443 
140.884 
141.886 
142.244 
141.895 
140.862 
139.337 
137.842 
136.964 
136.953 
137.918 
139.81 
142.011 
143.592 
143.913 
142.78 
140.394 
137.421 
134.835 
133.379 
133.29 
134.569 
137.007 
139.977 
142.743 
144.853 
146.199 
146.998 
147.666 
148.547 
149.686 
150.767 
151.359 
151.259 
150.27 
148.16 
145.183 
141.992 
139.181 
137.118 
135.944 
135.506 
135.478 
135.699 
136.164 
136.913 
138.101 
139.943 
142.48 
145.443 
148.288 
150.325 
151.011 
150.168 
147.912 
144.661 
141.088 
137.902 
135.63 
134.418 
134.086 
134.482 
135.433 
136.581 
137.621 
138.403 
138.879 
139.12 
139.288 
139.57 
140.086 
140.845 
141.72 
142.407 
142.544 
141.975 
140.72 
138.906 
136.798 
134.745 
133.047 
131.855 
131.167 
130.908 
131.026 
131.384 
131.744 
132.037 
132.395 
133.016 
134.083 
135.664 
137.663 
139.815 
141.707 
142.866 
142.954 
141.865 
139.704 
136.833 
133.803 
131.16 
129.298 
128.395 
128.478 
129.287 
130.235 
130.868 
131.048 
130.756 
130.065 
129.208 
128.497 
128.154 
128.247 
128.767 
129.642 
130.726 
131.873 
132.999 
134.068 
135.056 
135.911 
136.532 
136.804 
136.674 
136.124 
135.209 
134.157 
133.374 
133.24 
133.893 
135.28 
137.181 
139.174 
140.761 
141.579 
141.519 
140.639 
139.201 
137.682 
136.547 
136.016 
135.946 
136.026 
136.108 
136.095 
135.705 
134.681 
133.12 
131.415 
130.034 
129.304 
129.319 
130.115 
131.692 
133.855 
136.264 
138.582 
140.544 
141.987 
142.853 
143.225 
143.268 
143.062 
142.614 
141.935 
141.029 
139.89 
138.534 
137.029 
135.504 
134.125 
133.033 
132.296 
131.885 
131.73 
131.788 
131.932 
131.989 
131.942 
131.854 
131.794 
131.936 
132.441 
133.267 
134.293 
135.351 
136.18 
136.577 
136.478 
135.958 
135.251 
134.632 
134.24 
134.105 
134.218 
134.489 
134.744 
134.913 
135.089 
135.465 
136.25 
137.561 
139.369 
141.466 
143.458 
144.895 
145.476 
145.114 
143.968 
142.504 
141.285 
140.686 
140.823 
141.559 
142.448 
142.998 
143.018 
142.386 
141.024 
139.241 
137.542 
136.257 
135.495 
135.21 
135.343 
135.712 
136.01 
136.137 
136.253 
136.618 
137.474 
138.907 
140.783 
142.754 
144.323 
145.068 
144.833 
143.563 
141.307 
138.477 
135.705 
133.514 
132.141 
131.591 
131.814 
132.397 
132.706 
132.635 
132.166 
131.11 
129.677 
128.312 
127.339 
126.909 
127.047 
127.603 
128.281 
128.894 
129.44 
130.032 
130.864 
132.113 
133.837 
135.934 
138.161 
140.195 
141.717 
142.525 
142.567 
141.851 
140.436 
138.503 
136.328 
134.215 
132.455 
131.272 
130.692 
130.562 
130.783 
131.286 
131.909 
132.489 
132.964 
133.376 
133.839 
134.449 
135.23 
136.119 
136.986 
137.709 
138.238 
138.626 
139.015 
139.556 
140.343 
141.369 
142.511 
143.425 
143.682 
143.095 
141.674 
139.514 
136.847 
134.043 
131.523 
129.674 
128.712 
128.66 
129.494 
131.13 
133.303 
135.599 
137.55 
138.766 
139.075 
138.448 
137.025 
135.257 
133.795 
133.146 
133.485 
134.82 
136.97 
139.335 
141.009 
141.243 
139.776 
136.743 
132.64 
128.323 
124.753 
122.656 
122.335 
123.838 
127.003 
131.302 
135.98 
140.318 
143.764 
145.994 
147.013 
147.092 
146.401 
145.01 
143.06 
140.703 
138.057 
135.247 
132.439 
129.86 
127.769 
126.406 
125.919 
126.35 
127.585 
129.287 
131.025 
132.392 
133.133 
133.204 
132.626 
131.493 
130.081 
128.757 
127.854 
127.587 
128.022 
129.117 
130.734 
132.668 
134.708 
136.663 
138.384 
139.774 
140.783 
141.413 
141.685 
141.612 
141.28 
140.877 
140.546 
140.318 
140.144 
139.891 
139.367 
138.356 
136.697 
134.366 
131.51 
128.433 
125.553 
123.313 
122.039 
121.85 
122.757 
124.665 
127.266 
130.123 
132.845 
135.177 
137.037 
138.518 
139.837 
141.205 
142.686 
144.145 
145.279 
145.786 
145.542 
144.474 
142.563 
140.085 
137.532 
135.333 
133.712 
132.645 
131.906 
131.201 
130.329 
129.268 
128.192 
127.412 
127.191 
127.616 
128.586 
129.772 
130.72 
131.193 
131.275 
131.066 
130.71 
130.476 
130.507 
130.927 
131.884 
133.208 
134.491 
135.399 
135.805 
135.853 
135.796 
135.802 
136.026 
136.568 
137.335 
138.063 
138.488 
138.507 
138.01 
136.826 
134.996 
132.773 
130.484 
128.493 
127.153 
126.7 
127.206 
128.599 
130.617 
132.834 
134.757 
135.956 
136.187 
135.388 
133.659 
131.341 
128.954 
127.035 
125.955 
125.841 
126.701 
128.438 
130.736 
133.152 
135.268 
136.783 
137.547 
137.525 
136.762 
135.402 
133.655 
131.744 
129.889 
128.287 
127.098 
126.403 
126.2 
126.475 
127.196 
128.27 
129.566 
130.949 
132.286 
133.466 
134.408 
135.072 
135.46 
135.631 
135.67 
135.617 
135.475 
135.237 
134.861 
134.296 
133.527 
132.596 
131.6 
130.684 
130.013 
129.713 
129.826 
130.39 
131.465 
133.023 
134.924 
136.944 
138.774 
140.069 
140.584 
140.242 
139.111 
137.451 
135.731 
134.466 
133.999 
134.43 
135.609 
137.087 
138.309 
138.963 
139.053 
138.652 
137.88 
137.006 
136.271 
135.784 
135.573 
135.636 
135.937 
136.418 
137.041 
137.783 
138.465 
138.753 
138.452 
137.429 
135.52 
132.805 
129.723 
126.946 
125.12 
124.627 
125.569 
127.823 
130.968 
134.366 
137.37 
139.478 
140.438 
140.186 
138.902 
137.077 
135.262 
133.846 
133.001 
132.721 
132.957 
133.511 
133.999 
134.191 
134.063 
133.68 
133.269 
133.089 
133.254 
133.775 
134.58 
135.324 
135.515 
134.929 
133.576 
131.557 
129.141 
126.764 
124.92 
123.963 
124.002 
125.016 
126.854 
129.159 
131.492 
133.505 
134.999 
135.932 
136.403 
136.63 
136.876 
137.359 
138.186 
139.326 
140.613 
141.775 
142.545 
142.785 
142.466 
141.673 
140.682 
139.88 
139.559 
139.808 
140.512 
141.294 
141.739 
141.675 
140.944 
139.368 
137.232 
135.285 
134.19 
134.183 
135.376 
137.79 
140.944 
144.028 
146.344 
147.505 
147.407 
146.198 
144.308 
142.269 
140.487 
139.18 
138.41 
138.106 
138.074 
138.112 
138.131 
138.031 
137.646 
136.88 
135.752 
134.381 
133.011 
131.948 
131.419 
131.498 
132.149 
133.207 
134.347 
135.221 
135.621 
135.492 
134.962 
134.378 
134.022 
133.949 
134.136 
134.505 
134.9 
135.216 
135.486 
135.859 
136.513 
137.533 
138.868 
140.317 
141.48 
141.911 
141.42 
140.042 
137.959 
135.54 
133.281 
131.679 
131.069 
131.552 
133.117 
135.629 
138.684 
141.671 
143.938 
145.094 
145.132 
144.118 
142.244 
140.102 
138.463 
137.858 
138.447 
140.064 
142.168 
143.991 
144.959 
144.89 
143.775 
141.771 
139.414 
137.443 
136.383 
136.398 
137.445 
139.266 
141.287 
142.821 
143.399 
142.877 
141.365 
139.245 
137.098 
135.461 
134.64 
134.716 
135.576 
136.892 
138.27 
139.421 
140.185 
140.499 
140.356 
139.812 
138.964 
137.904 
136.744 
135.663 
134.874 
134.539 
134.709 
135.326 
136.202 
137.066 
137.68 
137.917 
137.745 
137.28 
136.806 
136.566 
136.624 
137.005 
137.709 
138.602 
139.477 
140.165 
140.588 
140.736 
140.626 
140.341 
140.061 
139.909 
139.909 
140.073 
140.415 
140.895 
141.44 
141.984 
142.488 
142.939 
143.335 
143.669 
143.907 
144.008 
143.946 
143.665 
143.079 
142.196 
141.13 
140.02 
138.981 
138.06 
137.227 
136.395 
135.475 
134.428 
133.278 
132.093 
130.937 
129.837 
128.789 
127.784 
126.849 
126.105 
125.714 
125.76 
126.405 
127.897 
130.205 
132.972 
135.714 
137.925 
139.275 
139.694 
139.204 
137.919 
136.165 
134.357 
132.85 
131.897 
131.52 
131.531 
131.812 
132.281 
132.758 
133.095 
133.265 
133.301 
133.221 
133.038 
132.838 
132.763 
132.881 
133.212 
133.781 
134.585 
135.564 
136.608 
137.603 
138.464 
139.141 
139.614 
139.884 
139.992 
140.006 
139.959 
139.851 
139.659 
139.319 
138.708 
137.688 
136.2 
134.308 
132.209 
130.23 
128.746 
127.987 
127.949 
128.584 
129.788 
131.271 
132.681 
133.768 
134.438 
134.764 
134.956 
135.291 
136.023 
137.322 
139.234 
141.658 
144.367 
147.039 
149.323 
150.909 
151.612 
151.38 
150.342 
148.878 
147.485 
146.587 
146.412 
147.011 
148.268 
149.796 
151.01 
151.411 
150.821 
149.316 
147.16 
144.796 
142.692 
141.204 
140.43 
140.262 
140.622 
141.426 
142.437 
143.26 
143.506 
143.011 
141.797 
139.981 
137.832 
135.743 
134.135 
133.272 
133.186 
133.845 
135.15 
136.828 
138.521 
139.904 
140.743 
140.924 
140.424 
139.297 
137.733 
136.033 
134.519 
133.456 
132.982 
133.13 
133.767 
134.549 
135.154 
135.487 
135.595 
135.47 
135.205 
135.103 
135.314 
135.849 
136.741 
137.985 
139.498 
141.13 
142.685 
143.963 
144.814 
145.169 
145.02 
144.499 
143.929 
143.568 
143.494 
143.715 
144.175 
144.705 
145.119 
145.319 
145.348 
145.322 
145.315 
145.396 
145.645 
146.074 
146.595 
147.038 
147.252 
147.19 
146.844 
146.23 
145.454 
144.668 
144.013 
143.588 
143.442 
143.587 
143.955 
144.339 
144.537 
144.475 
144.037 
143.051 
141.559 
139.839 
138.24 
137.081 
136.558 
136.726 
137.516 
138.72 
140.068 
141.354 
142.467 
143.378 
144.118 
144.745 
145.287 
145.728 
146.029 
146.163 
146.047 
145.76 
145.661 
145.937 
146.613 
147.778 
149.469 
151.6 
153.971 
156.294 
158.237 
159.465 
159.733 
158.96 
157.199 
154.652 
151.692 
148.784 
146.37 
144.771 
144.133 
144.482 
145.625 
147.111 
148.524 
149.619 
150.271 
150.448 
150.159 
149.427 
148.306 
146.879 
145.265 
143.632 
142.164 
141.006 
140.211 
139.714 
139.354 
138.939 
138.338 
137.541 
136.676 
136.028 
135.909 
136.444 
137.611 
139.301 
141.303 
143.35 
145.185 
146.579 
147.357 
147.423 
146.753 
145.407 
143.602 
141.728 
140.288 
139.701 
140.128 
141.64 
144.214 
147.428 
150.563 
152.938 
154.133 
154.032 
152.781 
150.829 
148.768 
147.071 
145.968 
145.409 
145.215 
145.293 
145.515 
145.649 
145.645 
145.611 
145.73 
146.28 
147.448 
149.234 
151.435 
153.603 
155.105 
155.404 
154.316 
151.927 
148.572 
144.823 
141.307 
138.505 
136.66 
135.847 
136.069 
137.172 
138.835 
140.833 
143.09 
145.523 
147.973 
150.196 
151.931 
153.002 
153.356 
152.992 
152.034 
150.807 
149.694 
149.017 
148.981 
149.641 
150.919 
152.546 
154.094 
155.103 
155.252 
154.442 
152.761 
150.515 
148.167 
146.167 
144.816 
144.243 
144.466 
145.249 
146.002 
146.214 
145.744 
144.639 
143.085 
141.419 
140.02 
139.151 
138.888 
139.231 
140.121 
141.386 
142.812 
144.247 
145.607 
146.837 
147.851 
148.494 
148.615 
148.156 
147.156 
145.779 
144.367 
143.383 
143.222 
144.021 
145.713 
148.054 
150.655 
153.11 
155.09 
156.385 
156.967 
156.959 
156.444 
155.47 
154.153 
152.641 
151.101 
149.742 
148.772 
148.33 
148.456 
149.062 
149.898 
150.667 
151.175 
151.383 
151.401 
151.369 
151.385 
151.568 
151.974 
152.494 
152.882 
152.918 
152.526 
151.756 
150.775 
149.831 
149.143 
148.832 
148.921 
149.304 
149.742 
150.049 
150.179 
150.183 
150.163 
150.249 
150.584 
151.205 
151.969 
152.613 
152.907 
152.774 
152.286 
151.707 
151.352 
151.358 
151.778 
152.558 
153.328 
153.672 
153.449 
152.661 
151.454 
150.263 
149.517 
149.358 
149.784 
150.671 
151.569 
151.952 
151.607 
150.511 
148.736 
146.611 
144.619 
143.166 
142.462 
142.545 
143.257 
144.302 
145.53 
146.981 
148.742 
150.855 
153.214 
155.489 
157.198 
157.938 
157.555 
155.994 
153.31 
149.939 
146.589 
143.948 
142.409 
142.003 
142.672 
144.269 
146.399 
148.571 
150.414 
151.743 
152.526 
152.807 
152.622 
152.104 
151.506 
150.975 
150.527 
150.143 
149.779 
149.412 
149.126 
149.083 
149.375 
150.032 
151.05 
152.322 
153.609 
154.578 
154.954 
154.645 
153.787 
152.831 
152.292 
152.386 
153.384 
155.689 
159.129 
162.905 
166.089 
167.994 
168.345 
167.104 
164.455 
160.97 
157.422 
154.419 
152.272 
151.029 
150.531 
150.452 
150.466 
150.371 
150.07 
149.591 
149.162 
149.08 
149.476 
150.351 
151.662 
153.276 
154.94 
156.321 
157.131 
157.241 
156.63 
155.404 
153.909 
152.655 
152.05 
152.239 
153.291 
155.219 
157.701 
160.162 
162.035 
162.95 
162.799 
161.67 
159.861 
157.814 
155.962 
154.653 
154.032 
154.042 
154.616 
155.67 
157.005 
158.407 
159.698 
160.626 
160.903 
160.4 
159.128 
157.157 
154.685 
152.045 
149.617 
147.706 
146.492 
146.044 
146.369 
147.404 
149.054 
151.272 
154.032 
157.236 
160.655 
163.907 
166.495 
168 
168.254 
167.242 
165.129 
162.441 
159.888 
158.025 
157.072 
156.83 
156.859 
156.737 
156.085 
154.707 
152.718 
150.523 
148.736 
147.867 
148.082 
149.331 
151.325 
153.444 
155.059 
155.938 
156.184 
155.886 
155.207 
154.527 
154.157 
154.184 
154.558 
155.112 
155.614 
155.922 
156.045 
156.123 
156.364 
156.957 
157.986 
159.414 
161.072 
162.683 
163.929 
164.615 
164.728 
164.297 
163.402 
162.263 
161.129 
160.147 
159.326 
158.53 
157.512 
156.038 
154.044 
151.692 
149.359 
147.56 
146.718 
146.992 
148.441 
151.031 
154.343 
157.667 
160.29 
161.776 
162.069 
161.216 
159.376 
157.022 
154.779 
153.185 
152.552 
152.962 
154.282 
156.116 
157.961 
159.427 
160.32 
160.67 
160.702 
160.692 
160.865 
161.382 
162.284 
163.438 
164.583 
165.436 
165.809 
165.647 
165.02 
164.138 
163.278 
162.671 
162.444 
162.631 
163.191 
163.988 
164.837 
165.562 
166.041 
166.22 
166.089 
165.675 
165.04 
164.219 
163.194 
161.92 
160.365 
158.529 
156.475 
154.38 
152.514 
151.166 
150.535 
150.681 
151.563 
153.014 
154.741 
156.412 
157.77 
158.69 
159.193 
159.369 
159.24 
158.951 
158.819 
158.968 
159.39 
160.154 
161.307 
162.838 
164.641 
166.474 
167.986 
168.853 
168.908 
168.115 
166.57 
164.578 
162.564 
160.893 
159.79 
159.342 
159.563 
160.296 
161.166 
161.819 
162.07 
161.864 
161.216 
160.229 
159.132 
158.215 
157.664 
157.502 
157.705 
158.207 
158.835 
159.407 
159.827 
160.108 
160.338 
160.604 
160.931 
161.258 
161.477 
161.514 
161.35 
161.035 
160.721 
160.571 
160.647 
160.971 
161.527 
162.082 
162.283 
161.969 
161.157 
159.98 
158.724 
157.824 
157.678 
158.431 
160.029 
162.278 
164.884 
167.579 
170.206 
172.708 
175.044 
177.091 
178.595 
179.294 
179.077 
177.836 
175.444 
172.088 
168.314 
164.837 
162.416 
161.373 
161.43 
162.336 
163.806 
165.158 
165.801 
165.559 
164.461 
162.682 
160.606 
158.69 
157.314 
156.704 
156.922 
157.912 
159.491 
161.376 
163.259 
164.845 
165.891 
166.257 
165.905 
164.942 
163.696 
162.718 
162.587 
163.549 
165.595 
168.63 
172.375 
176.344 
179.915 
182.469 
183.591 
183.157 
181.212 
178.021 
174.18 
170.509 
167.831 
166.562 
166.598 
167.8 
169.914 
172.181 
173.694 
173.909 
172.685 
170.235 
167.246 
164.657 
163.109 
162.752 
163.543 
165.288 
167.492 
169.579 
171.14 
171.979 
172.225 
172.215 
172.112 
171.968 
171.9 
171.97 
172.178 
172.509 
172.906 
173.256 
173.445 
173.426 
173.136 
172.457 
171.366 
169.942 
168.275 
166.458 
164.606 
162.901 
161.604 
160.97 
161.115 
162.119 
163.998 
166.439 
168.855 
170.723 
171.812 
172.163 
171.854 
171.236 
170.909 
171.092 
171.876 
173.469 
175.682 
177.924 
179.621 
180.463 
180.374 
179.531 
178.384 
177.354 
176.625 
176.235 
176.109 
176.105 
176.117 
176.117 
176.092 
176.02 
175.9 
175.748 
175.579 
175.431 
175.349 
175.37 
175.602 
176.19 
177.077 
177.947 
178.457 
178.453 
177.783 
176.269 
174.132 
171.968 
170.465 
170.153 
171.211 
173.54 
176.773 
180.284 
183.377 
185.504 
186.394 
185.988 
184.453 
182.223 
179.721 
177.203 
174.847 
172.837 
171.406 
170.765 
171.002 
172.188 
174.386 
177.401 
180.73 
183.762 
185.983 
187.19 
187.459 
186.87 
185.521 
183.672 
181.627 
179.625 
177.846 
176.446 
175.572 
175.315 
175.703 
176.675 
178.023 
179.406 
180.441 
180.855 
180.56 
179.574 
178.022 
176.197 
174.456 
173.047 
172.146 
171.811 
171.866 
172.134 
172.466 
172.714 
172.906 
173.242 
173.984 
175.348 
177.387 
179.954 
182.712 
185.21 
187.014 
187.856 
187.663 
186.612 
185.206 
184.045 
183.525 
183.771 
184.638 
185.653 
186.279 
186.299 
185.58 
184.059 
182.141 
180.507 
179.586 
179.447 
180.05 
181.246 
182.449 
182.901 
182.274 
180.603 
178.129 
175.381 
173.096 
171.87 
171.907 
173.256 
175.824 
179.069 
182.201 
184.565 
185.895 
186.271 
185.787 
184.565 
182.9 
181.118 
179.44 
177.987 
176.835 
176.064 
175.754 
175.945 
176.659 
177.886 
179.495 
181.256 
182.981 
184.599 
186.123 
187.592 
189.036 
190.424 
191.62 
192.422 
192.779 
192.838 
192.676 
192.395 
192.263 
192.432 
192.89 
193.559 
194.257 
194.768 
194.966 
194.818 
194.48 
194.256 
194.275 
194.608 
195.336 
196.244 
196.935 
197.137 
196.772 
195.931 
194.91 
194.114 
193.742 
193.711 
193.925 
194.262 
194.491 
194.491 
194.178 
193.477 
192.564 
191.777 
191.327 
191.237 
191.478 
191.976 
192.552 
193.003 
193.223 
193.223 
193.031 
192.688 
192.27 
191.83 
191.347 
190.755 
190.023 
189.186 
188.479 
188.283 
188.794 
190.018 
191.909 
194.248 
196.59 
198.392 
199.353 
199.529 
199.014 
197.97 
196.835 
196.103 
196.05 
196.746 
198.1 
199.821 
201.518 
202.893 
203.816 
204.257 
204.222 
203.781 
203.042 
202.003 
200.555 
198.642 
196.327 
193.823 
191.506 
189.814 
188.96 
188.849 
189.379 
190.414 
191.59 
192.491 
192.862 
192.631 
191.861 
190.742 
189.521 
188.396 
187.49 
186.868 
186.559 
186.573 
186.94 
187.712 
188.909 
190.466 
192.204 
193.819 
194.969 
195.499 
195.51 
195.095 
194.376 
193.658 
193.206 
193.077 
193.247 
193.635 
194.094 
194.552 
195.099 
195.968 
197.414 
199.55 
202.264 
205.194 
207.745 
209.315 
209.579 
208.47 
206.193 
203.414 
201.053 
199.754 
199.673 
200.778 
202.847 
205.231 
207.055 
207.679 
206.896 
204.844 
201.973 
198.898 
196.112 
193.86 
192.185 
190.98 
190.022 
189.081 
188.255 
187.959 
188.439 
189.841 
192.383 
196.089 
200.551 
204.925 
208.236 
209.949 
210.1 
208.821 
206.356 
203.364 
200.638 
198.786 
198.13 
198.757 
200.59 
203.361 
206.62 
209.793 
212.244 
213.486 
213.344 
211.702 
208.467 
203.953 
198.845 
193.912 
189.849 
187.145 
186.036 
186.566 
188.501 
191.278 
194.351 
197.361 
200.072 
202.366 
204.199 
205.558 
206.443 
206.855 
206.792 
206.3 
205.535 
204.717 
204.081 
203.801 
203.934 
204.455 
205.23 
205.956 
206.332 
206.233 
205.634 
204.628 
203.615 
203.046 
203.1 
203.932 
205.733 
208.304 
211.108 
213.603 
215.387 
216.259 
216.181 
215.316 
214.05 
212.738 
211.568 
210.594 
209.812 
209.209 
208.786 
208.567 
208.576 
208.857 
209.458 
210.307 
211.192 
211.824 
211.964 
211.529 
210.572 
209.299 
208.184 
207.787 
208.354 
209.864 
212.163 
214.876 
217.449 
219.346 
220.255 
220.098 
219.086 
217.781 
216.762 
216.348 
216.627 
217.525 
218.797 
220.098 
221.102 
221.599 
221.527 
220.866 
219.622 
217.934 
216.075 
214.386 
213.25 
212.968 
213.64 
215.202 
217.397 
219.736 
221.62 
222.628 
222.676 
221.793 
220.144 
218.257 
216.848 
216.436 
217.184 
218.96 
221.319 
223.612 
225.284 
226.133 
226.272 
225.803 
224.826 
223.573 
222.255 
220.982 
219.812 
218.832 
218.206 
217.991 
218.011 
218.094 
218.179 
218.215 
218.009 
217.309 
216.422 
216.085 
216.668 
218.267 
220.925 
224.363 
227.909 
230.708 
232.247 
232.555 
231.759 
230.093 
228.159 
226.614 
225.823 
225.882 
226.668 
227.828 
228.962 
229.83 
230.369 
230.688 
231.018 
231.614 
232.636 
234.099 
235.863 
237.659 
239.156 
240.085 
240.312 
239.813 
238.652 
237.05 
235.338 
233.849 
232.835 
232.424 
232.644 
233.411 
234.497 
235.65 
236.704 
237.585 
238.287 
238.859 
239.384 
239.943 
240.57 
241.264 
241.995 
242.614 
242.865 
242.6 
241.749 
240.268 
238.301 
236.228 
234.554 
233.671 
233.705 
234.666 
236.445 
238.661 
240.78 
242.349 
243.113 
243.004 
242.096 
240.625 
238.925 
237.34 
236.219 
235.836 
236.287 
237.529 
239.36 
241.357 
242.964 
243.748 
243.568 
242.422 
240.457 
238.148 
236.143 
234.928 
234.688 
235.447 
237.088 
239.231 
241.34 
242.924 
243.679 
243.521 
242.572 
241.218 
240.006 
239.374 
239.486 
240.441 
242.296 
244.729 
247.097 
248.754 
249.285 
248.569 
246.743 
244.264 
241.815 
240.043 
239.353 
239.859 
241.438 
243.705 
246.149 
248.363 
250.123 
251.364 
252.151 
252.625 
252.914 
253.085 
253.163 
253.174 
253.159 
253.137 
253.162 
253.378 
253.934 
254.925 
256.378 
258.241 
260.38 
262.578 
264.549 
265.994 
266.704 
266.613 
265.748 
264.246 
262.378 
260.459 
258.733 
257.308 
256.145 
255.105 
254.064 
252.999 
252.008 
251.333 
251.236 
251.826 
253.079 
254.899 
257.098 
259.462 
261.818 
264.075 
266.21 
268.226 
270.12 
271.871 
273.44 
274.79 
275.91 
276.796 
277.423 
277.75 
277.749 
277.354 
276.467 
275.107 
273.425 
271.637 
269.966 
268.596 
267.674 
267.253 
267.426 
267.944 
268.124 
267.74 
266.922 
265.744 
264.321 
262.741 
261.109 
259.59 
258.428 
257.85 
257.959 
258.936 
261.058 
264.281 
268.19 
272.22 
275.77 
278.338 
279.627 
279.557 
278.208 
275.842 
272.84 
269.609 
266.543 
264.011 
262.342 
261.752 
262.306 
263.928 
266.355 
269.142 
271.724 
273.498 
274.241 
274.215 
273.638 
272.718 
271.894 
271.494 
271.6 
272.123 
272.824 
273.464 
273.937 
274.275 
274.614 
275.1 
275.801 
276.679 
277.444 
277.639 
277.04 
275.649 
273.564 
271.097 
268.812 
267.316 
266.963 
267.842 
269.792 
272.302 
274.682 
276.37 
277.073 
276.733 
275.58 
274.138 
272.859 
271.946 
271.455 
271.379 
271.715 
272.463 
273.628 
275.218 
277.202 
279.426 
281.573 
283.216 
284.004 
283.807 
282.594 
280.439 
277.729 
275.075 
273.069 
272.088 
272.242 
273.414 
275.222 
277.131 
278.684 
279.643 
280.03 
280.077 
280.078 
280.265 
280.767 
281.602 
282.473 
282.847 
282.427 
281.108 
278.869 
276.051 
273.396 
271.717 
271.497 
272.859 
275.594 
279.025 
282.227 
284.427 
285.222 
284.512 
282.548 
280.021 
277.717 
276.184 
275.699 
276.328 
278.007 
280.551 
283.739 
287.362 
291.149 
294.656 
297.226 
298.236 
297.403 
294.578 
289.764 
283.711 
278.497 
276.661 
279.322 
286.503 
297.952 
312.731 
329.218 
345.75 
361.242 
375.358 
388.465 
401.364 
414.731 
428.711 
442.836 
456.148 
467.549 
476.18 
481.641 
483.905 
483.042 
479.583 
474.703 
469.418 
464.406 
460.322 
457.765 
457.139 
458.569 
461.945 
466.86 
472.594 
478.262 
483 
486.164 
487.435 
486.745 
484.455 
481.494 
478.842 
477.134 
476.644 
477.419 
479.317 
481.873 
484.418 
486.335 
487.244 
487.039 
485.862 
484.163 
482.567 
481.58 
481.431 
482.156 
483.614 
485.348 
486.751 
487.391 
487.137 
486.1 
484.647 
483.279 
482.39 
482.158 
482.621 
483.738 
485.391 
487.463 
489.901 
492.695 
495.795 
499.012 
501.977 
504.21 
505.34 
505.247 
504.038 
502.158 
500.404 
499.485 
499.641 
500.885 
503.019 
505.123 
505.989 
505.103 
502.401 
497.911 
492.193 
486.414 
481.708 
478.642 
477.331 
477.747 
479.363 
481.134 
482.472 
483.484 
484.596 
486.364 
489.243 
493.423 
498.76 
504.739 
510.464 
514.852 
517.1 
516.956 
514.437 
509.877 
504.236 
498.824 
494.759 
492.494 
491.862 
492.687 
494.741 
497.43 
500.079 
502.218 
503.631 
504.355 
504.604 
504.638 
504.697 
505.006 
505.784 
507.207 
509.367 
512.239 
515.648 
519.234 
522.493 
524.906 
526.121 
526.034 
524.765 
522.726 
520.544 
518.869 
518.148 
518.516 
519.926 
522.154 
524.779 
527.348 
529.545 
531.235 
532.433 
533.247 
533.824 
534.274 
534.641 
534.93 
535.133 
535.256 
535.351 
535.542 
536.004 
536.901 
538.314 
540.22 
542.447 
544.354 
545.015 
543.982 
541.193 
536.71 
530.948 
524.742 
519.166 
515.373 
514.246 
516.079 
520.775 
527.972 
536.984 
546.905 
556.737 
565.555 
572.689 
577.807 
580.87 
581.982 
581.215 
578.94 
575.972 
572.968 
570.287 
568.201 
566.888 
566.322 
566.309 
566.745 
567.536 
568.356 
568.813 
568.721 
567.963 
566.549 
565.032 
564.153 
564.231 
565.752 
569.483 
575.35 
582.326 
589.046 
594.143 
596.894 
597.408 
595.897 
592.718 
588.781 
585.083 
582.246 
580.482 
579.724 
579.872 
580.615 
581.339 
581.664 
581.525 
580.797 
579.312 
577.162 
574.769 
572.793 
571.86 
572.24 
574.101 
577.491 
581.776 
585.881 
588.966 
590.728 
591.292 
590.827 
589.769 
588.903 
588.646 
589.018 
589.985 
591.449 
593.311 
595.532 
598.114 
601.053 
604.277 
607.607 
610.762 
613.417 
615.258 
616.065 
615.757 
614.317 
611.81 
608.53 
605 
601.848 
599.654 
598.764 
599.271 
600.986 
603.387 
605.898 
608.156 
610.031 
611.634 
613.205 
614.923 
616.795 
618.635 
620.139 
621.091 
621.525 
621.641 
621.572 
621.432 
621.385 
621.445 
621.513 
621.534 
621.503 
621.434 
621.598 
622.626 
625.03 
628.884 
633.81 
639.053 
643.752 
647.27 
649.397 
650.407 
650.961 
651.826 
653.548 
656.283 
659.765 
663.41 
666.707 
668.954 
669.613 
669.247 
668.641 
668.24 
668.661 
670.291 
672.771 
675.662 
678.508 
680.519 
681.323 
681.262 
680.644 
679.821 
679.379 
679.574 
680.472 
682.08 
684.032 
685.817 
687.113 
687.816 
688.038 
688.073 
688.34 
689.315 
691.455 
695.075 
700.213 
706.568 
713.53 
720.311 
726.154 
730.532 
733.242 
734.328 
733.888 
732.181 
729.586 
726.07 
721.15 
714.241 
704.921 
693.143 
679.312 
664.239 
648.992 
634.684 
622.271 
612.413 
605.396 
601.108 
599.065 
598.477 
598.501 
598.486 
597.991 
596.801 
594.976 
592.768 
590.443 
588.129 
585.765 
583.108 
579.858 
575.886 
571.357 
566.729 
562.693 
560.02 
559.261 
560.59 
563.859 
568.51 
573.532 
577.669 
579.915 
579.906 
577.448 
572.47 
565.747 
558.748 
553.016 
549.586 
548.71 
550.354 
554.144 
558.862 
562.821 
564.795 
564.415 
561.624 
556.613 
550.298 
543.935 
538.456 
534.197 
530.835 
527.564 
523.55 
518.344 
512.016 
505.188 
498.961 
494.543 
492.726 
493.74 
497.114 
501.486 
505.182 
507.06 
506.763 
504.318 
500.135 
495.349 
491.419 
489.3 
489.164 
490.93 
494.258 
498.149 
501.292 
502.759 
502.263 
499.751 
495.362 
489.857 
484.426 
480.232 
478.043 
478.09 
480.286 
484.22 
489.053 
493.776 
497.5 
499.716 
500.339 
499.421 
497.116 
493.82 
490.024 
486.156 
482.573 
479.577 
477.444 
476.339 
476.271 
477.225 
479.107 
481.552 
483.985 
485.818 
486.651 
486.363 
485.011 
482.858 
480.421 
478.481 
477.802 
478.694 
481.114 
484.833 
489.348 
493.947 
497.887 
500.622 
502.032 
502.315 
501.601 
499.994 
497.728 
495.017 
491.952 
488.565 
484.951 
481.378 
478.313 
476.397 
476.186 
477.878 
481.381 
486.3 
491.842 
496.943 
500.491 
501.697 
500.309 
496.517 
491.002 
484.889 
479.423 
475.601 
473.936 
474.548 
477.106 
480.723 
484.458 
487.689 
490.068 
491.463 
492.024 
492.109 
491.873 
491.453 
491.198 
491.318 
492.126 
494.231 
497.906 
502.886 
508.609 
514.546 
520.611 
527.354 
535.96 
547.93 
564.358 
585.341 
609.61 
634.368 
655.893 
670.685 
677.618 
678.096 
673.178 
663.958 
653.196 
643.77 
637.23 
633.683 
632.349 
632.617 
633.669 
634.454 
634.942 
635.462 
636.028 
636.702 
637.512 
638.441 
639.488 
640.706 
642.201 
644.051 
646.25 
648.665 
651.02 
653.013 
654.46 
655.328 
655.666 
655.483 
655.022 
654.787 
654.959 
655.628 
657.049 
659.255 
661.927 
664.49 
666.17 
666.305 
664.657 
661.321 
656.697 
651.561 
646.903 
643.664 
642.431 
643.373 
646.253 
650.345 
654.674 
658.426 
661.132 
662.684 
663.294 
663.428 
663.616 
664.222 
665.018 
665.278 
664.581 
662.786 
659.723 
655.471 
650.581 
646.089 
643.141 
642.455 
644.227 
648.187 
653.433 
658.613 
662.419 
664.29 
664.516 
663.38 
661.247 
659.175 
658.293 
659.022 
661.531 
665.949 
671.71 
677.547 
682.088 
684.415 
684.253 
681.677 
677.129 
671.59 
666.314 
662.458 
660.762 
661.443 
664.409 
669.217 
674.968 
680.519 
684.756 
686.919 
686.77 
684.255 
679.495 
673.168 
666.41 
660.466 
656.442 
655.019 
656.389 
660.347 
666.214 
672.993 
679.723 
685.689 
690.489 
693.987 
696.27 
697.579 
698.204 
698.489 
698.889 
699.964 
702.188 
705.667 
710.003 
714.332 
717.551 
718.822 
717.881 
714.922 
710.764 
706.951 
704.907 
705.166 
707.976 
713.341 
720.075 
726.255 
730.383 
731.791 
730.357 
726.387 
720.842 
715.06 
710.321 
707.606 
707.431 
709.923 
714.918 
721.844 
729.75 
737.518 
744.058 
748.539 
750.54 
749.96 
747.251 
743.652 
740.768 
739.9 
741.533 
745.553 
751.49 
758.449 
765.361 
771.339 
775.882 
778.871 
780.535 
781.374 
781.979 
782.8 
784.039 
785.694 
787.62 
789.578 
791.36 
792.862 
794.108 
795.215 
796.31 
797.481 
798.754 
800.093 
801.414 
802.611 
803.586 
804.257 
804.57 
804.51 
804.055 
803.171 
801.88 
800.324 
798.986 
798.552 
799.354 
801.448 
804.826 
809.245 
814.178 
818.974 
823.092 
826.246 
828.364 
829.545 
830.049 
830.156 
829.971 
829.503 
828.78 
827.955 
827.362 
827.254 
827.924 
829.742 
832.74 
836.714 
841.374 
846.421 
851.679 
857.059 
862.48 
867.794 
872.728 
876.88 
879.782 
881.085 
880.676 
878.709 
875.693 
872.414 
869.715 
868.209 
868.108 
869.427 
871.995 
875.246 
878.314 
880.368 
880.944 
879.931 
877.655 
875.177 
873.678 
873.635 
875.441 
879.521 
885.294 
891.548 
897.426 
902.627 
907.345 
912.235 
918.1 
923.786 
926.231 
923.812 
915.118 
897.166 
868.25 
829.668 
785.192 
739.984 
699.769 
669.781 
652.166 
644.952 
645.863 
652.095 
658.239 
661.422 
661.965 
659.952 
655.892 
651.201 
647.104 
644.093 
642.093 
640.617 
639.136 
637.286 
634.866 
631.842 
628.35 
624.686 
621.252 
618.429 
616.453 
615.361 
614.977 
614.97 
614.949 
614.566 
613.59 
611.986 
609.933 
607.782 
605.891 
604.467 
603.504 
602.8 
602.036 
600.928 
599.344 
597.343 
595.123 
592.899 
590.79 
588.808 
586.875 
584.847 
582.58 
579.978 
576.982 
573.53 
569.505 
564.77 
559.284 
553.161 
546.697 
540.362 
534.712 
530.204 
527.017 
524.982 
523.612 
522.239 
520.278 
517.419 
513.651 
509.223 
504.551 
500.003 
495.701 
491.462 
486.872 
481.496 
475.092 
467.694 
459.601 
451.279 
443.164 
435.482 
428.193 
421.119 
414.155 
407.314 
400.755 
394.855 
390.04 
386.531 
384.262 
382.877 
381.803 
380.421 
378.265 
375.096 
370.862 
365.654 
359.67 
353.156 
346.335 
339.362 
332.322 
325.241 
318.083 
310.767 
303.267 
295.653 
288.102 
280.896 
274.37 
268.807 
264.296 
260.68 
257.576 
254.442 
250.716 
245.968 
240.003 
232.902 
224.997 
216.79 
208.812 
201.471 
194.957 
189.216 
183.987 
178.92 
173.723 
168.253 
162.554 
156.814 
151.27 
146.09 
141.314 
136.842 
132.461 
127.925 
123.051 
117.788 
112.237 
106.634 
101.293 
96.5179 
92.5149 
89.3413 
86.8913 
84.9224 
83.1385 
81.3011 
79.3076 
77.2151 
75.198 
73.4369 
72.0169 
70.8947 
69.9168 
68.8845 
67.6429 
66.137 
64.4232 
62.6355 
60.9026 
59.2753 
57.7051 
56.0708 
54.2567 
52.2299 
50.066 
47.9298 
46.0159 
44.4757 
43.3707 
42.6614 
42.2284 
41.9215 
41.6068 
41.19 
40.6256 
39.9164 
39.1103 
38.2903 
37.5612 
37.0303 
36.7707 
36.8046 
37.092 
37.5085 
37.8803 
38.0693 
38.0254 
37.6992 
37.0182 
36.0166 
34.83 
33.6044 
32.4542 
31.4427 
30.5853 
29.8567 
29.1988 
28.542 
27.8311 
27.0412 
26.1819 
25.2898 
24.4066 
23.5591 
22.7527 
21.971 
21.1851 
20.3738 
19.5359 
18.6956 
17.9001 
17.1984 
16.6176 
16.1559 
15.7835 
15.4533 
15.1215 
14.7624 
14.3689 
13.9496 
13.522 
13.1004 
12.6882 
12.2768 
11.8468 
11.373 
10.8283 
10.1897 
9.44401 
8.59089 
7.64758 
6.65555 
5.67703 
4.78068 
4.02262 
3.43058 
2.99792 
2.68506 
2.43043 
2.17345 
1.87542 
1.52664 
1.14592 
0.773684 
0.454266 
0.21818 
0.0748418 
0.0120881 
0 
0 
0 
0 
0 
0 
0 
0 
0 
0 
0 
0 
0 
0 
0 
0 
0 
0 
0 
0 
0 
0 
0 
0 
0 
0 
0 
0 
0 
0 
0 
0 
0 
0 
0 
0 
0 
0 
0 
0 
0 
0 
0 
0 
0 
0 
0 
0 
0 
0 
0 
0 
0 
0 
0 
0 
0 
0 
0 
0 
0 
0 
0 
0 
0 
0 
0 
0 
0 
0 
0 
0 
0 
0 
0 
0 
0 
0 
0 
0 
0 
0 
0 
0 
0 
0 
0 
0 
0 
0 
0 
0 
0 
0 
0 
0 
0 
0 
0 
0 
0 
0 
0 
0 
0 
0 
0 
0 
0 
0 
0 
0 
0 
0 
0 
0 
0 
0 
0 
0 
0 
0 
0 
0 
0 
0 
0 
0 
0 
0 
0 
0 
0 
0 
0 
0 
0 
0 
0 
0 
0 
0 
0 
0 
0 
0 
0 
0 
0 
0 
0 
0 
0 
0 
0 
0 
0 
0 
0 
0 
0 
0 
0 
0 
0 
0 
0 
0 
0 
0 
0 
0 
0 
0 
0 
0 
0 
0 
0 
0 
0 
0 
0 
0 
0 
0 
0 
0 
0 
0 
0 
0 
0 
0 
0 
0 
0 
0 
0 
0 
0 
0 
0 
0 
0 
0 
0 
0 
0 
0 
0 
0 
0 
0 
0 
0 
0 
0 
0 
0 
0 
0 
0 
0 
0 
0 
0 
0 
0 
0 
0 
0 
0 
0 
0 
0 
0 
0 
0 
0 
0 
0 
0 
0 
0 
0 
0 
0 
0 
0 
0 
0 
0 
0 
0 
0 
0 
0 
0 
0 
0 
0 
0 
0 
0 
0 
0 
0 
0 
0 
0 
0 
0 
0 
0 
0 
0 
0 
0 
0 
0 
0 
0 
0 
0 
0 
0 
0 
0 
0 
0 
0 
0 
0 
0 
0 
0 
0 
0 
0 
0 
0 
0 
0 
0 
0 
0 
0 
0 
0 
0 
0 
0 
0 
0 
0 
0 
0 
0 
0 
0 
0 
0 
0 
0 
0 
0 
0 
0 
0 
0 
0 
0 
0 
0 
0 
0 
0 
0 
0 
0 
0 
0 
0 
0 
0 
0 
0 
0 
0 
0 
0 
0 
0 
0 
0 
0 
0 
0 
0 
0 
0 
0 
0 
0 
0 
0 
0 
0 
0 
0 
0 
0 
0 
0 
0 
0 
0 
0 
0 
0 
0 
0 
0 
0 
0 
0 
0 
0 
0 
0 
0 
0 
0 
0 
0 
0 
0 
0 
0 
0 
0 
0 
0 
0 
0 
0 
0 
0 
0 
0 
0 
0 
0 
0 
0 
0 
0 
0 
0 
0 
0 
0 
0 
0 
0 
0 
0 
0 
0 
0 
0 
0 
0 
0 
0 
0 
0 
0 
0 
0 
0 
0 
0 
0 
0 
0 
0 
0 
0 
0 
0 
0 
0 
0 
0 
0 
0 
0 
0 
0 
0 
0 
0 
0 
0 
0 
0 
0 
0 
0 
0 
0 
0 
0 
0 
0 
0 
0 
0 
0 
0 
0 
0 
0 
0 
0 
0 
0 
0 
0 
0 
0 
0 
0 
0 
0 
0 
0 
0 
0 
0 
0 
0 
0 
0 
0 
0 
0 
0 
0 
0 
0 
0 
0 
0 
0 
0 
0 
0 
0 
0 
0 
0 
0 
0 
0 
0 
0 
0 
0 
0 
0 
0 
0 
0 
0 
0 
0 
0 
0 
0 
0 
0 
0 
0 
0 
0 
0 
0 
0 
0 
0 
0 
0 
0 
0 
0 
0 
0 
0 
0 
0 
0 
0 
0 
0 
0 
0 
0 
0 
0 
0 
0 
0 
0 
0 
0 
0 
0 
0 
0 
0 
0 
0 
0 
0 
0 
0 
0 
0 
0 
0 
0 
0 
0 
0 
0 
0 
0 
0 
0 
0 
0 
0 
0 
0 
0 
0 
0 
0 
0 
0 
0 
0 
0 
0 
0 
0 
0 
0 
0 
0 
0 
0 
0 
0 
0 
0 
0 
0 
0 
0 
0 
0 
0 
0 
0 
0 
0 
0 
0 
0 
0 
0 
0 
0 
0 
0 
0 
0 
0 
0 
0 
0 
0 
0 
0 
0 
0 
0 
0 
0 
0 
0 
0 
0 
0 
0 
0 
0 
0 
0 
0 
0 
0 
0 
0 
0 
0 
0 
0 
0 
0 
0 
0 
0 
0 
0 
0 
0 
0 
0 
0 
0 
0 
0 
0 
0 
0 
0 
0 
0 
0 
0 
0 
0 
0 
0 
0 
0 
0 
0 
0 
0 
0 
0 
0 
0 
0 
0 
0 
0 
0 
0 
0 
0 
0 
0 
0 
0 
0 
0 
0 
0 
0 
0 
0 
0 
0 
0 
0 
0 
0 
0 
0 
0 
0 
0 
0 
0 
0 
0 
0 
0 
0 
0 
0 
0 
0 
0 
0 
0 
0 
0 
0 
0 
0 
0 
0 
0 
0 
0 
0 
0 
0 
0 
0 
0 
0 
0 
0 
0 
0 
0 
0 
0 
0 
0 
0 
0 
0 
0 
0 
0 
0 
0 
0 
0 
0 
0 
0 
0 
0 
0 
0 
0 
0 
0 
0 
0 
0 
0 
0 
0 
0 
0 
0 
0 
0 
0 
0 
0 
0 
0 
0 
0 
0 
0 
0 
0 
0 
0 
0 
0 
0 
0 
0 
0 
0 
0 
0 
0 
0 
0 
0 
0 
0 
0 
0 
0 
0 
0 
0 
0 
0 
0 
0 
0 
0 
0 
0 
0 
0 
0 
0 
0 
0 
0 
0 
0 
0 
0 
0 
0 
0 
0 
0 
0 
0 
0 
0 
0 
0 
0 
0 
0 
0 
0 
0 
0 
0 
0 
0 
0 
0 
0 
0 
0 
0 
0 
0 
0 
0 
0 
0 
0 
0 
0 
0 
0 
0 
0 
0 
0 
0 
0 
0 
0 
0 
0 
0 
0 
0 
0 
0 
0 
0 
0 
0 
0 
0 
0 
0 
0 
0 
0 
0 
0 
0 
0 
0 
0 
0 
0 
0 
0 
0 
0 
0 
0 
0 
0 
0 
0 
0 
0 
0 
0 
0 
0 
0 
0 
0 
0 
0 
0 
0 
0 
0 
0 
0 
0 
0 
0 
0 
0 
0 
0 
0 
0 
0 
0 
0 
0 
0 
0 
0 
0 
0 
0 
0 
0 
0 
0 
0 
0 
0 
0 
0 
0 
0 
0 
0 
0 
0 
0 
0 
0 
0 
0 
0 
0 
0 
0 
0 
0 
0 
0 
0 
0 
0 
0 
0 
0 
0 
0 
0 
0 
0 
0 
0 
0 
0 
0 
0 
0 
0 
0 
0 
0 
0 
0 
0 
0 
0 
0 
0 
0 
0 
0 
0 
0 
0 
0 
0 
0 
0 
0 
0 
0 
0 
0 
0 
0 
0 
0 
0 
0 
0 
0 
0 
0 
0 
0 
0 
0 
0 
0 
0 
0 
0 
0 
0 
0 
0 
0 
0 
0 
0 
0 
0 
0 
0 
0 
0 
0 
0 
0 
0 
0 
0 
0 
0 
0 
0 
0 
0 
0 
0 
0 
0 
0 
0 
0 
0 
0 
0 
0 
0 
0 
0 
0 
0 
0 
0 
0 
0 
0 
0 
0 
0 
0 
0 
0 
0 
0 
0 
0 
0 
0 
0 
0 
0 
0 
0 
0 
0 
0 
0 
0 
0 
0 
0 
0 
0 
0 
0 
0 
0 
0 
0 
0 
0 
0 
0 
0 
0 
0 
0 
0 
0 
0 
0 
0 
0 
0 
0 
0 
0 
0 
0 
0 
0 
0 
0 
0 
0 
0 
0 
0 
0 
0 
0 
0 
0 
0 
0 
0 
0 
0 
0 
0 
0 
0 
0 
0 
0 
0 
0 
0 
0 
0 
0 
0 
0 
0 
0 
0 
0 
0 
0 
0 
0 
0 
0 
0 
0 
0 
0 
0 
0 
0 
0 
0 
0 
0 
0 
0 
0 
0 
0 
0 
0 
0 
0 
0 
0 
0 
0 
0 
0 
0 
0 
0 
0 
0 
0 
0 
0 
0 
0 
0 
0 
0 
0 
0 
0 
0 
0 
0 
0 
0 
0 
0 
0 
0 
0 
0 
0 
0 
0 
0 
0 
0 
0 
0 
0 
0 
0 
0 
0 
0 
0 
0 
0 
0 
0 
0 
0 
0 
0 
0 
0 
0 
0 
0 
0 
0 
0 
0 
0 
0 
0 
0 
0 
0 
0 
0 
0 
0 
0 
0 
0 
0 
0 
0 
0 
0 
0 
0 
0 
0 
0 
0 
0 
0 
0 
0 
0 
0 
0 
0 
0 
0 
0 
0 
0 
0 
0 
0 
0 
0 
0 
0 
0 
0 
0 
0 
0 
0 
0 
0 
0 
0 
0 
0 
0 
0 
0 
0 
0 
0 
0 
0 
0 
0 
0 
0 
0 
0 
0 
0 
0 
0 
0 
0 
0 
0 
0 
0 
0 
0 
0 
0 
0 
0 
0 
0 
0 
0 
0 
0 
0 
0 
0 
0 
0 
0 
0 
0 
0 
0 
0 
0 
0 
0 
0 
0 
0 
0 
0 
0 
0 
0 
0 
0 
0 
0 
0 
0 
0 
0 
0 
0 
0 
0 
0 
0 
0 
0 
0 
0 
0 
0 
0 
0 
0 
0 
0 
0 
0 
0 
0 
0 
0 
0 
0 
0 
0 
0 
0 
0 
0 
0 
0 
0 
0 
0 
0 
0 
0 
0 
0 
0 
0 
0 
0 
0 
0 
0 
0 
0 
0 
0 
0 
0 
0 
0 
0 
0 
0 
0 
0 
0 
0 
0 
0 
0 
0 
0 
0 
0 
0 
0 
0 
0 
0 
0 
0 
0 
0 
0 
0 
0 
0 
0 
0 
0 
0 
0 
0 
0 
0 
0 
0 
0 
0 
0 
0 
0 
0 
0 
0 
0 
0 
0 
0 
0 
0 
0 
0 
0 
0 
0 
0 
0 
0 
0 
0 
0 
0 
0 
0 
0 
0 
0 
0 
0 
0 
0 
0 
0 
0 
0 
0 
0 
0 
0 
0 
0 
0 
0 
0 
0 
0 
0 
0 
0 
0 
0 
0 
0 
0 
0 
0 
0 
0 
0 
0 
0 
0 
0 
0 
0 
0 
0 
0 
0 
0 
0 
0 
0 
0 
0 
0 
0 
0 
0 
0 
0 
0 
0 
0 
0 
0 
0 
0 
0 
0 
0 
0 
0 
0 
0 
0 
0 
0 
0 
0 
0 
0 
0 
0 
0 
0 
0 
0 
0 
0 
0 
0 
0 
0 
0 
0 
0 
0 
0 
0 
0 
0 
0 
0 
0 
0 
0 
0 
0 
0 
0 
0 
0 
0 
0 
0 
0 
0 
0 
0 
0 
0 
0 
0 
0 
0 
0 
0 
0 
0 
0 
0 
0 
0 
0 
0 
0 
0 
0 
0 
0 
0 
0 
0 
0 
0 
0 
0 
0 
0 
0 
0 
0 
0 
0 
0 
0 
0 
0 
0 
0 
0 
0 
0 
0 
0 
0 
0 
0 
0 
0 
0 
0 
0 
0 
0 
0 
0 
0 
0 
0 
0 
0 
0 
0 
0 
0 
0 
0 
0 
0 
0 
0 
0 
0 
0 
0 
0 
0 
0 
0 
0 
0 
0 
0 
0 
0 
0 
0 
0 
0 
0 
0 
0 
0 
0 
0 
0 
0 
0 
0 
0 
0 
0 
0 
0 
0 
0 
0 
0 
0 
0 
0 
0 
0 
0 
0 
0 
0 
0 
0 
0 
0 
0 
0 
0 
0 
0 
0 
0 
0 
0 
0 
0 
0 
0 
0 
0 
0 
0 
0 
0 
0 
0 
0 
0 
0 
0 
0 
0 
0 
0 
0 
0 
0 
0 
0 
0 
0 
0 
0 
0 
0 
0 
0 
0 
0 
0 
0 
0 
0 
0 
0 
0 
0 
0 
0 
0 
0 
0 
0 
0 
0 
0 
0 
0 
0 
0 
0 
0 
0 
0 
0 
0 
0 
0 
0 
0 
0 
0 
0 
0 
0 
0 
0 
0 
0 
0 
0 
0 
0 
0 
0 
0 
0 
0 
0 
0 
0 
0 
0 
0 
0 
0 
0 
0 
0 
0 
0 
0 
0 
0 
0 
0 
0 
0 
0 
0 
0 
0 
0 
0 
0 
0 
0 
0 
0 
0 
0 
0 
0 
0 
0 
0 
0 
0 
0 
0 
0 
0 
0 
0 
0 
0 
0 
0 
0 
0 
0 
0 
0 
0 
0 
0 
0 
0 
0 
0 
0 
0 
0 
0 
0 
0 
0 
0 
0 
0 
0 
0 
0 
0 
0 
0 
0 
0 
0 
0 
0 
0 
0 
0 
0 
0 
0 
0 
0 
0 
0 
0 
0 
0 
0 
0 
0 
0 
0 
0 
0 
0 
0 
0 
0 
0 
0 
0 
0 
0 
0 
0 
0 
0 
0 
0 
0 
0 
0 
0 
0 
0 
0 
0 
0 
0 
0 
0 
0 
0 
0 
0 
0 
0 
0 
0 
0 
0 
0 
0 
0 
0 
0 
0 
0 
0 
0 
0 
0 
0 
0 
0 
0 
0 
0 
0 
0 
0 
0 
0 
0 
0 
0 
0 
0 
0 
0 
0 
0 
0 
0 
0 
0 
0 
0 
0 
0 
0 
0 
0 
0 
0 
0 
0 
0 
0 
0 
0 
0 
0 
0 
0 
0 
0 
0 
0 
0 
0 
0 
0 
0 
0 
0 
0 
0 
0 
0 
0 
0 
0 
0 
0 
0 
0 
0 
0 
0 
0 
0 
0 
0 
0 
0 
0 
0 
0 
0 
0 
0 
0 
0 
0 
0 
0 
0 
0 
0 
0 
0 
0 
0 
0 
0 
0 
0 
0 
0 
0 
0 
0 
0 
0 
0 
0 
0 
0 
0 
0 
0 
0 
0 
0 
0 
0 
0 
0 
0 
0 
0 
0 
0 
0 
0 
0 
0 
0 
0 
0 
0 
0 
0 
0 
0 
0 
0 
0 
0 
0 
0 
0 
0 
0 
0 
0 
0 
0 
0 
0 
0 
0 
0 
0 
0 
0 
0 
0 
0 
0 
0 
0 
0 
0 
0 
0 
0 
0 
0 
0 
0 
0 
0 
0 
0 
0 
0 
0 
0 
0 
0 
0 
0 
0 
0 
0 
0 
0 
0 
0 
0 
0 
0 
0 
0 
0 
0 
0 
0 
0 
0 
0 
0 
0 
0 
0 
0 
0 
0 
0 
0 
0 
0 
0 
0 
0 
0 
0 
0 
0 
0 
0 
0 
0 
0 
0 
0 
0 
0 
0 
0 
0 
0 
0 
0 
0 
0 
0 
0 
0 
0 
0 
0 
0 
0 
0 
0 
0 
0 
0 
0 
0 
0 
0 
0 
0 
0 
0 
0 
0 
0 
0 
0 
0 
0 
0 
0 
0 
0 
0 
0 
0 
0 
0 
0 
0 
0 
0 
0 
0 
0 
0 
0 
0 
0 
0 
0 
0 
0 
0 
0 
0 
0 
0 
0 
0 
0 
0 
0 
0 
0 
0 
0 
0 
0 
0 
0 
0 
0 
0 
0 
0 
0 
0 
0 
0 
0 
0 
0 
0 
0 
0 
0 
0 
0 
0 
0 
0 
0 
0 
0 
0 
0 
0 
0 
0 
0 
0 
0 
0 
0 
0 
0 
0 
0 
0 
0 
0 
0 
0 
0 
0 
0 
0 
0 
0 
0 
0 
0 
0 
0 
0 
0 
0 
0 
0 
0 
0 
0 
0 
0 
0 
0 
0 
0 
0 
0 
0 
0 
0 
0 
0 
0 
0 
0 
0 
0 
0 
0 
0 
0 
0 
0 
0 
0 
0 
0 
0 
0 
0 
0 
0 
0 
0 
0 
0 
0 
0 
0 
0 
0 
0 
0 
0 
0 
0 
0 
0 
0 
0 
0 
0 
0 
0 
0 
0 
0 
0 
0 
0 
0 
0 
0 
0 
0 
0 
0 
0 
0 
0 
0 
0 
0 
0 
0 
0 
0 
0 
0 
0 
0 
0 
0 
0 
0 
0 
0 
0 
0 
0 
0 
0 
0 
0 
0 
0 
0 
0 
0 
0 
0 
0 
0 
0 
0 
0 
0 
0 
0 
0 
0 
0 
0 
0 
0 
0 
0 
0 
0 
0 
0 
0 
0 
0 
0 
0 
0 
0 
0 
0 
0 
0 
0 
0 
0 
0 
0 
0 
0 
0 
0 
0 
0 
0 
0 
0 
0 
0 
0 
0 
0 
0 
0 
0 
0 
0 
0 
0 
0 
0 
0 
0 
0 
0 
0 
0 
0 
0 
0 
0 
0 
0 
0 
0 
0 
0 
0 
0 
0 
0 
0 
0 
0 
0 
0 
0 
0 
0 
0 
0 
0 
0 
0 
0 
0 
0 
0 
0 
0 
0 
0 
0 
0 
0 
0 
0 
0 
0 
0 
0 
0 
0 
0 
0 
0 
0 
0 
0 
0 
0 
0 
0 
0 
0 
0 
0 
0 
0 
0 
0 
0 
0 
0 
0 
0 
0 
0 
0 
0 
0 
0 
0 
0 
0 
0 
0 
0 
0 
0 
0 
0 
0 
0 
0 
0 
0 
0 
0 
0 
0 
0 
0 
0 
0 
0 
0 
0 
0 
0 
0 
0 
0 
0 
0 
0 
0 
0 
0 
0 
0 
0 
0 
0 
0 
0 
0 
0 
0 
0 
0 
0 
0 
0 
0 
0 
0 
0 
0 
0 
0 
0 
0 
0 
0 
0 
0 
0 
0 
0 
0 
0 
0 
0 
0 
0 
0 
0 
0 
0 
0 
0 
0 
0 
0 
0 
0 
0 
0 
0 
0 
0 
0 
0 
0 
0 
0 
0 
0 
0 
0 
0 
0 
0 
0 
0 
0 
0 
0 
0 
0 
0 
0 
0 
0 
0 
0 
0 
0 
0 
0 
0 
0 
0 
0 
0 
0 
0 
0 
0 
0 
0 
0 
0 
0 
0 
0 
0 
0 
0 
0 
0 
0 
0 
0 
0 
0 
0 
0 
0 
0 
0 
0 
0 
0 
0 
0 
0 
0 
0 
0 
0 
0 
0 
0 
0 
0 
0 
0 
0 
0 
0 
0 
0 
0 
0 
0 
0 
0 
0 
0 
0 
0 
0 
0 
0 
0 
0 
0 
0 
0 
0 
0 
0 
0 
0 
0 
0 
0 
0 
0 
0 
0 
0 
0 
0 
0 
0 
0 
0 
0 
0 
0 
0 
0 
0 
0 
0 
0 
0 
0 
0 
0 
0 
0 
0 
0 
0 
0 
0 
0 
0 
0 
0 
0 
0 
0 
0 
0 
0 
0 
0 
0 
0 
0 
0 
0 
0 
0 
0 
0 
0 
0 
0 
0 
0 
0 
0 
0 
0 
0 
0 
0 
0 
0 
0 
0 
0 
0 
0 
0 
0 
0 
0 
0 
0 
0 
0 
0 
0 
0 
0 
0 
0 
0 
0 
0 
0 
0 
0 
0 
0 
0 
0 
0 
0 
0 
0 
0 
0 
0 
0 
0 
0 
0 
0 
0 
0 
0 
0 
0 
0 
0 
0 
0 
0 
0 
0 
0 
0 
0 
0 
0 
0 
0 
0 
0 
0 
0 
0 
0 
0 
0 
0 
0 
0 
0 
0 
0 
0 
0 
0 
0 
0 
0 
0 
0 
0 
0 
0 
0 
0 
0 
0 
0 
0 
0 
0 
0 
0 
0 
0 
0 
0 
0 
0 
0 
0 
0 
0 
0 
0 
0 
0 
0 
0 
0 
0 
0 
0 
0 
0 
0 
0 
0 
0 
0 
0 
0 
0 
0 
0 
0 
0 
0 
0 
0 
0 
0 
0 
0 
0 
0 
0 
0 
0 
0 
0 
0 
0 
0 
0 
0 
0 
0 
0 
0 
0 
0 
0 
0 
0 
0 
0 
0 
0 
0 
0 
0 
0 
0 
0 
0 
0 
0 
0 
0 
0 
0 
0 
0 
0 
0 
0 
0 
0 
0 
0 
0 
0 
0 
0 
0 
0 
0 
0 
0 
0 
0 
0 
0 
0 
0 
0 
0 
0 
0 
0 
0 
0 
0 
0 
0 
0 
0 
0 
0 
0 
0 
0 
0 
0 
0 
0 
0 
0 
0 
0 
0 
0 
0 
0 
0 
0 
0 
0 
0 
0 
0 
0 
0 
0 
0 
0 
0 
0 
0 
0 
0 
0 
0 
0 
0 
0 
0 
0 
0 
0 
0 
0 
0 
0 
0 
0 
0 
0 
0 
0 
0 
0 
0 
0 
0 
0 
0 
0 
0 
0 
0 
0 
0 
0 
0 
0 
0 
0 
0 
0 
0 
0 
0 
0 
0 
0 
0 
0 
0 
0 
0 
0 
0 
0 
0 
0 
0 
0 
0 
0 
0 
0 
0 
0 
0 
0 
0 
0 
0 
0 
0 
0 
0 
0 
0 
0 
0 
0 
0 
0 
0 
0 
0 
0 
0 
0 
0 
0 
0 
0 
0 
0 
0 
0 
0 
0 
0 
0 
0 
0 
0 
0 
0 
0 
0 
0 
0 
0 
0 
0 
0 
0 
0 
0 
0 
0 
0 
0 
0 
0 
0 
0 
0 
0 
0 
0 
0 
0 
0 
0 
0 
0 
0 
0 
0 
0 
0 
0 
0 
0 
0 
0 
0 
0 
0 
0 
0 
0 
0 
0 
0 
0 
0 
0 
0 
0 
0 
0 
0 
0 
0 
0 
0 
0 
0 
0 
0 
0 
0 
0 
0 
0 
0 
0 
0 
0 
0 
0 
0 
0 
0 
0 
0 
0 
0 
0 
0 
0 
0 
0 
0 
0 
0 
0 
0 
0 
0 
0 
0 
0 
0 
0 
0 
0 
0 
0 
0 
0 
0 
0 
0 
0 
0 
0 
0 
0 
0 
0 
0 
0 
0 
0 
0 
0 
0 
0 
0 
0 
0 
0 
0 
0 
0 
0 
0 
0 
0 
0 
0 
0 
0 
0 
0 
0 
0 
0 
0 
0 
0 
0 
0 
0 
0 
0 
0 
0 
0 
0 
0 
0 
0 
0 
0 
0 
0 
0 
0 
0 
0 
0 
0 
0 
0 
0 
0 
0 
0 
0 
0 
0 
0 
0 
0 
0 
0 
0 
0 
0 
0 
0 
0 
0 
0 
0 
0 
0 
0 
0 
0 
0 
0 
0 
0 
0 
0 
0 
0 
0 
0 
0 
0 
0 
0 
0 
0 
0 
0 
0 
0 
0 
0 
0 
0 
0 
0 
0 
0 
0 
0 
0 
0 
0 
0 
0 
0 
0 
0 
0 
0 
0 
0 
0 
0 
0 
0 
0 
0 
0 
0 
0 
0 
0 
0 
0 
0 
0 
0 
0 
0 
0 
0 
0 
0 
0 
0 
0 
0 
0 
0 
0 
0 
0 
0 
0 
0 
0 
0 
0 
0 
0 
0 
0 
0 
0 
0 
0 
0 
0 
0 
0 
0 
0 
0 
0 
0 
0 
0 
0 
0 
0 
0 
0 
0 
0 
0 
0 
0 
0 
0 
0 
0 
0 
0 
0 
0 
0 
0 
0 
0 
0 
0 
0 
0 
0 
0 
0 
0 
0 
0 
0 
0 
0 
0 
0 
0 
0 
0 
0 
0 
0 
0 
0 
0 
0 
0 
0 
0 
0 
0 
0 
0 
0 
0 
0 
0 
0 
0 
0 
0 
0 
0 
0 
0 
0 
0 
0 
0 
0 
0 
0 
0 
0 
0 
0 
0 
0 
0 
0 
0 
0 
0 
0 
0 
0 
0 
0 
0 
0 
0 
0 
0 
0 
0 
0 
0 
0 
0 
0 
0 
0 
0 
0 
0 
0 
0 
0 
0 
0 
0 
0 
0 
0 
0 
0 
0 
0 
0 
0 
0 
0 
0 
0 
0 
0 
0 
0 
0 
0 
0 
0 
0 
0 
0 
0 
0 
0 
0 
0 
0 
0 
0 
0 
0 
0 
0 
0 
0 
0 
0 
0 
0 
0 
0 
0 
0 
0 
0 
0 
0 
0 
0 
0 
0 
0 
0 
0 
0 
0 
0 
0 
0 
0 
0 
0 
0 
0 
0 
0 
0 
0 
0 
0 
0 
0 
0 
0 
0 
0 
0 
0 
0 
0 
0 
0 
0 
0 
0 
0 
0 
0 
0 
0 
0 
0 
0 
0 
0 
0 
0 
0 
0 
0 
0 
0 
0 
0 
0 
0 
0 
0 
0 
0 
0 
0 
0 
0 
0 
0 
0 
0 
0 
0 
0 
0 
0 
0 
0 
0 
0 
0 
0 
0 
0 
0 
0 
0 
0 
0 
0 
0 
0 
0 
0 
0 
0 
0 
0 
0 
0 
0 
0 
0 
0 
0 
0 
0 
0 
0 
0 
0 
0 
0 
0 
0 
0 
0 
0 
0 
0 
0 
0 
0 
0 
0 
0 
0 
0 
0 
0 
0 
0 
0 
0 
0 
0 
0 
0 
0 
0 
0 
0 
0 
0 
0 
0 
0 
0 
0 
0 
0 
0 
0 
0 
0 
0 
0 
0 
0 
0 
0 
0 
0 
0 
0 
0 
0 
0 
0 
0 
0 
0 
0 
0 
0 
0 
0 
0 
0 
0 
0 
0 
0 
0 
0 
0 
0 
0 
0 
0 
0 
0 
0 
0 
0 
0 
0 
0 
0 
0 
0 
0 
0 
0 
0 
0 
0 
0 
0 
0 
0 
0 
0 
0 
0 
0 
0 
0 
0 
0 
0 
0 
0 
0 
0 
0 
0 
0 
0 
0 
0 
0 
0 
0 
0 
0 
0 
0 
0 
0 
0 
0 
0 
0 
0 
0 
0 
0 
0 
0 
0 
0 
0 
0 
0 
0 
0 
0 
0 
0 
0 
0 
0 
0 
0 
0 
0 
0 
0 
0 
0 
0 
0 
0 
0 
0 
0 
0 
0 
0 
0 
0 
0 
0 
0 
0 
0 
0 
0 
0 
0 
0 
0 
0 
0 
0 
0 
0 
0 
0 
0 
0 
0 
0 
0 
0 
0 
0 
0 
0 
0 
0 
0 
0 
0 
0 
0 
0 
0 
0 
0 
0 
0 
0 
0 
0 
0 
0 
0 
0 
0 
0 
0 
0 
0 
0 
0 
0 
0 
0 
0 
0 
0 
0 
0 
0 
0 
0 
0 
0 
0 
0 
0 
0 
0 
0 
0 
0 
0 
0 
0 
0 
0 
0 
0 
0 
0 
0 
0 
0 
0 
0 
0 
0 
0 
0 
0 
0 
0 
0 
0 
0 
0 
0 
0 
0 
0 
0 
0 
0 
0 
0 
0 
0 
0 
0 
0 
0 
0 
0 
0 
0 
0 
0 
0 
0 
0 
0 
0 
0 
0 
0 
0 
0 
0 
0 
0 
0 
0 
0 
0 
0 
0 
0 
0 
0 
0 
0 
0 
0 
0 
0 
0 
0 
0 
0 
0 
0 
0 
0 
0 
0 
0 
0 
0 
0 
0 
0 
0 
0 
0 
0 
0 
0 
0 
0 
0 
0 
0 
0 
0 
0 
0 
0 
0 
0 
0 
0 
0 
0 
0 
0 
0 
0 
0 
0 
0 
0 
0 
0 
0 
0 
0 
0 
0 
0 
0 
0 
0 
0 
0 
0 
0 
0 
0 
0 
0 
0 
0 
0 
0 
0 
0 
0 
0 
0 
0 
0 
0 
0 
0 
0 
0 
0 
0 
0 
0 
0 
0 
0 
0 
0 
0 
0 
0 
0 
0 
0 
0 
0 
0 
0 
0 
0 
0 
0 
0 
0 
0 
0 
0 
0 
0 
0 
0 
0 
0 
0 
0 
0 
0 
0 
0 
0 
0 
0 
0 
0 
0 
0 
0 
0 
0 
0 
0 
0 
0 
0 
0 
0 
0 
0 
0 
0 
0 
0 
0 
0 
0 
0 
0 
0 
0 
0 
0 
0 
0 
0 
0 
0 
0 
0 
0 
0 
0 
0 
0 
0 
0 
0 
0 
0 
0 
0 
0 
0 
0 
0 
0 
0 
0 
0 
0 
0 
0 
0 
0 
0 
0 
0 
0 
0 
0 
0 
0 
0 
0 
0 
0 
0 
0 
0 
0 
0 
0 
0 
0 
0 
0 
0 
0 
0 
0 
0 
0 
0 
0 
0 
0 
0 
0 
0 
0 
0 
0 
0 
0 
0 
0 
0 
0 
0 
0 
0 
0 
0 
0 
0 
0 
0 
0 
0 
0 
0 
0 
0 
0 
0 
0 
0 
0 
0 
0 
0 
0 
0 
0 
0 
0 
0 
0 
0 
0 
0 
0 
0 
0 
0 
0 
0 
0 
0 
0 
0 
0 
0 
0 
0 
0 
0 
0 
0 
0 
0 
0 
0 
0 
0 
0 
0 
0 
0 
0 
0 
0 
0 
0 
0 
0 
0 
0 
0 
0 
0 
0 
0 
0 
0 
0 
0 
0 
0 
0 
0 
0 
0 
0 
0 
0 
0 
0 
0 
0 
0 
0 
0 
0 
0 
0 
0 
0 
0 
0 
0 
0 
0 
0 
0 
0 
0 
0 
0 
0 
0 
0 
0 
0 
0 
0 
0 
0 
0 
0 
0 
0 
0 
0 
0 
0 
0 
0 
0 
0 
0 
0 
0 
0 
0 
0 
0 
0 
0 
0 
0 
0 
0 
0 
0 
0 
0 
0 
0 
0 
0 
0 
0 
0 
0 
0 
0 
0 
0 
0 
0 
0 
0 
0 
0 
0 
0 
0 
0 
0 
0 
0 
0 
0 
0 
0 
0 
0 
0 
0 
0 
0 
0 
0 
0 
0 
0 
0 
0 
0 
0 
0 
0 
0 
0 
0 
0 
0 
0 
0 
0 
0 
0 
0 
0 
0 
0 
0 
0 
0 
0 
0 
0 
0 
0 
0 
0 
0 
0 
0 
0 
0 
0 
0 
0 
0 
0 
0 
0 
0 
0 
0 
0 
0 
0 
0 
0 
0 
0 
0 
0 
0 
0 
0 
0 
0 
0 
0 
0 
0 
0 
0 
0 
0 
0 
0 
0 
0 
0 
0 
0 
0 
0 
0 
0 
0 
0 
0 
0 
0 
0 
0 
0 
0 
0 
0 
0 
0 
0 
0 
0 
0 
0 
0 
0 
0 
0 
0 
0 
0 
0 
0 
0 
0 
0 
0 
0 
0 
0 
0 
0 
0 
0 
0 
0 
0 
0 
0 
0 
0 
0 
0 
0 
0 
0 
0 
0 
0 
0 
0 
0 
0 
0 
0 
0 
0 
0 
0 
0 
0 
0 
0 
0 
0 
0 
0 
0 
0 
0 
0 
0 
0 
0 
0 
0 
0 
0 
0 
0 
0 
0 
0 
0 
0 
0 
0 
0 
0 
0 
0 
0 
0 
0 
0 
0 
0 
0 
0 
0 
0 
0 
0 
0 
0 
0 
0 
0 
0 
0 
0 
0 
0 
0 
0 
0 
0 
0 
0 
0 
0 
0 
0 
0 
0 
0 
0 
0 
0 
0 
0 
0 
0 
0 
0 
0 
0 
0 
0 
0 
0 
0 
0 
0 
0 
0 
0 
0 
0 
0 
0 
0 
0 
0 
0 
0 
0 
0 
0 
0 
0 
0 
0 
0 
0 
0 
0 
0 
0 
0 
0 
0 
0 
0 
0 
0 
0 
0 
0 
0 
0 
0 
0 
0 
0 
0 
0 
0 
0 
0 
0 
0 
0 
0 
0 
0 
0 
0 
0 
0 
0 
0 
0 
0 
0 
0 
0 
0 
0 
0 
0 
0 
0 
0 
0 
0 
0 
0 
0 
0 
0 
0 
0 
0 
0 
0 
0 
0 
0 
0 
0 
0 
0 
0 
0 
0 
0 
0 
0 
0 
0 
0 
0 
0 
0 
0 
0 
0 
0 
0 
0 
0 
0 
0 
0 
0 
0 
0 
0 
0 
0 
0 
0 
0 
0 
0 
0 
0 
0 
0 
0 
0 
0 
0 
0 
0 
0 
0 
0 
0 
0 
0 
0 
0 
0 
0 
0 
0 
0 
0 
0 
0 
0 
0 
0 
0 
0 
0 
0 
0 
0 
0 
0 
0 
0 
0 
0 
0 
0 
0 
0 
0 
0 
0 
0 
0 
0 
0 
0 
0 
0 
0 
0 
0 
0 
0 
0 
0 
0 
0 
0 
0 
0 
0 
0 
0 
0 
0 
0 
0 
0 
0 
0 
0 
0 
0 
0 
0 
0 
0 
0 
0 
0 
0 
0 
0 
0 
0 
0 
0 
0 
0 
0 
0 
0 
0 
0 
0 
0 
0 
0 
0 
0 
0 
0 
0 
0 
0 
0 
0 
0 
0 
0 
0 
0 
0 
0 
0 
0 
0 
0 
0 
0 
0 
0 
0 
0 
0 
0 
0 
0 
0 
0 
0 
0 
0 
0 
0 
0 
0 
0 
0 
0 
0 
0 
0 
0 
0 
0 
0 
0 
0 
0 
0 
0 
0 
0 
0 
0 
0 
0 
0 
0 
0 
0 
0 
0 
0 
0 
0 
0 
0 
0 
0 
0 
0 
0 
0 
0 
0 
0 
0 
0 
0 
0 
0 
0 
0 
0 
0 
0 
0 
0 
0 
0 
0 
0 
0 
0 
0 
0 
0 
0 
0 
0 
0 
0 
0 
0 
0 
0 
0 
0 
0 
0 
0 
0 
0 
0 
0 
0 
0 
0 
0 
0 
0 
0 
0 
0 
0 
0 
0 
0 
0 
0 
0 
0 
0 
0 
0 
0 
0 
0 
0 
0 
0 
0 
0 
0 
0 
0 
0 
0 
0 
0 
0 
0 
0 
0 
0 
0 
0 
0 
0 
0 
0 
0 
0 
0 
0 
0 
0 
0 
0 
0 
0 
0 
0 
0 
0 
0 
0 
0 
0 
0 
0 
0 
0 
0 
0 
0 
0 
0 
0 
0 
0 
0 
0 
0 
0 
0 
0 
0 
0 
0 
0 
0 
0 
0 
0 
0 
0 
0 
0 
0 
0 
0 
0 
0 
0 
0 
0 
0 
0 
0 
0 
0 
0 
0 
0 
0 
0 
0 
0 
0 
0 
0 
0 
0 
0 
0 
0 
0 
0 
0 
0 
0 
0 
0 
0 
0 
0 
0 
0 
0 
0 
0 
0 
0 
0 
0 
0 
0 
0 
0 
0 
0 
0 
0 
0 
0 
0 
0 
0 
0 
0 
0 
0 
0 
0 
0 
0 
0 
0 
0 
0 
0 
0 
0 
0 
0 
0 
0 
0 
0 
0 
0 
0 
0 
0 
0 
0 
0 
0 
0 
0 
0 
0 
0 
0 
0 
0 
0 
0 
0 
0 
0 
0 
0 
0 
0 
0 
0 
0 
0 
0 
0 
0 
0 
0 
0 
0 
0 
0 
0 
0 
0 
0 
0 
0 
0 
0 
0 
0 
0 
0 
0 
0 
0 
0 
0 
0 
0 
0 
0 
0 
0 
0 
0 
0 
0 
0 
0 
0 
0 
0 
0 
0 
0 
0 
0 
0 
0 
0 
0 
0 
0 
0 
0 
0 
0 
0 
0 
0 
0 
0 
0 
0 
0 
0 
0 
0 
0 
0 
0 
0 
0 
0 
0 
0 
0 
0 
0 
0 
0 
0 
0 
0 
0 
0 
0 
0 
0 
0 
0 
0 
0 
0 
0 
0 
0 
0 
0 
0 
0 
0 
0 
0 
0 
0 
0 
0 
0 
0 
0 
0 
0 
0 
0 
0 
0 
0 
0 
0 
0 
0 
0 
0 
0 
0 
0 
0 
0 
0 
0 
0 
0 
0 
0 
0 
0 
0 
0 
0 
0 
0 
0 
0 
0 
0 
0 
0 
0 
0 
0 
0 
0 
0 
0 
0 
0 
0 
0 
0 
0 
0 
0 
0 
0 
0 
0 
0 
0 
0 
0 
0 
0 
0 
0 
0 
0 
0 
0 
0 
0 
0 
0 
0 
0 
0 
0 
0 
0 
0 
0 
0 
0 
0 
0 
0 
0 
0 
0 
0 
0 
0 
0 
0 
0 
0 
0 
0 
0 
0 
0 
0 
0 
0 
0 
0 
0 
0 
0 
0 
0 
0 
0 
0 
0 
0 
0 
0 
0 
0 
0 
0 
0 
0 
0 
0 
0 
0 
0 
0 
0 
0 
0 
0 
0 
0 
0 
0 
0 
0 
0 
0 
0 
0 
0 
0 
0 
0 
0 
0 
0 
0 
0 
0 
0 
0 
0 
0 
0 
0 
0 
0 
0 
0 
0 
0 
0 
0 
0 
0 
0 
0 
0 
0 
0 
0 
0 
0 
0 
0 
0 
0 
0 
0 
0 
0 
0 
0 
0 
0 
0 
0 
0 
0 
0 
0 
0 
0 
0 
0 
0 
0 
0 
0 
0 
0 
0 
0 
0 
0 
0 
0 
0 
0 
0 
0 
0 
0 
0 
0 
0 
0 
0 
0 
0 
0 
0 
0 
0 
0 
0 
0 
0 
0 
0 
0 
0 
0 
0 
0 
0 
0 
0 
0 
0 
0 
0 
0 
0 
0 
0 
0 
0 
0 
0 
0 
0 
0 
0 
0 
0 
0 
0 
0 
0 
0 
0 
0 
0 
0 
0 
0 
0 
0 
0 
0 
0 
0 
0 
0 
0 
0 
0 
0 
0 
0 
0 
0 
0 
0 
0 
0 
0 
0 
0 
0 
0 
0 
0 
0 
0 
0 
0 
0 
0 
0 
0 
0 
0 
0 
0 
0 
0 
0 
0 
0 
0 
0 
0 
0 
0 
0 
0 
0 
0 
0 
0 
0 
0 
0 
0 
0 
0 
0 
0 
0 
0 
0 
0 
0 
0 
0 
0 
0 
0 
0 
0 
0 
0 
0 
0 
0 
0 
0 
0 
0 
0 
0 
0 
0 
0 
0 
0 
0 
0 
0 
0 
0 
0 
0 
0 
0 
0 
0 
0 
0 
0 
0 
0 
0 
0 
0 
0 
0 
0 
0 
0 
0 
0 
0 
0 
0 
0 
0 
0 
0 
0 
0 
0 
0 
0 
0 
0 
0 
0 
0 
0 
0 
0 
0 
0 
0 
0 
0 
0 
0 
0 
0 
0 
0 
0 
0 
0 
0 
0 
0 
0 
0 
0 
0 
0 
0 
0 
0 
0 
0 
0 
0 
0 
0 
0 
0 
0 
0 
0 
0 
0 
0 
0 
0 
0 
0 
0 
0 
0 
0 
0 
0 
0 
0 
0 
0 
0 
0 
0 
0 
0 
0 
0 
0 
0 
0 
0 
0 
0 
0 
0 
0 
0 
0 
0 
0 
0 
0 
0 
0 
0 
0 
0 
0 
0 
0 
0 
0 
0 
0 
0 
0 
0 
0 
0 
0 
0 
0 
0 
0 
0 
0 
0 
0 
0 
0 
0 
0 
0 
0 
0 
0 
0 
0 
0 
0 
0 
0 
0 
0 
0 
0 
0 
0 
0 
0 
0 
0 
0 
0 
0 
0 
0 
0 
0 
0 
0 
0 
0 
0 
0 
0 
0 
0 
0 
0 
0 
0 
0 
0 
0 
0 
0 
0 
0 
0 
0 
0 
0 
0 
0 
0 
0 
0 
0 
0 
0 
0 
0 
0 
0 
0 
0 
0 
0 
0 
0 
0 
0 
0 
0 
0 
0 
0 
0 
0 
0 
0 
0 
0 
0 
0 
0 
0 
0 
0 
0 
0 
0 
0 
0 
0 
0 
0 
0 
0 
0 
0 
0 
0 
0 
0 
0 
0 
0 
0 
0 
0 
0 
0 
0 
0 
0 
0 
0 
0 
0 
0 
0 
0 
0 
0 
0 
0 
0 
0 
0 
0 
0 
0 
0 
0 
0 
0 
0 
0 
0 
0 
0 
0 
0 
0 
0 
0 
0 
0 
0 
0 
0 
0 
0 
0 
0 
0 
0 
0 
0 
0 
0 
0 
0 
0 
0 
0 
0 
0 
0 
0 
0 
0 
0 
0 
0 
0 
0 
0 
0 
0 
0 
0 
0 
0 
0 
0 
0 
0 
0 
0 
0 
0 
0 
0 
0 
0 
0 
0 
0 
0 
0 
0 
0 
0 
0 
0 
0 
0 
0 
0 
0 
0 
0 
0 
0 
0 
0 
0 
0 
0 
0 
0 
0 
0 
0 
0 
0 
0 
0 
0 
0 
0 
0 
0 
0 
0 
0 
0 
0 
0 
0 
0 
0 
0 
0 
0 
0 
0 
0 
0 
0 
0 
0 
0 
0 
0 
0 
0 
0 
0 
0 
0 
0 
0 
0 
0 
0 
0 
0 
0 
0 
0 
0 
0 
0 
0 
0 
0 
0 
0 
0 
0 
0 
0 
0 
0 
0 
0 
0 
0 
0 
0 
0 
0 
0 
0 
0 
0 
0 
0 
0 
0 
0 
0 
0 
0 
0 
0 
0 
0 
0 
0 
0 
0 
0 
0 
0 
0 
0 
0 
0 
0 
0 
0 
0 
0 
0 
0 
0 
0 
0 
0 
0 
0 
0 
0 
0 
0 
0 
0 
0 
0 
0 
0 
0 
0 
0 
0 
0 
0 
0 
0 
0 
0 
0 
0 
0 
0 
0 
0 
0 
0 
0 
0 
0 
0 
0 
0 
0 
0 
0 
0 
0 
0 
0 
0 
0 
0 
0 
0 
0 
0 
0 
0 
0 
0 
0 
0 
0 
0 
0 
0 
0 
0 
0 
0 
0 
0 
0 
0 
0 
0 
0 
0 
0 
0 
0 
0 
0 
0 
0 
0 
0 
0 
0 
0 
0 
0 
0 
0 
0 
0 
0 
0 
0 
0 
0 
0 
0 
0 
0 
0 
0 
0 
0 
0 
0 
0 
0 
0 
0 
0 
0 
0 
0 
0 
0 
0 
0 
0 
0 
0 
0 
0 
0 
0 
0 
0 
0 
0 
0 
0 
0 
0 
0 
0 
0 
0 
0 
0 
0 
0 
0 
0 
0 
0 
0 
0 
0 
0 
0 
0 
0 
0 
0 
0 
0 
0 
0 
0 
0 
0 
0 
0 
0 
0 
0 
0 
0 
0 
0 
0 
0 
0 
0 
0 
0 
0 
0 
0 
0 
0 
0 
0 
0 
0 
0 
0 
0 
0 
0 
0 
0 
0 
0 
0 
0 
0 
0 
0 
0 
0 
0 
0 
0 
0 
0 
0 
0 
0 
0 
0 
0 
0 
0 
0 
0 
0 
0 
0 
0 
0 
0 
0 
0 
0 
0 
0 
0 
0 
0 
0 
0 
0 
0 
0 
0 
0 
0 
0 
0 
0 
0 
0 
0 
0 
0 
0 
0 
0 
0 
0 
0 
0 
0 
0 
0 
0 
0 
0 
0 
0 
0 
0 
0 
0 
0 
0 
0 
0 
0 
0 
0 
0 
0 
0 
0 
0 
0 
0 
0 
0 
0 
0 
0 
0 
0 
0 
0 
0 
0 
0 
0 
0 
0 
0 
0 
0 
0 
0 
0 
0 
0 
0 
0 
0 
0 
0 
0 
0 
0 
0 
0 
0 
0 
0 
0 
0 
0 
0 
0 
0 
0 
0 
0 
0 
0 
0 
0 
0 
0 
0 
0 
0 
0 
0 
0 
0 
0 
0 
0 
0 
0 
0 
0 
0 
0 
0 
0 
0 
0 
0 
0 
0 
0 
0 
0 
0 
0 
0 
0 
0 
0 
0 
0 
0 
0 
0 
0 
0 
0 
0 
0 
0 
0 
0 
0 
0 
0 
0 
0 
0 
0 
0 
0 
0 
0 
0 
0 
0 
0 
0 
0 
0 
0 
0 
0 
0 
0 
0 
0 
0 
0 
0 
0 
0 
0 
0 
0 
0 
0 
0 
0 
0 
0 
0 
0 
0 
0 
0 
0 
0 
0 
0 
0 
0 
0 
0 
0 
0 
0 
0 
0 
0 
0 
0 
0 
0 
0 
0 
0 
0 
0 
0 
0 
0 
0 
0 
0 
0 
0 
0 
0 
0 
0 
0 
0 
0 
0 
0 
0 
0 
0 
0 
0 
0 
0 
0 
0 
0 
0 
0 
0 
0 
0 
0 
0 
0 
0 
0 
0 
0 
0 
0 
0 
0 
0 
0 
0 
0 
0 
0 
0 
0 
0 
0 
0 
0 
0 
0 
0 
0 
0 
0 
0 
0 
0 
0 
0 
0 
0 
0 
0 
0 
0 
0 
0 
0 
0 
0 
0 
0 
0 
0 
0 
0 
0 
0 
0 
0 
0 
0 
0 
0 
0 
0 
0 
0 
0 
0 
0 
0 
0 
0 
0 
0 
0 
0 
0 
0 
0 
0 
0 
0 
0 
0 
0 
0 
0 
0 
0 
0 
0 
0 
0 
0 
0 
0 
0 
0 
0 
0 
0 
0 
0 
0 
0 
0 
0 
0 
0 
0 
0 
0 
0 
0 
0 
0 
0 
0 
0 
0 
0 
0 
0 
0 
0 
0 
0 
0 
0 
0 
0 
0 
0 
0 
0 
0 
0 
0 
0 
0 
0 
0 
0 
0 
0 
0 
0 
0 
0 
0 
0 
0 
0 
0 
0 
0 
0 
0 
0 
0 
0 
0 
0 
0 
0 
0 
0 
0 
0 
0 
0 
0 
0 
0 
0 
0 
0 
0 
0 
0 
0 
0 
0 
0 
0 
0 
0 
0 
0 
0 
0 
0 
0 
0 
0 
0 
0 
0 
0 
0 
0 
0 
0 
0 
0 
0 
0 
0 
0 
0 
0 
0 
0 
0 
0 
0 
0 
0 
0 
0 
0 
0 
0 
0 
0 
0 
0 
0 
0 
0 
0 
0 
0 
0 
0 
0 
0 
0 
0 
0 
0 
0 
0 
0 
0 
0 
0 
0 
0 
0 
0 
0 
0 
0 
0 
0 
0 
0 
0 
0 
0 
0 
0 
0 
0 
0 
0 
0 
0 
0 
0 
0 
0 
0 
0 
0 
0 
0 
0 
0 
0 
0 
0 
0 
0 
0 
0 
0 
0 
0 
0 
0 
0 
0 
0 
0 
0 
0 
0 
0 
0 
0 
0 
0 
0 
0 
0 
0 
0 
0 
0 
0 
0 
0 
0 
0 
0 
0 
0 
0 
0 
0 
0 
0 
0 
0 
0 
0 
0 
0 
0 
0 
0 
0 
0 
0 
0 
0 
0 
0 
0 
0 
0 
0 
0 
0 
0 
0 
0 
0 
0 
0 
0 
0 
0 
0 
0 
0 
0 
0 
0 
0 
0 
0 
0 
0 
0 
0 
0 
0 
0 
0 
0 
0 
0 
0 
0 
0 
0 
0 
0 
0 
0 
0 
0 
0 
0 
0 
0 
0 
0 
0 
0 
0 
0 
0 
0 
0 
0 
0 
0 
0 
0 
0 
0 
0 
0 
0 
0 
0 
0 
0 
0 
0 
0 
0 
0 
0 
0 
0 
0 
0 
0 
0 
0 
0 
0 
0 
0 
0 
0 
0 
0 
0 
0 
0 
0 
0 
0 
0 
0 
0 
0 
0 
0 
0 
0 
0 
0 
0 
0 
0 
0 
0 
0 
0 
0 
0 
0 
0 
0 
0 
0 
0 
0 
0 
0 
0 
0 
0 
0 
0 
0 
0 
0 
0 
0 
0 
0 
0 
0 
0 
0 
0 
0 
0 
0 
0 
0 
0 
0 
0 
0 
0 
0 
0 
0 
0 
0 
0 
0 
0 
0 
0 
0 
0 
0 
0 
0 
0 
0 
0 
0 
0 
0 
0 
0 
0 
0 
0 
0 
0 
0 
0 
0 
0 
0 
0 
0 
0 
0 
0 
0 
0 
0 
0 
0 
0 
0 
0 
0 
0 
0 
0 
0 
0 
0 
0 
0 
0 
0 
0 
0 
0 
0 
0 
0 
0 
0 
0 
0 
0 
0 
0 
0 
0 
0 
0 
0 
0 
0 
0 
0 
0 
0 
0 
0 
0 
0 
0 
0 
0 
0 
0 
0 
0 
0 
0 
0 
0 
0 
0 
0 
0 
0 
0 
0 
0 
0 
0 
0 
0 
0 
0 
0 
0 
0 
0 
0 
0 
0 
0 
0 
0 
0 
0 
0 
0 
0 
0 
0 
0 
0 
0 
0 
0 
0 
0 
0 
0 
0 
0 
0 
0 
0 
0 
0 
0 
0 
0 
0 
0 
0 
0 
0 
0 
0 
0 
0 
0 
0 
0 
0 
0 
0 
0 
0 
0 
0 
0 
0 
0 
0 
0 
0 
0 
0 
0 
0 
0 
0 
0 
0 
0 
0 
0 
0 
0 
0 
0 
0 
0 
0 
0 
0 
0 
0 
0 
0 
0 
0 
0 
0 
0 
0 
0 
0 
0 
0 
0 
0 
0 
0 
0 
0 
0 
0 
0 
0 
0 
0 
0 
0 
0 
0 
0 
0 
0 
0 
0 
0 
0 
0 
0 
0 
0 
0 
0 
0 
0 
0 
0 
0 
0 
0 
0 
0 
0 
0 
0 
0 
0 
0 
0 
0 
0 
0 
0 
0 
0 
0 
0 
0 
0 
0 
0 
0 
0 
0 
0 
0 
0 
0 
0 
0 
0 
0 
0 
0 
0 
0 
0 
0 
0 
0 
0 
0 
0 
0 
0 
0 
0 
0 
0 
0 
0 
0 
0 
0 
0 
0 
0 
0 
0 
0 
0 
0 
0 
0 
0 
0 
0 
0 
0 
0 
0 
0 
0 
0 
0 
0 
0 
0 
0 
0 
0 
0 
0 
0 
0 
0 
0 
0 
0 
0 
0 
0 
0 
0 
0 
0 
0 
0 
0 
0 
0 
0 
0 
0 
0 
0 
0 
0 
0 
0 
0 
0 
0 
0 
0 
0 
0 
0 
0 
0 
0 
0 
0 
0 
0 
0 
0 
0 
0 
0 
0 
0 
0 
0 
0 
0 
0 
0 
0 
0 
0 
0 
0 
0 
0 
0 
0 
0 
0 
0 
0 
0 
0 
0 
0 
0 
0 
0 
0 
0 
0 
0 
0 
0 
0 
0 
0 
0 
0 
0 
0 
0 
0 
0 
0 
0 
0 
0 
0 
0 
0 
0 
0 
0 
0 
0 
0 
0 
0 
0 
0 
0 
0 
0 
0 
0 
0 
0 
0 
0 
0 
0 
0 
0 
0 
0 
0 
0 
0 
0 
0 
0 
0 
0 
0 
0 
0 
0 
0 
0 
0 
0 
0 
0 
0 
0 
0 
0 
0 
0 
0 
0 
0 
0 
0 
0 
0 
0 
0 
0 
0 
0 
0 
0 
0 
0 
0 
0 
0 
0 
0 
0 
0 
0 
0 
0 
0 
0 
0 
0 
0 
0 
0 
0 
0 
0 
0 
0 
0 
0 
0 
0 
0 
0 
0 
0 
0 
0 
0 
0 
0 
0 
0 
0 
0 
0 
0 
0 
0 
0 
0 
0 
0 
0 
0 
0 
0 
0 
0 
0 
0 
0 
0 
0 
0 
0 
0 
0 
0 
0 
0 
0 
0 
0 
0 
0 
0 
0 
0 
0 
0 
0 
0 
0 
0 
0 
0 
0 
0 
0 
0 
0 
0 
0 
0 
0 
0 
0 
0 
0 
0 
0 
0 
0 
0 
0 
0 
0 
0 
0 
0 
0 
0 
0 
0 
0 
0 
0 
0 
0 
0 
0 
0 
0 
0 
0 
0 
0 
0 
0 
0 
0 
0 
0 
0 
0 
0 
0 
0 
0 
0 
0 
0 
0 
0 
0 
0 
0 
0 
0 
0 
0 
0 
0 
0 
0 
0 
0 
0 
0 
0 
0 
0 
0 
0 
0 
0 
0 
0 
0 
0 
0 
0 
0 
0 
0 
0 
0 
0 
0 
0 
0 
0 
0 
0 
0 
0 
0 
0 
0 
0 
0 
0 
0 
0 
0 
0 
0 
0 
0 
0 
0 
0 
0 
0 
0 
0 
0 
0 
0 
0 
0 
0 
0 
0 
0 
0 
0 
0 
0 
0 
0 
0 
0 
0 
0 
0 
0 
0 
0 
0 
0 
0 
0 
0 
0 
0 
0 
0 
0 
0 
0 
0 
0 
0 
0 
0 
0 
0 
0 
0 
0 
0 
0 
0 
0 
0 
0 
0 
0 
0 
0 
0 
0 
0 
0 
0 
0 
0 
0 
0 
0 
0 
0 
0 
0 
0 
0 
0 
0 
0 
0 
0 
0 
0 
0 
0 
0 
0 
0 
0 
0 
0 
0 
0 
0 
0 
0 
0 
0 
0 
0 
0 
0 
0 
0 
0 
0 
0 
0 
0 
0 
0 
0 
0 
0 
0 
0 
0 
0 
0 
0 
0 
0 
0 
0 
0 
0 
0 
0 
0 
0 
0 
0 
0 
0 
0 
0 
0 
0 
0 
0 
0 
0 
0 
0 
0 
0 
0 
0 
0 
0 
0 
0 
0 
0 
0 
0 
0 
0 
0 
0 
0 
0 
0 
0 
0 
0 
0 
0 
0 
0 
0 
0 
0 
0 
0 
0 
0 
0 
0 
0 
0 
0 
0 
0 
0 
0 
0 
0 
0 
0 
0 
0 
0 
0 
0 
0 
0 
0 
0 
0 
0 
0 
0 
0 
0 
0 
0 
0 
0 
0 
0 
0 
0 
0 
0 
0 
0 
0 
0 
0 
0 
0 
0 
0 
0 
0 
0 
0 
0 
0 
0 
0 
0 
0 
0 
0 
0 
0 
0 
0 
0 
0 
0 
0 
0 
0 
0 
0 
0 
0 
0 
0 
0 
0 
0 
0 
0 
0 
0 
0 
0 
0 
0 
0 
0 
0 
0 
0 
0 
0 
0 
0 
0 
0 
0 
0 
0 
0 
0 
0 
0 
0 
0 
0 
0 
0 
0 
0 
0 
0 
0 
0 
0 
0 
0 
0 
0 
0 
0 
0 
0 
0 
0 
0 
0 
0 
0 
0 
0 
0 
0 
0 
0 
0 
0 
0 
0 
0 
0 
0 
0 
0 
0 
0 
0 
0 
0 
0 
0 
0 
0 
0 
0 
0 
0 
0 
0 
0 
0 
0 
0 
0 
0 
0 
0 
0 
0 
0 
0 
0 
0 
0 
0 
0 
0 
0 
0 
0 
0 
0 
0 
0 
0 
0 
0 
0 
0 
0 
0 
0 
0 
0 
0 
0 
0 
0 
0 
0 
0 
0 
0 
0 
0 
0 
0 
0 
0 
0 
0 
0 
0 
0 
0 
0 
0 
0 
0 
0 
0 
0 
0 
0 
0 
0 
0 
0 
0 
0 
0 
0 
0 
0 
0 
0 
0 
0 
0 
0 
0 
0 
0 
0 
0 
0 
0 
0 
0 
0 
0 
0 
0 
0 
0 
0 
0 
0 
0 
0 
0 
0 
0 
0 
0 
0 
0 
0 
0 
0 
0 
0 
0 
0 
0 
0 
0 
0 
0 
0 
0 
0 
0 
0 
0 
0 
0 
0 
0 
0 
0 
0 
0 
0 
0 
0 
0 
0 
0 
0 
0 
0 
0 
0 
0 
0 
0 
0 
0 
0 
0 
0 
0 
0 
0 
0 
0 
0 
0 
0 
0 
0 
0 
0 
0 
0 
0 
0 
0 
0 
0 
0 
0 
0 
0 
0 
0 
0 
0 
0 
0 
0 
0 
0 
0 
0 
0 
0 
0 
0 
0 
0 
0 
0 
0 
0 
0 
0 
0 
0 
0 
0 
0 
0 
0 
0 
0 
0 
0 
0 
0 
0 
0 
0 
0 
0 
0 
0 
0 
0 
0 
0 
0 
0 
0 
0 
0 
0 
0 
0 
0 
0 
0 
0 
0 
0 
0 
0 
0 
0 
0 
0 
0 
0 
0 
0 
0 
0 
0 
0 
0 
0 
0 
0 
0 
0 
0 
0 
0 
0 
0 
0 
0 
0 
0 
0 
0 
0 
0 
0 
0 
0 
0 
0 
0 
0 
0 
0 
0 
0 
0 
0 
0 
0 
0 
0 
0 
0 
0 
0 
0 
0 
0 
0 
0 
0 
0 
0 
0 
0 
0 
0 
0 
0 
0 
0 
0 
0 
0 
0 
0 
0 
0 
0 
0 
0 
0 
0 
0 
0 
0 
0 
0 
0 
0 
0 
0 
0 
0 
0 
0 
0 
0 
0 
0 
0 
0 
0 
0 
0 
0 
0 
0 
0 
0 
0 
0 
0 
0 
0 
0 
0 
0 
0 
0 
0 
0 
0 
0 
0 
0 
0 
0 
0 
0 
0 
0 
0 
0 
0 
0 
0 
0 
0 
0 
0 
0 
0 
0 
0 
0 
0 
0 
0 
0 
0 
0 
0 
0 
0 
0 
0 
0 
0 
0 
0 
0 
0 
0 
0 
0 
0 
0 
0 
0 
0 
0 
0 
0 
0 
0 
0 
0 
0 
0 
0 
0 
0 
0 
0 
0 
0 
0 
0 
0 
0 
0 
0 
0 
0 
0 
0 
0 
0 
0 
0 
0 
0 
0 
0 
0 
0 
0 
0 
0 
0 
0 
0 
0 
0 
0 
0 
0 
0 
0 
0 
0 
0 
0 
0 
0 
0 
0 
0 
0 
0 
0 
0 
0 
0 
0 
0 
0 
0 
0 
0 
0 
0 
0 
0 
0 
0 
0 
0 
0 
0 
0 
0 
0 
0 
0 
0 
0 
0 
0 
0 
0 
0 
0 
0 
0 
0 
0 
0 
0 
0 
0 
0 
0 
0 
0 
0 
0 
0 
0 
0 
0 
0 
0 
0 
0 
0 
0 
0 
0 
0 
0 
0 
0 
0 
0 
0 
0 
0 
0 
0 
0 
0 
0 
0 
0 
0 
0 
0 
0 
0 
0 
0 
0 
0 
0 
0 
0 
0 
0 
0 
0 
0 
0 
0 
0 
0 
0 
0 
0 
0 
0 
0 
0 
0 
0 
0 
0 
0 
0 
0 
0 
0 
0 
0 
0 
0 
0 
0 
0 
0 
0 
0 
0 
0 
0 
0 
0 
0 
0 
0 
0 
0 
0 
0 
0 
0 
0 
0 
0 
0 
0 
0 
0 
0 
0 
0 
0 
0 
0 
0 
0 
0 
0 
0 
0 
0 
0 
0 
0 
0 
0 
0 
0 
0 
0 
0 
0 
0 
0 
0 
0 
0 
0 
0 
0 
0 
0 
0 
0 
0 
0 
0 
0 
0 
0 
0 
0 
0 
0 
0 
0 
0 
0 
0 
0 
0 
0 
0 
0 
0 
0 
0 
0 
0 
0 
0 
0 
0 
0 
0 
0 
0 
0 
0 
0 
0 
0 
0 
0 
0 
0 
0 
0 
0 
0 
0 
0 
0 
0 
0 
0 
0 
0 
0 
0 
0 
0 
0 
0 
0 
0 
0 
0 
0 
0 
0 
0 
0 
0 
0 
0 
0 
0 
0 
0 
0 
0 
0 
0 
0 
0 
0 
0 
0 
0 
0 
0 
0 
0 
0 
0 
0 
0 
0 
0 
0 
0 
0 
0 
0 
0 
0 
0 
0 
0 
0 
0 
0 
0 
0 
0 
0 
0 
0 
0 
0 
0 
0 
0 
0 
0 
0 
0 
0 
0 
0 
0 
0 
0 
0 
0 
0 
0 
0 
0 
0 
0 
0 
0 
0 
0 
0 
0 
0 
0 
0 
0 
0 
0 
0 
0 
0 
0 
0 
0 
0 
0 
0 
0 
0 
0 
0 
0 
0 
0 
0 
0 
0 
0 
0 
0 
0 
0 
0 
0 
0 
0 
0 
0 
0 
0 
0 
0 
0 
0 
0 
0 
0 
0 
0 
0 
0 
0 
0 
0 
0 
0 
0 
0 
0 
0 
0 
0 
0 
0 
0 
0 
0 
0 
0 
0 
0 
0 
0 
0 
0 
0 
0 
0 
0 
0 
0 
0 
0 
0 
0 
0 
0 
0 
0 
0 
0 
0 
0 
0 
0 
0 
0 
0 
0 
0 
0 
0 
0 
0 
0 
0 
0 
0 
0 
0 
0 
0 
0 
0 
0 
0 
0 
0 
0 
0 
0 
0 
0 
0 
0 
0 
0 
0 
0 
0 
0 
0 
0 
0 
0 
0 
0 
0 
0 
0 
0 
0 
0 
0 
0 
0 
0 
0 
0 
0 
0 
0 
0 
0 
0 
0 
0 
0 
0 
0 
0 
0 
0 
0 
0 
0 
0 
0 
0 
0 
0 
0 
0 
0 
0 
0 
0 
0 
0 
0 
0 
0 
0 
0 
0 
0 
0 
0 
0 
0 
0 
0 
0 
0 
0 
0 
0 
0 
0 
0 
0 
0 
0 
0 
0 
0 
0 
0 
0 
0 
0 
0 
0 
0 
0 
0 
0 
0 
0 
0 
0 
0 
0 
0 
0 
0 
0 
0 
0 
0 
0 
0 
0 
0 
0 
0 
0 
0 
0 
0 
0 
0 
0 
0 
0 
0 
0 
0 
0 
0 
0 
0 
0 
0 
0 
0 
0 
0 
0 
0 
0 
0 
0 
0 
0 
0 
0 
0 
0 
0 
0 
0 
0 
0 
0 
0 
0 
0 
0 
0 
0 
0 
0 
0 
0 
0 
0 
0 
0 
0 
0 
0 
0 
0 
0 
0 
0 
0 
0 
0 
0 
0 
0 
0 
0 
0 
0 
0 
0 
0 
0 
0 
0 
0 
0 
0 
0 
0 
0 
0 
0 
0 
0 
0 
0 
0 
0 
0 
0 
0 
0 
0 
0 
0 
0 
0 
0 
0 
0 
0 
0 
0 
0 
0 
0 
0 
0 
0 
0 
0 
0 
0 
0 
0 
0 
0 
0 
0 
0 
0 
0 
0 
0 
0 
0 
0 
0 
0 
0 
0 
0 
0 
0 
0 
0 
0 
0 
0 
0 
0 
0 
0 
0 
0 
0 
0 
0 
0 
0 
0 
0 
0 
0 
0 
0 
0 
0 
0 
0 
0 
0 
0 
0 
0 
0 
0 
0 
0 
0 
0 
0 
0 
0 
0 
0 
0 
0 
0 
0 
0 
0 
0 
0 
0 
0 
0 
0 
0 
0 
0 
0 
0 
0 
0 
0 
0 
0 
0 
0 
0 
0 
0 
0 
0 
0 
0 
0 
0 
0 
0 
0 
0 
0 
0 
0 
0 
0 
0 
0 
0 
0 
0 
0 
0 
0 
0 
0 
0 
0 
0 
0 
0 
0 
0 
0 
0 
0 
0 
0 
0 
0 
0 
0 
0 
0 
0 
0 
0 
0 
0 
0 
0 
0 
0 
0 
0 
0 
0 
0 
0 
0 
0 
0 
0 
0 
0 
0 
0 
0 
0 
0 
0 
0 
0 
0 
0 
0 
0 
0 
0 
0 
0 
0 
0 
0 
0 
0 
0 
0 
0 
0 
0 
0 
0 
0 
0 
0 
0 
0 
0 
0 
0 
0 
0 
0 
0 
0 
0 
0 
0 
0 
0 
0 
0 
0 
0 
0 
0 
0 
0 
0 
0 
0 
0 
0 
0 
0 
0 
0 
0 
0 
0 
0 
0 
0 
0 
0 
0 
0 
0 
0 
0 
0 
0 
0 
0 
0 
0 
0 
0 
0 
0 
0 
0 
0 
0 
0 
0 
0 
0 
0 
0 
0 
0 
0 
0 
0 
0 
0 
0 
0 
0 
0 
0 
0 
0 
0 
0 
0 
0 
0 
0 
0 
0 
0 
0 
0 
0 
0 
0 
0 
0 
0 
0 
0 
0 
0 
0 
0 
0 
0 
0 
0 
0 
0 
0 
0 
0 
0 
0 
0 
0 
0 
0 
0 
0 
0 
0 
0 
0 
0 
0 
0 
0 
0 
0 
0 
0 
0 
0 
0 
0 
0 
0 
0 
0 
0 
0 
0 
0 
0 
0 
0 
0 
0 
0 
0 
0 
0 
0 
0 
0 
0 
0 
0 
0 
0 
0 
0 
0 
0 
0 
0 
0 
0 
0 
0 
0 
0 
0 
0 
0 
0 
0 
0 
0 
0 
0 
0 
0 
0 
0 
0 
0 
0 
0 
0 
0 
0 
0 
0 
0 
0 
0 
0 
0 
0 
0 
0 
0 
0 
0 
0 
0 
0 
0 
0 
0 
0 
0 
0 
0 
0 
0 
0 
0 
0 
0 
0 
0 
0 
0 
0 
0 
0 
0 
0 
0 
0 
0 
0 
0 
0 
0 
0 
0 
0 
0 
0 
0 
0 
0 
0 
0 
0 
0 
0 
0 
0 
0 
0 
0 
0 
0 
0 
0 
0 
0 
0 
0 
0 
0 
0 
0 
0 
0 
0 
0 
0 
0 
0 
0 
0 
0 
0 
0 
0 
0 
0 
0 
0 
0 
0 
0 
0 
0 
0 
0 
0 
0 
0 
0 
0 
0 
0 
0 
0 
0 
0 
0 
0 
0 
0 
0 
0 
0 
0 
0 
0 
0 
0 
0 
0 
0 
0 
0 
0 
0 
0 
0 
0 
0 
0 
0 
0 
0 
0 
0 
0 
0 
0 
0 
0 
0 
0 
0 
0 
0 
0 
0 
0 
0 
0 
0 
0 
0 
0 
0 
0 
0 
0 
0 
0 
0 
0 
0 
0 
0 
0 
0 
0 
0 
0 
0 
0 
0 
0 
0 
0 
0 
0 
0 
0 
0 
0 
0 
0 
0 
0 
0 
0 
0 
0 
0 
0 
0 
0 
0 
0 
0 
0 
0 
0 
0 
0 
0 
0 
0 
0 
0 
0 
0 
0 
0 
0 
0 
0 
0 
0 
0 
0 
0 
0 
0 
0 
0 
0 
0 
0 
0 
0 
0 
0 
0 
0 
0 
0 
0 
0 
0 
0 
0 
0 
0 
0 
0 
0 
0 
0 
0 
0 
0 
0 
0 
0 
0 
0 
0 
0 
0 
0 
0 
0 
0 
0 
0 
0 
0 
0 
0 
0 
0 
0 
0 
0 
0 
0 
0 
0 
0 
0 
0 
0 
0 
0 
0 
0 
0 
0 
0 
0 
0 
0 
0 
0 
0 
0 
0 
0 
0 
0 
0 
0 
0 
0 
0 
0 
0 
0 
0 
0 
0 
0 
0 
0 
0 
0 
0 
0 
0 
0 
0 
0 
0 
0 
0 
0 
0 
0 
0 
0 
0 
0 
0 
0 
0 
0 
0 
0 
0 
0 
0 
0 
0 
0 
0 
0 
0 
0 
0 
0 
0 
0 
0 
0 
0 
0 
0 
0 
0 
0 
0 
0 
0 
0 
0 
0 
0 
0 
0 
0 
0 
0 
0 
0 
0 
0 
0 
0 
0 
0 
0 
0 
0 
0 
0 
0 
0 
0 
0 
0 
0 
0 
0 
0 
0 
0 
0 
0 
0 
0 
0 
0 
0 
0 
0 
0 
0 
0 
0 
0 
0 
0 
0 
0 
0 
0 
0 
0 
0 
0 
0 
0 
0 
0 
0 
0 
0 
0 
0 
0 
0 
0 
0 
0 
0 
0 
0 
0 
0 
0 
0 
0 
0 
0 
0 
0 
0 
0 
0 
0 
0 
0 
0 
0 
0 
0 
0 
0 
0 
0 
0 
0 
0 
0 
0 
0 
0 
0 
0 
0 
0 
0 
0 
0 
0 
0 
0 
0 
0 
0 
0 
0 
0 
0 
0 
0 
0 
0 
0 
0 
0 
0 
0 
0 
0 
0 
0 
0 
0 
0 
0 
0 
0 
0 
0 
0 
0 
0 
0 
0 
0 
0 
0 
0 
0 
0 
0 
0 
0 
0 
0 
0 
0 
0 
0 
0 
0 
0 
0 
0 
0 
0 
0 
0 
0 
0 
0 
0 
0 
0 
0 
0 
0 
0 
0 
0 
0 
0 
0 
0 
0 
0 
0 
0 
0 
0 
0 
0 
0 
0 
0 
0 
0 
0 
0 
0 
0 
0 
0 
0 
0 
0 
0 
0 
0 
0 
0 
0 
0 
0 
0 
0 
0 
0 
0 
0 
0 
0 
0 
0 
0 
0 
0 
0 
0 
0 
0 
0 
0 
0 
0 
0 
0 
0 
0 
0 
0 
0 
0 
0 
0 
0 
0 
0 
0 
0 
0 
0 
0 
0 
0 
0 
0 
0 
0 
0 
0 
0 
0 
0 
0 
0 
0 
0 
0 
0 
0 
0 
0 
0 
0 
0 
0 
0 
0 
0 
0 
0 
0 
0 
0 
0 
0 
0 
0 
0 
0 
0 
0 
0 
0 
0 
0 
0 
0 
0 
0 
0 
0 
0 
0 
0 
0 
0 
0 
0 
0 
0 
0 
0 
0 
0 
0 
0 
0 
0 
0 
0 
0 
0 
0 
0 
0 
0 
0 
0 
0 
0 
0 
0 
0 
0 
0 
0 
0 
0 
0 
0 
0 
0 
0 
0 
0 
0 
0 
0 
0 
0 
0 
0 
0 
0 
0 
0 
0 
0 
0 
0 
0 
0 
0 
0 
0 
0 
0 
0 
0 
0 
0 
0 
0 
0 
0 
0 
0 
0 
0 
0 
0 
0 
0 
0 
0 
0 
0 
0 
0 
0 
0 
0 
0 
0 
0 
0 
0 
0 
0 
0 
0 
0 
0 
0 
0 
0 
0 
0 
0 
0 
0 
0 
0 
0 
0 
0 
0 
0 
0 
0 
0 
0 
0 
0 
0 
0 
0 
0 
0 
0 
0 
0 
0 
0 
0 
0 
0 
0 
0 
0 
0 
0 
0 
0 
0 
0 
0 
0 
0 
0 
0 
0 
0 
0 
0 
0 
0 
0 
0 
0 
0 
0 
0 
0 
0 
0 
0 
0 
0 
0 
0 
0 
0 
0 
0 
0 
0 
0 
0 
0 
0 
0 
0 
0 
0 
0 
0 
0 
0 
0 
0 
0 
0 
0 
0 
0 
0 
0 
0 
0 
0 
0 
0 
0 
0 
0 
0 
0 
0 
0 
0 
0 
0 
0 
0 
0 
0 
0 
0 
0 
0 
0 
0 
0 
0 
0 
0 
0 
0 
0 
0 
0 
0 
0 
0 
0 
0 
0 
0 
0 
0 
0 
0 
0 
0 
0 
0 
0 
0 
0 
0 
0 
0 
0 
0 
0 
0 
0 
0 
0 
0 
0 
0 
0 
0 
0 
0 
0 
0 
0 
0 
0 
0 
0 
0 
0 
0 
0 
0 
0 
0 
0 
0 
0 
0 
0 
0 
0 
0 
0 
0 
0 
0 
0 
0 
0 
0 
0 
0 
0 
0 
0 
0 
0 
0 
0 
0 
0 
0 
0 
0 
0 
0 
0 
0 
0 
0 
0 
0 
0 
0 
0 
0 
0 
0 
0 
0 
0 
0 
0 
0 
0 
0 
0 
0 
0 
0 
0 
0 
0 
0 
0 
0 
0 
0 
0 
0 
0 
0 
0 
0 
0 
0 
0 
0 
0 
0 
0 
0 
0 
0 
0 
0 
0 
0 
0 
0 
0 
0 
0 
0 
0 
0 
0 
0 
0 
0 
0 
0 
0 
0 
0 
0 
0 
0 
0 
0 
0 
0 
0 
0 
0 
0 
0 
0 
0 
0 
0 
0 
0 
0 
0 
0 
0 
0 
0 
0 
0 
0 
0 
0 
0 
0 
0 
0 
0 
0 
0 
0 
0 
0 
0 
0 
0 
0 
0 
0 
0 
0 
0 
0 
0 
0 
0 
0 
0 
0 
0 
0 
0 
0 
0 
0 
0 
0 
0 
0 
0 
0 
0 
0 
0 
0 
0 
0 
0 
0 
0 
0 
0 
0 
0 
0 
0 
0 
0 
0 
0 
0 
0 
0 
0 
0 
0 
0 
0 
0 
0 
0 
0 
0 
0 
0 
0 
0 
0 
0 
0 
0 
0 
0 
0 
0 
0 
0 
0 
0 
0 
0 
0 
0 
0 
0 
0 
0 
0 
0 
0 
0 
0 
0 
0 
0 
0 
0 
0 
0 
0 
0 
0 
0 
0 
0 
0 
0 
0 
0 
0 
0 
0 
0 
0 
0 
0 
0 
0 
0 
0 
0 
0 
0 
0 
0 
0 
0 
0 
0 
0 
0 
0 
0 
0 
0 
0 
0 
0 
0 
0 
0 
0 
0 
0 
0 
0 
0 
0 
0 
0 
0 
0 
0 
0 
0 
0 
0 
0 
0 
0 
0 
0 
0 
0 
0 
0 
0 
0 
0 
0 
0 
0 
0 
0 
0 
0 
0 
0 
0 
0 
0 
0 
0 
0 
0 
0 
0 
0 
0 
0 
0 
0 
0 
0 
0 
0 
0 
0 
0 
0 
0 
0 
0 
0 
0 
0 
0 
0 
0 
0 
0 
0 
0 
0 
0 
0 
0 
0 
0 
0 
0 
0 
0 
0 
0 
0 
0 
0 
0 
0 
0 
0 
0 
0 
0 
0 
0 
0 
0 
0 
0 
0 
0 
0 
0 
0 
0 
0 
0 
0 
0 
0 
0 
0 
0 
0 
0 
0 
0 
0 
0 
0 
0 
0 
0 
0 
0 
0 
0 
0 
0 
0 
0 
0 
0 
0 
0 
0 
0 
0 
0 
0 
0 
0 
0 
0 
0 
0 
0 
0 
0 
0 
0 
0 
0 
0 
0 
0 
0 
0 
0 
0 
0 
0 
0 
0 
0 
0 
0 
0 
0 
0 
0 
0 
0 
0 
0 
0 
0 
0 
0 
0 
0 
0 
0 
0 
0 
0 
0 
0 
0 
0 
0 
0 
0 
0 
0 
0 
0 
0 
0 
0 
0 
0 
0 
0 
0 
0 
0 
0 
0 
0 
0 
0 
0 
0 
0 
0 
0 
0 
0 
0 
0 
0 
0 
0 
0 
0 
0 
0 
0 
0 
0 
0 
0 
0 
0 
0 
0 
0 
0 
0 
0 
0 
0 
0 
0 
0 
0 
0 
0 
0 
0 
0 
0 
0 
0 
0 
0 
0 
0 
0 
0 
0 
0 
0 
0 
0 
0 
0 
0 
0 
0 
0 
0 
0 
0 
0 
0 
0 
0 
0 
0 
0 
0 
0 
0 
0 
0 
0 
0 
0 
0 
0 
0 
0 
0 
0 
0 
0 
0 
0 
0 
0 
0 
0 
0 
0 
0 
0 
0 
0 
0 
0 
0 
0 
0 
0 
0 
0 
0 
0 
0 
0 
0 
0 
0 
0 
0 
0 
0 
0 
0 
0 
0 
0 
0 
0 
0 
0 
0 
0 
0 
0 
0 
0 
0 
0 
0 
0 
0 
0 
0 
0 
0 
0 
0 
0 
0 
0 
0 
0 
0 
0 
0 
0 
0 
0 
0 
0 
0 
0 
0 
0 
0 
0 
0 
0 
0 
0 
0 
0 
0 
0 
0 
0 
0 
0 
0 
0 
0 
0 
0 
0 
0 
0 
0 
0 
0 
0 
0 
0 
0 
0 
0 
0 
0 
0 
0 
0 
0 
0 
0 
0 
0 
0 
0 
0 
0 
0 
0 
0 
0 
0 
0 
0 
0 
0 
0 
0 
0 
0 
0 
0 
0 
0 
0 
0 
0 
0 
0 
0 
0 
0 
0 
0 
0 
0 
0 
0 
0 
0 
0 
0 
0 
0 
0 
0 
0 
0 
0 
0 
0 
0 
0 
0 
0 
0 
0 
0 
0 
0 
0 
0 
0 
0 
0 
0 
0 
0 
0 
0 
0 
0 
0 
0 
0 
0 
0 
0 
0 
0 
0 
0 
0 
0 
0 
0 
0 
0 
0 
0 
0 
0 
0 
0 
0 
0 
0 
0 
0 
0 
0 
0 
0 
0 
0 
0 
0 
0 
0 
0 
0 
0 
0 
0 
0 
0 
0 
0 
0 
0 
0 
0 
0 
0 
0 
0 
0 
0 
0 
0 
0 
0 
0 
0 
0 
0 
0 
0 
0 
0 
0 
0 
0 
0 
0 
0 
0 
0 
0 
0 
0 
0 
0 
0 
0 
0 
0 
0 
0 
0 
0 
0 
0 
0 
0 
0 
0 
0 
0 
0 
0 
0 
0 
0 
0 
0 
0 
0 
0 
0 
0 
0 
0 
0 
0 
0 
0 
0 
0 
0 
0 
0 
0 
0 
0 
0 
0 
0 
0 
0 
0 
0 
0 
0 
0 
0 
0 
0 
0 
0 
0 
0 
0 
0 
0 
0 
0 
0 
0 
0 
0 
0 
0 
0 
0 
0 
0 
0 
0 
0 
0 
0 
0 
0 
0 
0 
0 
0 
0 
0 
0 
0 
0 
0 
0 
0 
0 
0 
0 
0 
0 
0 
0 
0 
0 
0 
0 
0 
0 
0 
0 
0 
0 
0 
0 
0 
0 
0 
0 
0 
0 
0 
0 
0 
0 
0 
0 
0 
0 
0 
0 
0 
0 
0 
0 
0 
0 
0 
0 
0 
0 
0 
0 
0 
0 
0 
0 
0 
0 
0 
0 
0 
0 
0 
0 
0 
0 
0 
0 
0 
0 
0 
0 
0 
0 
0 
0 
0 
0 
0 
0 
0 
0 
0 
0 
0 
0 
0 
0 
0 
0 
0 
0 
0 
0 
0 
0 
0 
0 
0 
0 
0 
0 
0 
0 
0 
0 
0 
0 
0 
0 
0 
0 
0 
0 
0 
0 
0 
0 
0 
0 
0 
0 
0 
0 
0 
0 
0 
0 
0 
0 
0 
0 
0 
0 
0 
0 
0 
0 
0 
0 
0 
0 
0 
0 
0 
0 
0 
0 
0 
0 
0 
0 
0 
0 
0 
0 
0 
0 
0 
0 
0 
0 
0 
0 
0 
0 
0 
0 
0 
0 
0 
0 
0 
0 
0 
0 
0 
0 
0 
0 
0 
0 
0 
0 
0 
0 
0 
0 
0 
0 
0 
0 
0 
0 
0 
0 
0 
0 
0 
0 
0 
0 
0 
0 
0 
0 
0 
0 
0 
0 
0 
0 
0 
0 
0 
0 
0 
0 
0 
0 
0 
0 
0 
0 
0 
0 
0 
0 
0 
0 
0 
0 
0 
0 
0 
0 
0 
0 
0 
0 
0 
0 
0 
0 
0 
0 
0 
0 
0 
0 
0 
0 
0 
0 
0 
0 
0 
0 
0 
0 
0 
0 
0 
0 
0 
0 
0 
0 
0 
0 
0 
0 
0 
0 
0 
0 
0 
0 
0 
0 
0 
0 
0 
0 
0 
0 
0 
0 
0 
0 
0 
0 
0 
0 
0 
0 
0 
0 
0 
0 
0 
0 
0 
0 
0 
0 
0 
0 
0 
0 
0 
0 
0 
0 
0 
0 
0 
0 
0 
0 
0 
0 
0 
0 
0 
0 
0 
0 
0 
0 
0 
0 
0 
0 
0 
0 
0 
0 
0 
0 
0 
0 
0 
0 
0 
0 
0 
0 
0 
0 
0 
0 
0 
0 
0 
0 
0 
0 
0 
0 
0 
0 
0 
0 
0 
0 
0 
0 
0 
0 
0 
0 
0 
0 
0 
0 
0 
0 
0 
0 
0 
0 
0 
0 
0 
0 
0 
0 
0 
0 
0 
0 
0 
0 
0 
0 
0 
0 
0 
0 
0 
0 
0 
0 
0 
0 
0 
0 
0 
0 
0 
0 
0 
0 
0 
0 
0 
0 
0 
0 
0 
0 
0 
0 
0 
0 
0 
0 
0 
0 
0 
0 
0 
0 
0 
0 
0 
0 
0 
0 
0 
0 
0 
0 
0 
0 
0 
0 
0 
0 
0 
0 
0 
0 
0 
0 
0 
0 
0 
0 
0 
0 
0 
0 
0 
0 
0 
0 
0 
0 
0 
0 
0 
0 
0 
0 
0 
0 
0 
0 
0 
0 
0 
0 
0 
0 
0 
0 
0 
0 
0 
0 
0 
0 
0 
0 
0 
0 
0 
0 
0 
0 
0 
0 
0 
0 
0 
0 
0 
0 
0 
0 
0 
0 
0 
0 
0 
0 
0 
0 
0 
0 
0 
0 
0 
0 
0 
0 
0 
0 
0 
0 
0 
0 
0 
0 
0 
0 
0 
0 
0 
0 
0 
0 
0 
0 
0 
0 
0 
0 
0 
0 
0 
0 
0 
0 
0 
0 
0 
0 
0 
0 
0 
0 
0 
0 
0 
0 
0 
0 
0 
0 
0 
0 
0 
0 
0 
0 
0 
0 
0 
0 
0 
0 
0 
0 
0 
0 
0 
0 
0 
0 
0 
0 
0 
0 
0 
0 
0 
0 
0 
0 
0 
0 
0 
0 
0 
0 
0 
0 
0 
0 
0 
0 
0 
0 
0 
0 
0 
0 
0 
0 
0 
0 
0 
0 
0 
0 
0 
0 
0 
0 
0 
0 
0 
0 
0 
0 
0 
0 
0 
0 
0 
0 
0 
0 
0 
0 
0 
0 
0 
0 
0 
0 
0 
0 
0 
0 
0 
0 
0 
0 
0 
0 
0 
0 
0 
0 
0 
0 
0 
0 
0 
0 
0 
0 
0 
0 
0 
0 
0 
0 
0 
0 
0 
0 
0 
0 
0 
0 
0 
0 
0 
0 
0 
0 
0 
0 
0 
0 
0 
0 
0 
0 
0 
0 
0 
0 
0 
0 
0 
0 
0 
0 
0 
0 
0 
0 
0 
0 
0 
0 
0 
0 
0 
0 
0 
0 
0 
0 
0 
0 
0 
0 
0 
0 
0 
0 
0 
0 
0 
0 
0 
0 
0 
0 
0 
0 
0 
0 
0 
0 
0 
0 
0 
0 
0 
0 
0 
0 
0 
0 
0 
0 
0 
0 
0 
0 
0 
0 
0 
0 
0 
0 
0 
0 
0 
0 
0 
0 
0 
0 
0 
0 
0 
0 
0 
0 
0 
0 
0 
0 
0 
0 
0 
0 
0 
0 
0 
0 
0 
0 
0 
0 
0 
0 
0 
0 
0 
0 
0 
0 
0 
0 
0 
0 
0 
0 
0 
0 
0 
0 
0 
0 
0 
0 
0 
0 
0 
0 
0 
0 
0 
0 
0 
0 
0 
0 
0 
0 
0 
0 
0 
0 
0 
0 
0 
0 
0 
0 
0 
0 
0 
0 
0 
0 
0 
0 
0 
0 
0 
0 
0 
0 
0 
0 
0 
0 
0 
0 
0 
0 
0 
0 
0 
0 
0 
0 
0 
0 
0 
0 
0 
0 
0 
0 
0 
0 
0 
0 
0 
0 
0 
0 
0 
0 
0 
0 
0 
0 
0 
0 
0 
0 
0 
0 
0 
0 
0 
0 
0 
0 
0 
0 
0 
0 
0 
0 
0 
0 
0 
0 
0 
0 
0 
0 
0 
0 
0 
0 
0 
0 
0 
0 
0 
0 
0 
0 
0 
0 
0 
0 
0 
0 
0 
0 
0 
0 
0 
0 
0 
0 
0 
0 
0 
0 
0 
0 
0 
0 
0 
0 
0 
0 
0 
0 
0 
0 
0 
0 
0 
0 
0 
0 
0 
0 
0 
0 
0 
0 
0 
0 
0 
0 
0 
0 
0 
0 
0 
0 
0 
0 
0 
0 
0 
0 
0 
0 
0 
0 
0 
0 
0 
0 
0 
0 
0 
0 
0 
0 
0 
0 
0 
0 
0 
0 
0 
0 
0 
0 
0 
0 
0 
0 
0 
0 
0 
0 
0 
0 
0 
0 
0 
0 
0 
0 
0 
0 
0 
0 
0 
0 
0 
0 
0 
0 
0 
0 
0 
0 
0 
0 
0 
0 
0 
0 
0 
0 
0 
0 
0 
0 
0 
0 
0 
0 
0 
0 
0 
0 
0 
0 
0 
0 
0 
0 
0 
0 
0 
0 
0 
0 
0 
0 
0 
0 
0 
0 
0 
0 
0 
0 
0 
0 
0 
0 
0 
0 
0 
0 
0 
0 
0 
0 
0 
0 
0 
0 
0 
0 
0 
0 
0 
0 
0 
0 
0 
0 
0 
0 
0 
0 
0 
0 
0 
0 
0 
0 
0 
0 
0 
0 
0 
0 
0 
0 
0 
0 
0 
0 
0 
0 
0 
0 
0 
0 
0 
0 
0 
0 
0 
0 
0 
0 
0 
0 
0 
0 
0 
0 
0 
0 
0 
0 
0 
0 
0 
0 
0 
0 
0 
0 
0 
0 
0 
0 
0 
0 
0 
0 
0 
0 
0 
0 
0 
0 
0 
0 
0 
0 
0 
0 
0 
0 
0 
0 
0 
0 
0 
0 
0 
0 
0 
0 
0 
0 
0 
0 
0 
0 
0 
0 
0 
0 
0 
0 
0 
0 
0 
0 
0 
0 
0 
0 
0 
0 
0 
0 
0 
0 
0 
0 
0 
0 
0 
0 
0 
0 
0 
0 
0 
0 
0 
0 
0 
0 
0 
0 
0 
0 
0 
0 
0 
0 
0 
0 
0 
0 
0 
0 
0 
0 
0 
0 
0 
0 
0 
0 
0 
0 
0 
0 
0 
0 
0 
0 
0 
0 
0 
0 
0 
0 
0 
0 
0 
0 
0 
0 
0 
0 
0 
0 
0 
0 
0 
0 
0 
0 
0 
0 
0 
0 
0 
0 
0 
0 
0 
0 
0 
0 
0 
0 
0 
0 
0 
0 
0 
0 
0 
0 
0 
0 
0 
0 
0 
0 
0 
0 
0 
0 
0 
0 
0 
0 
0 
0 
0 
0 
0 
0 
0 
0 
0 
0 
0 
0 
0 
0 
0 
0 
0 
0 
0 
0 
0 
0 
0 
0 
0 
0 
0 
0 
0 
0 
0 
0 
0 
0 
0 
0 
0 
0 
0 
0 
0 
0 
0 
0 
0 
0 
0 
0 
0 
0 
0 
0 
0 
0 
0 
0 
0 
0 
0 
0 
0 
0 
0 
0 
0 
0 
0 
0 
0 
0 
0 
0 
0 
0 
0 
0 
0 
0 
0 
0 
0 
0 
0 
0 
0 
0 
0 
0 
0 
0 
0 
0 
0 
0 
0 
0 
0 
0 
0 
0 
0 
0 
0 
0 
0 
0 
0 
0 
0 
0 
0 
0 
0 
0 
0 
0 
0 
0 
0 
0 
0 
0 
0 
0 
0 
0 
0 
0 
0 
0 
0 
0 
0 
0 
0 
0 
0 
0 
0 
0 
0 
0 
0 
0 
0 
0 
0 
0 
0 
0 
0 
0 
0 
0 
0 
0 
0 
0 
0 
0 
0 
0 
0 
0 
0 
0 
0 
0 
0 
0 
0 
0 
0 
0 
0 
0 
0 
0 
0 
0 
0 
0 
0 
0 
0 
0 
0 
0 
0 
0 
0 
0 
0 
0 
0 
0 
0 
0 
0 
0 
0 
0 
0 
0 
0 
0 
0 
0 
0 
0 
0 
0 
0 
0 
0 
0 
0 
0 
0 
0 
0 
0 
0 
0 
0 
0 
0 
0 
0 
0 
0 
0 
0 
0 
0 
0 
0 
0 
0 
0 
0 
0 
0 
0 
0 
0 
0 
0 
0 
0 
0 
0 
0 
0 
0 
0 
0 
0 
0 
0 
0 
0 
0 
0 
0 
0 
0 
0 
0 
0 
0 
0 
0 
0 
0 
0 
0 
0 
0 
0 
0 
0 
0 
0 
0 
0 
0 
0 
0 
0 
0 
0 
0 
0 
0 
0 
0 
0 
0 
0 
0 
0 
0 
0 
0 
0 
0 
0 
0 
0 
0 
0 
0 
0 
0 
0 
0 
0 
0 
0 
0 
0 
0 
0 
0 
0 
0 
0 
0 
0 
0 
0 
0 
0 
0 
0 
0 
0 
0 
0 
0 
0 
0 
0 
0 
0 
0 
0 
0 
0 
0 
0 
0 
0 
0 
0 
0 
0 
0 
0 
0 
0 
0 
0 
0 
0 
0 
0 
0 
0 
0 
0 
0 
0 
0 
0 
0 
0 
0 
0 
0 
0 
0 
0 
0 
0 
0 
0 
0 
0 
0 
0 
0 
0 
0 
0 
0 
0 
0 
0 
0 
0 
0 
0 
0 
0 
0 
0 
0 
0 
0 
0 
0 
0 
0 
0 
0 
0 
0 
0 
0 
0 
0 
0 
0 
0 
0 
0 
0 
0 
0 
0 
0 
0 
0 
0 
0 
0 
0 
0 
0 
0 
0 
0 
0 
0 
0 
0 
0 
0 
0 
0 
0 
0 
0 
0 
0 
0 
0 
0 
0 
0 
0 
0 
0 
0 
0 
0 
0 
0 
0 
0 
0 
0 
0 
0 
0 
0 
0 
0 
0 
0 
0 
0 
0 
0 
0 
0 
0 
0 
0 
0 
0 
0 
0 
0 
0 
0 
0 
0 
0 
0 
0 
0 
0 
0 
0 
0 
0 
0 
0 
0 
0 
0 
0 
0 
0 
0 
0 
0 
0 
0 
0 
0 
0 
0 
0 
0 
0 
0 
0 
0 
0 
0 
0 
0 
0 
0 
0 
0 
0 
0 
0 
0 
0 
0 
0 
0 
0 
0 
0 
0 
0 
0 
0 
0 
0 
0 
0 
0 
0 
0 
0 
0 
0 
0 
0 
0 
0 
0 
0 
0 
0 
0 
0 
0 
0 
0 
0 
0 
0 
0 
0 
0 
0 
0 
0 
0 
0 
0 
0 
0 
0 
0 
0 
0 
0 
0 
0 
0 
0 
0 
0 
0 
0 
0 
0 
0 
0 
0 
0 
0 
0 
0 
0 
0 
0 
0 
0 
0 
0 
0 
0 
0 
0 
0 
0 
0 
0 
0 
0 
0 
0 
0 
0 
0 
0 
0 
0 
0 
0 
0 
0 
0 
0 
0 
0 
0 
0 
0 
0 
0 
0 
0 
0 
0 
0 
0 
0 
0 
0 
0 
0 
0 
0 
0 
0 
0 
0 
0 
0 
0 
0 
0 
0 
0 
0 
0 
0 
0 
0 
0 
0 
0 
0 
0 
0 
0 
0 
0 
0 
0 
0 
0 
0 
0 
0 
0 
0 
0 
0 
0 
0 
0 
0 
0 
0 
0 
0 
0 
0 
0 
0 
0 
0 
0 
0 
0 
0 
0 
0 
0 
0 
0 
0 
0 
0 
0 
0 
0 
0 
0 
0 
0 
0 
0 
0 
0 
0 
0 
0 
0 
0 
0 
0 
0 
0 
0 
0 
0 
0 
0 
0 
0 
0 
0 
0 
0 
0 
0 
0 
0 
0 
0 
0 
0 
0 
0 
0 
0 
0 
0 
0 
0 
0 
0 
0 
0 
0 
0 
0 
0 
0 
0 
0 
0 
0 
0 
0 
0 
0 
0 
0 
0 
0 
0 
0 
0 
0 
0 
0 
0 
0 
0 
0 
0 
0 
0 
0 
0 
0 
0 
0 
0 
0 
0 
0 
0 
0 
0 
0 
0 
0 
0 
0 
0 
0 
0 
0 
0 
0 
0 
0 
0 
0 
0 
0 
0 
0 
0 
0 
0 
0 
0 
0 
0 
0 
0 
0 
0 
0 
0 
0 
0 
0 
0 
0 
0 
0 
0 
0 
0 
0 
0 
0 
0 
0 
0 
0 
0 
0 
0 
0 
0 
0 
0 
0 
0 
0 
0 
0 
0 
0 
0 
0 
0 
0 
0 
0 
0 
0 
0 
0 
0 
0 
0 
0 
0 
0 
0 
0 
0 
0 
0 
0 
0 
0 
0 
0 
0 
0 
0 
0 
0 
0 
0 
0 
0 
0 
0 
0 
0 
0 
0 
0 
0 
0 
0 
0 
0 
0 
0 
0 
0 
0 
0 
0 
0 
0 
0 
0 
0 
0 
0 
0 
0 
0 
0 
0 
0 
0 
0 
0 
0 
0 
0 
0 
0 
0 
0 
0 
0 
0 
0 
0 
0 
0 
0 
0 
0 
0 
0 
0 
0 
0 
0 
0 
0 
0 
0 
0 
0 
0 
0 
0 
0 
0 
0 
0 
0 
0 
0 
0 
0 
0 
0 
0 
0 
0 
0 
0 
0 
0 
0 
0 
0 
0 
0 
0 
0 
0 
0 
0 
0 
0 
0 
0 
0 
0 
0 
0 
0 
0 
0 
0 
0 
0 
0 
0 
0 
0 
0 
0 
0 
0 
0 
0 
0 
0 
0 
0 
0 
0 
0 
0 
0 
0 
0 
0 
0 
0 
0 
0 
0 
0 
0 
0 
0 
0 
0 
0 
0 
0 
0 
0 
0 
0 
0 
0 
0 
0 
0 
0 
0 
0 
0 
0 
0 
0 
0 
0 
0 
0 
0 
0 
0 
0 
0 
0 
0 
0 
0 
0 
0 
0 
0 
0 
0 
0 
0 
0 
0 
0 
0 
0 
0 
0 
0 
0 
0 
0 
0 
0 
0 
0 
0 
0 
0 
0 
0 
0 
0 
0 
0 
0 
0 
0 
0 
0 
0 
0 
0 
0 
0 
0 
0 
0 
0 
0 
0 
0 
0 
0 
0 
0 
0 
0 
0 
0 
0 
0 
0 
0 
0 
0 
0 
0 
0 
0 
0 
0 
0 
0 
0 
0 
0 
0 
0 
0 
0 
0 
0 
0 
0 
0 
0 
0 
0 
0 
0 
0 
0 
0 
0 
0 
0 
0 
0 
0 
0 
0 
0 
0 
0 
0 
0 
0 
0 
0 
0 
0 
0 
0 
0 
0 
0 
0 
0 
0 
0 
0 
0 
0 
0 
0 
0 
0 
0 
0 
0 
0 
0 
0 
0 
0 
0 
0 
0 
0 
0 
0 
0 
0 
0 
0 
0 
0 
0 
0 
0 
0 
0 
0 
0 
0 
0 
0 
0 
0 
0 
0 
0 
0 
0 
0 
0 
0 
0 
0 
0 
0 
0 
0 
0 
0 
0 
0 
0 
0 
0 
0 
0 
0 
0 
0 
0 
0 
0 
0 
0 
0 
0 
0 
0 
0 
0 
0 
0 
0 
0 
0 
0 
0 
0 
0 
0 
0 
0 
0 
0 
0 
0 
0 
0 
0 
0 
0 
0 
0 
0 
0 
0 
0 
0 
0 
0 
0 
0 
0 
0 
0 
0 
0 
0 
0 
0 
0 
0 
0 
0 
0 
0 
0 
0 
0 
0 
0 
0 
0 
0 
0 
0 
0 
0 
0 
0 
0 
0 
0 
0 
0 
0 
0 
0 
0 
0 
0 
0 
0 
0 
0 
0 
0 
0 
0 
0 
0 
0 
0 
0 
0 
0 
0 
0 
0 
0 
0 
0 
0 
0 
0 
0 
0 
0 
0 
0 
0 
0 
0 
0 
0 
0 
0 
0 
0 
0 
0 
0 
0 
0 
0 
0 
0 
0 
0 
0 
0 
0 
0 
0 
0 
0 
0 
0 
0 
0 
0 
0 
0 
0 
0 
0 
0 
0 
0 
0 
0 
0 
0 
0 
0 
0 
0 
0 
0 
0 
0 
0 
0 
0 
0 
0 
0 
0 
0 
0 
0 
0 
0 
0 
0 
0 
0 
0 
0 
0 
0 
0 
0 
0 
0 
0 
0 
0 
0 
0 
0 
0 
0 
0 
0 
0 
0 
0 
0 
0 
0 
0 
0 
0 
0 
0 
0 
0 
0 
0 
0 
0 
0 
0 
0 
0 
0 
0 
0 
0 
0 
0 
0 
0 
0 
0 
0 
0 
0 
0 
0 
0 
0 
0 
0 
0 
0 
0 
0 
0 
0 
0 
0 
0 
0 
0 
0 
0 
0 
0 
0 
0 
0 
0 
0 
0 
0 
0 
0 
0 
0 
0 
0 
0 
0 
0 
0 
0 
0 
0 
0 
0 
0 
0 
0 
0 
0 
0 
0 
0 
0 
0 
0 
0 
0 
0 
0 
0 
0 
0 
0 
0 
0 
0 
0 
0 
0 
0 
0 
0 
0 
0 
0 
0 
0 
0 
0 
0 
0 
0 
0 
0 
0 
0 
0 
0 
0 
0 
0 
0 
0 
0 
0 
0 
0 
0 
0 
0 
0 
0 
0 
0 
0 
0 
0 
0 
0 
0 
0 
0 
0 
0 
0 
0 
0 
0 
0 
0 
0 
0 
0 
0 
0 
0 
0 
0 
0 
0 
0 
0 
0 
0 
0 
0 
0 
0 
0 
0 
0 
0 
0 
0 
0 
0 
0 
0 
0 
0 
0 
0 
0 
0 
0 
0 
0 
0 
0 
0 
0 
0 
0 
0 
0 
0 
0 
0 
0 
0 
0 
0 
0 
0 
0 
0 
0 
0 
0 
0 
0 
0 
0 
0 
0 
0 
0 
0 
0 
0 
0 
0 
0 
0 
0 
0 
0 
0 
0 
0 
0 
0 
0 
0 
0 
0 
0 
0 
0 
0 
0 
0 
0 
0 
0 
0 
0 
0 
0 
0 
0 
0 
0 
0 
0 
0 
0 
0 
0 
0 
0 
0 
0 
0 
0 
0 
0 
0 
0 
0 
0 
0 
0 
0 
0 
0 
0 
0 
0 
0 
0 
0 
0 
0 
0 
0 
0 
0 
0 
0 
0 
0 
0 
0 
0 
0 
0 
0 
0 
0 
0 
0 
0 
0 
0 
0 
0 
0 
0 
0 
0 
0 
0 
0 
0 
0 
0 
0 
0 
0 
0 
0 
0 
0 
0 
0 
0 
0 
0 
0 
0 
0 
0 
0 
0 
0 
0 
0 
0 
0 
0 
0 
0 
0 
0 
0 
0 
0 
0 
0 
0 
0 
0 
0 
0 
0 
0 
0 
0 
0 
0 
0 
0 
0 
0 
0 
0 
0 
0 
0 
0 
0 
0 
0 
0 
0 
0 
0 
0 
0 
0 
0 
0 
0 
0 
0 
0 
0 
0 
0 
0 
0 
0 
0 
0 
0 
0 
0 
0 
0 
0 
0 
0 
0 
0 
0 
0 
0 
0 
0 
0 
0 
0 
0 
0 
0 
0 
0 
0 
0 
0 
0 
0 
0 
0 
0 
0 
0 
0 
0 
0 
0 
0 
0 
0 
0 
0 
0 
0 
0 
0 
0 
0 
0 
0 
0 
0 
0 
0 
0 
0 
0 
0 
0 
0 
0 
0 
0 
0 
0 
0 
0 
0 
0 
0 
0 
0 
0 
0 
0 
0 
0 
0 
0 
0 
0 
0 
0 
0 
0 
0 
0 
0 
0 
0 
0 
0 
0 
0 
0 
0 
0 
0 
0 
0 
0 
0 
0 
0 
0 
0 
0 
0 
0 
0 
0 
0 
0 
0 
0 
0 
0 
0 
0 
0 
0 
0 
0 
0 
0 
0 
0 
0 
0 
0 
0 
0 
0 
0 
0 
0 
0 
0 
0 
0 
0 
0 
0 
0 
0 
0 
0 
0 
0 
0 
0 
0 
0 
0 
0 
0 
0 
0 
0 
0 
0 
0 
0 
0 
0 
0 
0 
0 
0 
0 
0 
0 
0 
0 
0 
0 
0 
0 
0 
0 
0 
0 
0 
0 
0 
0 
0 
0 
0 
0 
0 
0 
0 
0 
0 
0 
0 
0 
0 
0 
0 
0 
0 
0 
0 
0 
0 
0 
0 
0 
0 
0 
0 
0 
0 
0 
0 
0 
0 
0 
0 
0 
0 
0 
0 
0 
0 
0 
0 
0 
0 
0 
0 
0 
0 
0 
0 
0 
0 
0 
0 
0 
0 
0 
0 
0 
0 
0 
0 
0 
0 
0 
0 
0 
0 
0 
0 
0 
0 
0 
0 
0 
0 
0 
0 
0 
0 
0 
0 
0 
0 
0 
0 
0 
0 
0 
0 
0 
0 
0 
0 
0 
0 
0 
0 
0 
0 
0 
0 
0 
0 
0 
0 
0 
0 
0 
0 
0 
0 
0 
0 
0 
0 
0 
0 
0 
0 
0 
0 
0 
0 
0 
0 
0 
0 
0 
0 
0 
0 
0 
0 
0 
0 
0 
0 
0 
0 
0 
0 
0 
0 
0 
0 
0 
0 
0 
0 
0 
0 
0 
0 
0 
0 
0 
0 
0 
0 
0 
0 
0 
0 
0 
0 
0 
0 
0 
0 
0 
0 
0 
0 
0 
0 
0 
0 
0 
0 
0 
0 
0 
0 
0 
0 
0 
0 
0 
0 
0 
0 
0 
0 
0 
0 
0 
0 
0 
0 
0 
0 
0 
0 
0 
0 
0 
0 
0 
0 
0 
0 
0 
0 
0 
0 
0 
0 
0 
0 
0 
0 
0 
0 
0 
0 
0 
0 
0 
0 
0 
0 
0 
0 
0 
0 
0 
0 
0 
0 
0 
0 
0 
0 
0 
0 
0 
0 
0 
0 
0 
0 
0 
0 
0 
0 
0 
0 
0 
0 
0 
0 
0 
0 
0 
0 
0 
0 
0 
0 
0 
0 
0 
0 
0 
0 
0 
0 
0 
0 
0 
0 
0 
0 
0 
0 
0 
0 
0 
0 
0 
0 
0 
0 
0 
0 
0 
0 
0 
0 
0 
0 
0 
0 
0 
0 
0 
0 
0 
0 
0 
0 
0 
0 
0 
0 
0 
0 
0 
0 
0 
0 
0 
0 
0 
0 
0 
0 
0 
0 
0 
0 
0 
0 
0 
0 
0 
0 
0 
0 
0 
0 
0 
0 
0 
0 
0 
0 
0 
0 
0 
0 
0 
0 
0 
0 
0 
0 
0 
0 
0 
0 
0 
0 
0 
0 
0 
0 
0 
0 
0 
0 
0 
0 
0 
0 
0 
0 
0 
0 
0 
0 
0 
0 
0 
0 
0 
0 
0 
0 
0 
0 
0 
0 
0 
0 
0 
0 
0 
0 
0 
0 
0 
0 
0 
0 
0 
0 
0 
0 
0 
0 
0 
0 
0 
0 
0 
0 
0 
0 
0 
0 
0 
0 
0 
0 
0 
0 
0 
0 
0 
0 
0 
0 
0 
0 
0 
0 
0 
0 
0 
0 
0 
0 
0 
0 
0 
0 
0 
0 
0 
0 
0 
0 
0 
0 
0 
0 
0 
0 
0 
0 
0 
0 
0 
0 
0 
0 
0 
0 
0 
0 
0 
0 
0 
0 
0 
0 
0 
0 
0 
0 
0 
0 
0 
0 
0 
0 
0 
0 
0 
0 
0 
0 
0 
0 
0 
0 
0 
0 
0 
0 
0 
0 
0 
0 
0 
0 
0 
0 
0 
0 
0 
0 
0 
0 
0 
0 
0 
0 
0 
0 
0 
0 
0 
0 
0 
0 
0 
0 
0 
0 
0 
0 
0 
0 
0 
0 
0 
0 
0 
0 
0 
0 
0 
0 
0 
0 
0 
0 
0 
0 
0 
0 
0 
0 
0 
0 
0 
0 
0 
0 
0 
0 
0 
0 
0 
0 
0 
0 
0 
0 
0 
0 
0 
0 
0 
0 
0 
0 
0 
0 
0 
0 
0 
0 
0 
0 
0 
0 
0 
0 
0 
0 
0 
0 
0 
0 
0 
0 
0 
0 
0 
0 
0 
0 
0 
0 
0 
0 
0 
0 
0 
0 
0 
0 
0 
0 
0 
0 
0 
0 
0 
0 
0 
0 
0 
0 
0 
0 
0 
0 
0 
0 
0 
0 
0 
0 
0 
0 
0 
0 
0 
0 
0 
0 
0 
0 
0 
0 
0 
0 
0 
0 
0 
0 
0 
0 
0 
0 
0 
0 
0 
0 
0 
0 
0 
0 
0 
0 
0 
0 
0 
0 
0 
0 
0 
0 
0 
0 
0 
0 
0 
0 
0 
0 
0 
0 
0 
0 
0 
0 
0 
0 
0 
0 
0 
0 
0 
0 
0 
0 
0 
0 
0 
0 
0 
0 
0 
0 
0 
0 
0 
0 
0 
0 
0 
0 
0 
0 
0 
0 
0 
0 
0 
0 
0 
0 
0 
0 
0 
0 
0 
0 
0 
0 
0 
0 
0 
0 
0 
0 
0 
0 
0 
0 
0 
0 
0 
0 
0 
0 
0 
0 
0 
0 
0 
0 
0 
0 
0 
0 
0 
0 
0 
0 
0 
0 
0 
0 
0 
0 
0 
0 
0 
0 
0 
0 
0 
0 
0 
0 
0 
0 
0 
0 
0 
0 
0 
0 
0 
0 
0 
0 
0 
0 
0 
0 
0 
0 
0 
0 
0 
0 
0 
0 
0 
0 
0 
0 
0 
0 
0 
0 
0 
0 
0 
0 
0 
0 
0 
0 
0 
0 
0 
0 
0 
0 
0 
0 
0 
0 
0 
0 
0 
0 
0 
0 
0 
0 
0 
0 
0 
0 
0 
0 
0 
0 
0 
0 
0 
0 
0 
0 
0 
0 
0 
0 
0 
0 
0 
0 
0 
0 
0 
0 
0 
0 
0 
0 
0 
0 
0 
0 
0 
0 
0 
0 
0 
0 
0 
0 
0 
0 
0 
0 
0 
0 
0 
0 
0 
0 
0 
0 
0 
0 
0 
0 
0 
0 
0 
0 
0 
0 
0 
0 
0 
0 
0 
0 
0 
0 
0 
0 
0 
0 
0 
0 
0 
0 
0 
0 
0 
0 
0 
0 
0 
0 
0 
0 
0 
0 
0 
0 
0 
0 
0 
0 
0 
0 
0 
0 
0 
0 
0 
0 
0 
0 
0 
0 
0 
0 
0 
0 
0 
0 
0 
0 
0 
0 
0 
0 
0 
0 
0 
0 
0 
0 
0 
0 
0 
0 
0 
0 
0 
0 
0 
0 
0 
0 
0 
0 
0 
0 
0 
0 
0 
0 
0 
0 
0 
0 
0 
0 
0 
0 
0 
0 
0 
0 
0 
0 
0 
0 
0 
0 
0 
0 
0 
0 
0 
0 
0 
0 
0 
0 
0 
0 
0 
0 
0 
0 
0 
0 
0 
0 
0 
0 
0 
0 
0 
0 
0 
0 
0 
0 
0 
0 
0 
0 
0 
0 
0 
0 
0 
0 
0 
0 
0 
0 
0 
0 
0 
0 
0 
0 
0 
0 
0 
0 
0 
0 
0 
0 
0 
0 
0 
0 
0 
0 
0 
0 
0 
0 
0 
0 
0 
0 
0 
0 
0 
0 
0 
0 
0 
0 
0 
0 
0 
0 
0 
0 
0 
0 
0 
0 
0 
0 
0 
0 
0 
0 
0 
0 
0 
0 
0 
0 
0 
0 
0 
0 
0 
0 
0 
0 
0 
0 
0 
0 
0 
0 
0 
0 
0 
0 
0 
0 
0 
0 
0 
0 
0 
0 
0 
0 
0 
0 
0 
0 
0 
0 
0 
0 
0 
0 
0 
0 
0 
0 
0 
0 
0 
0 
0 
0 
0 
0 
0 
0 
0 
0 
0 
0 
0 
0 
0 
0 
0 
0 
0 
0 
0 
0 
0 
0 
0 
0 
0 
0 
0 
0 
0 
0 
0 
0 
0 
0 
0 
0 
0 
0 
0 
0 
0 
0 
0 
0 
0 
0 
0 
0 
0 
0 
0 
0 
0 
0 
0 
0 
0 
0 
0 
0 
0 
0 
0 
0 
0 
0 
0 
0 
0 
0 
0 
0 
0 
0 
0 
0 
0 
0 
0 
0 
0 
0 
0 
0 
0 
0 
0 
0 
0 
0 
0 
0 
0 
0 
0 
0 
0 
0 
0 
0 
0 
0 
0 
0 
0 
0 
0 
0 
0 
0 
0 
0 
0 
0 
0 
0 
0 
0 
0 
0 
0 
0 
0 
0 
0 
0 
0 
0 
0 
0 
0 
0 
0 
0 
0 
0 
0 
0 
0 
0 
0 
0 
0 
0 
0 
0 
0 
0 
0 
0 
0 
0 
0 
0 
0 
0 
0 
0 
0 
0 
0 
0 
0 
0 
0 
0 
0 
0 
0 
0 
!IDEND=

