!FILE=Disk 
!KIND=Matrix 
!LABORATORY=Oslo Cyclotron Laboratory (OCL) 
!EXPERIMENT=siri2root 
!COMMENT=none
!TIME=2021-01-12 12:42:10
!CALIBRATION EkeV=6, 0.000000E+00, 1.000000E+00, 0.000000E+00
!PRECISION=16
!DIMENSION=1,0:20999
!CHANNEL=(0:20999)
1235.49 
1060.35 
904.759 
782.933 
700.469 
653.637 
634.856 
640.397 
662.172 
684.043 
697.217 
702.736 
704.103 
704.638 
706.241 
709.642 
714.621 
720.403 
726.351 
732.196 
737.87 
743.429 
748.995 
754.694 
760.666 
767.095 
774.166 
781.986 
790.537 
799.633 
808.861 
817.647 
825.392 
831.59 
835.898 
838.286 
838.992 
838.156 
835.963 
832.967 
829.926 
827.572 
826.405 
826.579 
828.068 
830.668 
833.876 
837.075 
839.794 
841.829 
843.29 
844.516 
845.864 
847.502 
849.331 
851.028 
852.233 
852.782 
852.848 
852.774 
852.969 
854.011 
856.286 
859.744 
863.99 
868.403 
872.38 
875.523 
877.687 
878.974 
879.733 
880.517 
881.954 
884.54 
888.465 
893.556 
899.307 
905.008 
909.981 
913.795 
916.38 
918.038 
919.385 
921.15 
923.932 
928.05 
933.539 
940.175 
947.519 
955.009 
962.063 
968.155 
972.923 
976.292 
978.539 
980.281 
982.402 
985.879 
991.524 
999.778 
1010.63 
1023.61 
1037.83 
1052.15 
1065.52 
1077.14 
1086.62 
1094.06 
1099.92 
1104.94 
1109.89 
1115.35 
1121.59 
1128.66 
1136.36 
1144.35 
1152.34 
1160.18 
1167.95 
1175.87 
1184.08 
1192.6 
1201.23 
1209.48 
1216.53 
1221.53 
1223.96 
1223.02 
1220.02 
1219.04 
1221.61 
1227.06 
1234.99 
1244.62 
1255.29 
1266.53 
1277.9 
1288.85 
1298.65 
1306.42 
1311.39 
1313.56 
1313.72 
1312.31 
1309.69 
1306.9 
1305.08 
1304.97 
1306.79 
1310.37 
1315.16 
1320.33 
1325.08 
1328.81 
1331.27 
1332.58 
1333.13 
1333.27 
1333.11 
1332.47 
1330.79 
1327.16 
1320.78 
1311.44 
1299.79 
1287.31 
1276.05 
1268.25 
1265.47 
1268.2 
1276.17 
1288.23 
1302.1 
1315.01 
1324.48 
1329.01 
1328.18 
1322.4 
1312.97 
1301.74 
1290.52 
1280.73 
1273.31 
1268.74 
1267.11 
1268.46 
1272.19 
1276.79 
1280.28 
1281 
1278.27 
1272.26 
1263.67 
1253.9 
1244.62 
1237.23 
1232.43 
1230.04 
1229.16 
1228.51 
1226.97 
1223.98 
1219.55 
1214.18 
1208.68 
1203.74 
1199.61 
1196 
1192.2 
1187.38 
1180.99 
1172.94 
1163.63 
1153.86 
1144.55 
1136.4 
1129.76 
1124.71 
1121.06 
1118.49 
1116.58 
1114.83 
1112.67 
1109.47 
1104.7 
1098.08 
1089.69 
1080.01 
1069.95 
1060.59 
1052.75 
1046.91 
1043.2 
1041.56 
1041.84 
1043.98 
1048.13 
1054.83 
1064.79 
1078.2 
1094.58 
1112.67 
1130.65 
1146.54 
1158.68 
1166.25 
1169.09 
1167.28 
1161.84 
1154.94 
1148.19 
1142.08 
1136.58 
1131.24 
1125.37 
1118.38 
1110.02 
1100.48 
1090.31 
1080.3 
1071.18 
1063.44 
1057.24 
1052.45 
1048.67 
1045.43 
1042.29 
1038.91 
1035.1 
1030.79 
1026.04 
1021.02 
1016.01 
1011.34 
1007.36 
1004.36 
1002.43 
1001.37 
1000.75 
999.898 
998.087 
994.727 
989.649 
983.203 
976.215 
969.797 
965.042 
962.655 
962.841 
965.084 
967.848 
969.57 
969.668 
967.675 
963.069 
956.364 
948.63 
940.738 
933.461 
927.575 
923.969 
923.42 
926.212 
932.216 
940.816 
950.677 
959.908 
966.549 
969.273 
967.68 
962.1 
953.681 
944.193 
935.331 
928.245 
923.344 
920.287 
918.197 
916.112 
913.363 
909.713 
905.385 
900.923 
896.864 
893.493 
890.853 
888.904 
887.607 
886.936 
886.873 
887.724 
890.143 
894.393 
900.022 
904.941 
905.957 
901.497 
891.242 
874.885 
852.89 
826.975 
799.904 
774.717 
753.763 
738.09 
727.298 
719.898 
714.17 
708.885 
703.52 
698.017 
692.44 
686.835 
681.172 
675.261 
668.822 
661.739 
654.197 
646.653 
639.708 
634.02 
630.149 
628.35 
629.038 
631.133 
631.823 
630.23 
626.92 
622.251 
616.846 
611.418 
606.614 
602.85 
600.179 
598.269 
596.503 
594.259 
591.182 
587.286 
582.911 
578.561 
574.636 
571.241 
568.138 
564.836 
560.841 
555.919 
550.194 
544.136 
538.441 
533.751 
530.394 
528.296 
527.019 
525.937 
524.485 
522.327 
519.36 
515.691 
511.562 
507.217 
502.814 
498.422 
494.074 
489.833 
485.832 
482.261 
479.291 
477.006 
475.367 
474.192 
473.147 
471.831 
469.926 
467.329 
464.19 
460.875 
457.838 
455.432 
453.771 
452.685 
451.774 
450.575 
448.76 
446.244 
443.2 
439.996 
437.01 
434.445 
432.27 
430.248 
428.056 
425.451 
422.375 
418.978 
415.569 
412.506 
410.057 
408.339 
407.292 
406.736 
406.504 
406.542 
406.811 
407.229 
407.603 
407.648 
407.21 
406.155 
404.368 
401.981 
399.319 
396.745 
394.539 
392.848 
391.676 
390.908 
390.341 
389.784 
389.141 
388.456 
387.857 
387.396 
386.982 
386.389 
385.3 
383.42 
380.613 
376.964 
372.799 
368.646 
365.064 
362.434 
360.871 
360.22 
360.111 
360.107 
359.857 
359.15 
357.933 
356.312 
354.511 
352.752 
351.174 
349.823 
348.665 
347.629 
346.671 
345.789 
344.984 
344.223 
343.385 
342.261 
340.634 
338.413 
335.698 
332.783 
330.097 
328.037 
326.808 
326.346 
326.312 
326.089 
324.916 
322.128 
317.373 
310.701 
302.554 
293.654 
284.751 
276.384 
268.784 
261.857 
255.336 
249.034 
242.951 
237.242 
232.321 
228.82 
227.135 
227.706 
229.591 
230.186 
228.703 
225.834 
222.095 
218.112 
214.369 
211.198 
208.785 
207.114 
205.984 
205.091 
204.181 
203.174 
202.314 
202.048 
202.606 
203.981 
206.028 
208.331 
210.181 
210.947 
210.415 
208.628 
205.913 
203.045 
200.881 
199.76 
199.495 
199.914 
200.808 
201.602 
201.726 
200.998 
199.47 
197.317 
194.848 
192.402 
190.263 
188.633 
187.624 
187.275 
187.591 
188.46 
189.599 
190.716 
191.54 
191.825 
191.478 
190.498 
188.908 
186.784 
184.276 
181.607 
179.052 
176.901 
175.399 
174.685 
174.797 
175.641 
176.943 
178.366 
179.634 
180.576 
181.143 
181.399 
181.472 
181.473 
181.434 
181.313 
180.936 
180.003 
178.249 
175.615 
172.312 
168.818 
165.804 
163.903 
163.168 
163.081 
163.387 
163.896 
164.066 
163.629 
162.69 
161.539 
160.658 
160.455 
161.067 
162.404 
164.162 
165.898 
167.197 
167.855 
167.896 
167.378 
166.385 
165.089 
163.643 
162.117 
160.523 
158.86 
157.14 
155.403 
153.712 
152.129 
150.717 
149.544 
148.752 
148.525 
148.946 
150.012 
151.682 
153.814 
156.118 
158.198 
159.67 
160.294 
160.002 
158.89 
157.244 
155.427 
153.724 
152.272 
151.042 
149.895 
148.707 
147.462 
146.277 
145.367 
144.924 
145.016 
145.657 
146.807 
148.28 
149.799 
151.119 
152.073 
152.607 
152.763 
152.589 
152.084 
151.212 
149.91 
148.108 
145.786 
142.997 
139.88 
136.682 
133.775 
131.633 
130.656 
131.007 
132.925 
136.75 
142.343 
149.021 
155.871 
161.936 
166.416 
168.963 
169.678 
168.69 
166.181 
162.645 
158.692 
154.823 
151.371 
148.517 
146.324 
144.765 
143.744 
143.149 
142.898 
143.006 
143.315 
143.43 
143.226 
142.766 
142.072 
141.203 
140.25 
139.299 
138.407 
137.6 
136.895 
136.319 
135.929 
135.773 
135.868 
136.205 
136.716 
137.16 
137.21 
136.722 
135.692 
134.142 
132.152 
129.871 
127.484 
125.188 
123.185 
121.689 
120.88 
120.851 
121.621 
123.119 
125.118 
127.269 
129.221 
130.691 
131.543 
131.78 
131.432 
130.542 
129.195 
127.474 
125.446 
123.198 
120.876 
118.701 
116.949 
115.873 
115.61 
116.194 
117.552 
119.435 
121.434 
122.977 
123.502 
122.78 
120.861 
117.998 
114.698 
111.627 
109.42 
108.468 
108.879 
110.447 
112.591 
114.633 
116.112 
116.864 
117.059 
117.054 
117.162 
117.551 
118.198 
118.858 
119.22 
119.144 
118.508 
117.187 
115.395 
113.608 
112.227 
111.434 
111.162 
111.152 
111.09 
110.716 
109.885 
108.598 
107.015 
105.434 
104.215 
103.616 
103.717 
104.506 
105.889 
107.623 
109.387 
110.85 
111.711 
111.784 
111.015 
109.486 
107.483 
105.482 
104.017 
103.474 
103.975 
105.47 
107.696 
110.055 
111.79 
112.345 
111.543 
109.532 
106.811 
104.107 
102.104 
101.218 
101.57 
103.048 
105.27 
107.618 
109.349 
109.856 
108.928 
106.692 
103.685 
100.998 
99.7173 
100.306 
103.521 
110.583 
121.455 
134.659 
148.195 
160.096 
169.012 
174.531 
177.232 
178.068 
177.455 
176.182 
175.652 
176.244 
177.537 
179.052 
180.265 
180.897 
180.946 
180.471 
179.577 
178.511 
177.526 
176.775 
176.32 
176.16 
176.28 
176.605 
176.941 
177.123 
177.093 
176.729 
175.817 
174.317 
172.42 
170.467 
168.89 
168.022 
167.967 
168.725 
170.175 
171.933 
173.514 
174.57 
174.947 
174.627 
173.793 
172.824 
171.997 
171.378 
170.896 
170.36 
169.565 
168.393 
166.853 
165.084 
163.307 
161.726 
160.447 
159.438 
158.595 
157.875 
157.345 
157.105 
157.205 
157.696 
158.623 
159.86 
161.071 
161.912 
162.194 
161.878 
161.062 
160.049 
159.234 
158.872 
159.038 
159.615 
160.241 
160.521 
160.299 
159.528 
158.233 
156.715 
155.476 
154.9 
155.111 
156.134 
157.916 
160.152 
162.369 
164.122 
165.129 
165.31 
164.674 
163.301 
161.423 
159.354 
157.389 
155.753 
154.577 
153.908 
153.736 
154.049 
154.829 
156.008 
157.455 
158.968 
160.297 
161.21 
161.577 
161.357 
160.674 
160.004 
159.922 
160.662 
162.198 
164.355 
166.768 
168.947 
170.448 
171.013 
170.579 
169.286 
167.519 
165.662 
163.908 
162.283 
160.68 
158.922 
156.915 
154.726 
152.619 
151.084 
150.596 
151.328 
153.19 
155.816 
158.554 
160.681 
161.71 
161.498 
160.252 
158.596 
157.3 
156.701 
156.633 
156.923 
157.368 
157.612 
157.483 
156.934 
156.004 
155.067 
154.56 
154.644 
155.439 
157.088 
159.416 
161.977 
164.281 
165.894 
166.649 
166.67 
166.065 
164.96 
163.671 
162.528 
161.716 
161.289 
161.164 
161.17 
161.193 
161.216 
161.189 
160.987 
160.477 
159.564 
158.225 
156.551 
154.752 
153.162 
152.188 
152.147 
153.146 
155.1 
157.704 
160.418 
162.492 
163.215 
162.309 
159.826 
156.009 
151.364 
146.581 
142.38 
139.341 
137.689 
137.324 
138.149 
140.036 
142.62 
145.423 
148.003 
150.001 
151.208 
151.587 
151.151 
149.979 
148.347 
146.673 
145.382 
144.761 
144.896 
145.743 
147.113 
148.668 
150.042 
150.965 
151.313 
151.061 
150.274 
149.125 
147.778 
146.308 
144.726 
143.018 
141.196 
139.388 
138.047 
137.809 
138.984 
141.554 
145.311 
149.712 
153.855 
156.723 
157.632 
156.386 
153.239 
149.022 
144.908 
141.92 
140.626 
141.17 
143.305 
146.318 
149.365 
151.829 
153.423 
154.218 
154.451 
154.241 
153.707 
153.023 
152.186 
151.123 
149.829 
148.387 
147.019 
146.016 
145.582 
145.779 
146.513 
147.495 
148.3 
148.566 
148.164 
147.138 
145.658 
144.019 
142.555 
141.551 
141.174 
141.47 
142.42 
143.953 
145.971 
148.39 
151.137 
154.117 
157.181 
160.098 
162.571 
164.26 
164.877 
164.302 
162.515 
159.606 
155.942 
152.128 
148.822 
146.529 
145.352 
145.048 
145.438 
146.323 
147.289 
147.991 
148.298 
148.18 
147.721 
147.11 
146.469 
145.805 
145.094 
144.316 
143.494 
142.739 
142.235 
142.142 
142.515 
143.321 
144.437 
145.66 
146.776 
147.628 
148.142 
148.358 
148.39 
148.301 
148.116 
147.878 
147.621 
147.358 
147.096 
146.848 
146.624 
146.415 
146.186 
145.876 
145.438 
144.867 
144.231 
143.695 
143.436 
143.529 
144.016 
144.886 
145.928 
146.78 
147.159 
146.974 
146.237 
145.078 
143.828 
142.85 
142.301 
142.14 
142.303 
142.62 
142.788 
142.678 
142.263 
141.516 
140.61 
139.908 
139.739 
140.219 
141.318 
142.917 
144.796 
146.681 
148.311 
149.477 
150.072 
150.09 
149.55 
148.489 
147.007 
145.225 
143.256 
141.217 
139.26 
137.589 
136.463 
136.096 
136.562 
137.812 
139.626 
141.55 
143.007 
143.566 
143.093 
141.731 
139.939 
138.431 
137.848 
138.437 
140.134 
142.63 
145.319 
147.469 
148.568 
148.462 
147.319 
145.676 
144.25 
143.547 
143.724 
144.681 
146.073 
147.413 
148.325 
148.64 
148.338 
147.589 
146.752 
146.153 
145.959 
146.223 
146.886 
147.767 
148.626 
149.281 
149.665 
149.799 
149.69 
149.453 
149.353 
149.504 
149.868 
150.372 
150.848 
151.117 
151.093 
150.709 
149.914 
148.886 
147.99 
147.523 
147.586 
148.185 
149.224 
150.365 
151.136 
151.19 
150.418 
148.917 
147.006 
145.133 
143.664 
142.763 
142.423 
142.594 
143.073 
143.481 
143.639 
143.628 
143.598 
143.814 
144.662 
146.416 
149.09 
152.422 
155.872 
158.747 
160.424 
160.551 
159.042 
156.059 
152.155 
148.158 
144.803 
142.473 
141.179 
140.749 
141.061 
141.786 
142.326 
142.393 
141.991 
141.201 
140.42 
140.194 
140.765 
142.13 
144.201 
146.716 
149.219 
151.19 
152.327 
152.64 
152.203 
151.151 
149.833 
148.62 
147.721 
147.186 
146.926 
146.757 
146.486 
145.992 
145.246 
144.301 
143.283 
142.343 
141.618 
141.184 
141.054 
141.221 
141.661 
142.305 
143.049 
143.77 
144.331 
144.623 
144.607 
144.243 
143.474 
142.344 
141.036 
139.814 
138.989 
138.796 
139.312 
140.479 
142.06 
143.625 
144.644 
144.707 
143.678 
141.661 
139.012 
136.288 
134.022 
132.56 
132.044 
132.49 
133.694 
135.191 
136.556 
137.534 
137.997 
137.922 
137.46 
136.972 
136.739 
136.83 
137.257 
137.992 
138.879 
139.684 
140.222 
140.407 
140.212 
139.789 
139.468 
139.428 
139.828 
140.887 
142.527 
144.475 
146.409 
147.911 
148.643 
148.482 
147.367 
145.278 
142.472 
139.433 
136.679 
134.658 
133.606 
133.53 
134.391 
136.094 
138.377 
140.891 
143.311 
145.366 
146.862 
147.742 
148.098 
148.035 
147.717 
147.356 
146.972 
146.423 
145.526 
144.155 
142.321 
140.191 
138.115 
136.522 
135.72 
135.801 
136.634 
137.814 
138.785 
139.12 
138.675 
137.55 
136.077 
134.755 
134.007 
133.986 
134.785 
136.491 
138.94 
141.799 
144.716 
147.349 
149.396 
150.623 
150.91 
150.234 
148.671 
146.487 
144.097 
141.942 
140.381 
139.607 
139.664 
140.395 
141.393 
142.23 
142.697 
142.793 
142.561 
142.078 
141.521 
141.076 
140.849 
140.869 
141.125 
141.58 
142.184 
142.897 
143.664 
144.395 
144.957 
145.226 
145.153 
144.64 
143.509 
141.696 
139.312 
136.63 
134.093 
132.243 
131.499 
131.995 
133.725 
136.483 
139.605 
142.145 
143.385 
143.096 
141.305 
138.313 
134.934 
132.208 
130.746 
130.554 
131.509 
133.352 
135.396 
136.886 
137.564 
137.652 
137.328 
136.752 
136.258 
136.104 
136.359 
136.962 
137.74 
138.483 
139.032 
139.306 
139.207 
138.876 
138.758 
139.03 
139.666 
140.659 
141.848 
142.893 
143.493 
143.553 
143.074 
142.182 
141.304 
140.89 
141.103 
141.952 
143.269 
144.518 
145.125 
144.871 
143.644 
141.417 
138.657 
136.164 
134.603 
134.296 
135.313 
137.522 
140.493 
143.608 
146.283 
148.095 
148.841 
148.472 
147.1 
145.039 
142.693 
140.434 
138.574 
137.314 
136.734 
136.846 
137.482 
138.239 
138.768 
138.92 
138.661 
138.054 
137.313 
136.743 
136.584 
136.913 
137.674 
138.652 
139.507 
139.947 
139.867 
139.24 
138.122 
136.814 
135.73 
135.101 
134.921 
135.14 
135.647 
136.219 
136.688 
137.034 
137.37 
137.904 
138.815 
140.134 
141.702 
143.21 
144.318 
144.807 
144.615 
143.864 
142.898 
142.097 
141.682 
141.712 
142.084 
142.512 
142.743 
142.677 
142.432 
142.281 
142.334 
142.745 
143.802 
145.451 
147.26 
148.694 
149.364 
149.151 
148.035 
146.091 
143.642 
141.139 
138.931 
137.194 
135.972 
135.282 
135.168 
135.659 
136.759 
138.455 
140.653 
143.096 
145.361 
146.965 
147.565 
147.053 
145.604 
143.752 
142.198 
141.448 
141.661 
142.803 
144.633 
146.595 
148.029 
148.493 
147.855 
146.236 
144.022 
141.759 
139.936 
138.85 
138.586 
139.147 
140.491 
142.475 
144.871 
147.383 
149.659 
151.339 
152.178 
152.101 
151.174 
149.644 
147.904 
146.337 
145.186 
144.521 
144.251 
144.168 
144.112 
144.082 
144.129 
144.334 
144.747 
145.237 
145.56 
145.582 
145.108 
143.862 
141.908 
139.625 
137.449 
135.828 
135.078 
135.295 
136.387 
138.058 
139.907 
141.596 
142.919 
143.802 
144.231 
144.208 
143.768 
143.01 
142.067 
141.124 
140.414 
140.122 
140.31 
140.977 
142.054 
143.325 
144.511 
145.408 
145.942 
146.133 
146.016 
145.704 
145.411 
145.26 
145.261 
145.42 
145.749 
146.237 
146.84 
147.486 
148.084 
148.552 
148.858 
149.046 
149.226 
149.517 
149.937 
150.357 
150.593 
150.554 
150.044 
148.747 
146.65 
144.089 
141.554 
139.575 
138.483 
138.308 
139.006 
140.426 
142.109 
143.464 
144.096 
143.888 
143.001 
142.068 
141.89 
142.805 
144.777 
147.58 
150.739 
153.635 
155.723 
156.695 
156.469 
155.182 
153.23 
151.088 
149.067 
147.265 
145.659 
144.204 
142.866 
141.676 
140.798 
140.455 
140.768 
141.766 
143.396 
145.371 
147.187 
148.356 
148.626 
147.943 
146.454 
144.634 
143.127 
142.392 
142.57 
143.535 
144.862 
145.906 
146.149 
145.417 
143.829 
141.774 
139.809 
138.414 
137.845 
138.157 
139.156 
140.376 
141.4 
142.05 
142.353 
142.436 
142.369 
142.222 
142.081 
141.903 
141.574 
141.033 
140.285 
139.419 
138.616 
138.099 
138.033 
138.469 
139.372 
140.612 
141.982 
143.245 
144.156 
144.536 
144.318 
143.451 
141.89 
139.787 
137.546 
135.712 
134.719 
134.72 
135.72 
137.565 
139.751 
141.561 
142.498 
142.486 
141.585 
139.993 
138.226 
136.85 
136.121 
135.991 
136.379 
137.175 
138.133 
139.023 
139.744 
140.344 
140.961 
141.712 
142.626 
143.633 
144.59 
145.355 
145.858 
146.136 
146.333 
146.622 
147.063 
147.523 
147.793 
147.768 
147.315 
146.242 
144.645 
142.935 
141.579 
140.901 
141.001 
141.824 
143.108 
144.321 
144.952 
144.804 
143.74 
141.638 
138.832 
136.042 
134.037 
133.369 
134.214 
136.456 
139.698 
143.327 
146.721 
149.413 
151.195 
152.141 
152.554 
152.826 
153.284 
154.095 
155.23 
156.483 
157.428 
157.584 
156.745 
154.934 
152.289 
149.128 
145.916 
143.184 
141.426 
140.966 
141.901 
144.149 
147.423 
151.242 
155.027 
158.18 
160.184 
160.731 
159.736 
157.314 
153.864 
150.012 
146.423 
143.613 
141.839 
141.166 
141.586 
142.83 
144.308 
145.578 
146.489 
147.025 
147.29 
147.489 
147.857 
148.574 
149.687 
151.081 
152.495 
153.509 
153.702 
152.904 
151.152 
148.622 
145.658 
142.707 
140.209 
138.483 
137.683 
137.838 
138.758 
139.988 
141.1 
141.866 
142.212 
142.258 
142.212 
142.176 
142.249 
142.621 
143.401 
144.553 
145.943 
147.372 
148.685 
149.835 
150.833 
151.699 
152.448 
153.035 
153.358 
153.351 
152.96 
152.145 
151.03 
149.89 
149.041 
148.653 
148.667 
149.01 
149.572 
150.072 
150.271 
150.109 
149.578 
148.682 
147.511 
146.213 
144.94 
143.83 
142.972 
142.397 
142.106 
142.032 
142.048 
142.081 
142.104 
142.097 
142.099 
142.259 
142.76 
143.677 
144.906 
146.193 
147.21 
147.754 
147.833 
147.493 
146.836 
146.211 
146.026 
146.436 
147.408 
148.799 
150.333 
151.683 
152.576 
152.969 
153.025 
152.858 
152.533 
152.177 
151.895 
151.719 
151.617 
151.524 
151.37 
151.078 
150.545 
149.657 
148.338 
146.585 
144.517 
142.451 
140.951 
140.601 
141.641 
143.999 
147.329 
150.973 
154.086 
155.919 
156.082 
154.487 
151.343 
147.331 
143.458 
140.689 
139.639 
140.488 
143.042 
146.662 
150.404 
153.35 
155.009 
155.419 
154.7 
153.078 
151.156 
149.692 
149.215 
149.892 
151.604 
153.956 
156.341 
158.151 
158.98 
158.709 
157.386 
155.232 
152.646 
150.065 
147.819 
146.103 
144.995 
144.49 
144.564 
145.169 
146.201 
147.527 
148.928 
150.064 
150.638 
150.548 
149.788 
148.495 
147.116 
146.208 
146.101 
146.875 
148.38 
150.139 
151.517 
152.073 
151.678 
150.467 
148.878 
147.504 
146.726 
146.598 
147.069 
148.01 
149.108 
150.056 
150.705 
151.036 
151.129 
151.12 
151.105 
151.138 
151.27 
151.505 
151.797 
152.087 
152.348 
152.598 
152.902 
153.35 
153.999 
154.844 
155.802 
156.625 
156.969 
156.663 
155.587 
153.596 
150.799 
147.603 
144.559 
142.204 
140.907 
140.8 
141.897 
144.097 
147.044 
150.134 
152.634 
153.954 
153.877 
152.315 
149.32 
145.462 
141.684 
138.868 
137.554 
137.892 
139.672 
142.237 
144.72 
146.427 
147.134 
147.187 
147.061 
146.94 
147.072 
147.956 
149.79 
152.233 
154.584 
156.048 
156.099 
154.589 
151.687 
147.965 
144.275 
141.444 
139.942 
139.799 
140.936 
143.18 
146.068 
149.026 
151.58 
153.398 
154.313 
154.28 
153.342 
151.652 
149.473 
147.159 
145.124 
143.809 
143.551 
144.462 
146.478 
149.356 
152.666 
155.894 
158.584 
160.437 
161.332 
161.254 
160.435 
159.405 
158.594 
158.154 
158.029 
158.037 
157.988 
157.715 
157.12 
156.204 
155.042 
153.758 
152.485 
151.35 
150.467 
149.927 
149.709 
149.692 
149.808 
150.009 
150.2 
150.34 
150.507 
150.882 
151.649 
152.864 
154.397 
155.956 
157.138 
157.584 
157.148 
155.859 
153.92 
151.786 
150.045 
149.069 
148.879 
149.41 
150.512 
151.797 
152.822 
153.366 
153.451 
153.137 
152.509 
151.744 
151.001 
150.431 
150.213 
150.427 
151.153 
152.554 
154.693 
157.421 
160.398 
163.173 
165.292 
166.491 
166.754 
166.122 
164.7 
162.776 
160.708 
158.783 
157.181 
155.992 
155.249 
154.906 
154.859 
155.059 
155.484 
155.954 
156.168 
155.965 
155.237 
153.877 
152.003 
150.019 
148.45 
147.691 
147.866 
148.944 
150.744 
152.915 
155.034 
156.707 
157.638 
157.354 
156.286 
156.029 
157.095 
159.092 
161.752 
164.622 
167.159 
168.856 
169.407 
168.736 
166.983 
164.606 
162.269 
160.568 
159.738 
159.648 
160.178 
161.185 
162.177 
162.563 
162.109 
160.83 
158.842 
156.428 
154.029 
152.13 
151.05 
150.841 
151.473 
152.828 
154.568 
156.267 
157.603 
158.431 
158.73 
158.51 
157.89 
157.106 
156.323 
155.613 
155.029 
154.585 
154.242 
153.92 
153.539 
153.074 
152.583 
152.197 
152.041 
152.169 
152.589 
153.251 
153.977 
154.552 
154.868 
154.976 
155.103 
155.641 
156.963 
159.195 
162.109 
165.169 
167.68 
169.121 
169.328 
168.302 
166.21 
163.559 
161.026 
159.174 
158.319 
158.548 
159.779 
161.764 
164.15 
166.583 
168.708 
170.182 
170.75 
170.314 
168.868 
166.52 
163.647 
160.827 
158.651 
157.519 
157.55 
158.671 
160.581 
162.728 
164.451 
165.252 
164.957 
163.41 
160.392 
156.083 
151.131 
146.397 
142.772 
140.863 
140.844 
142.707 
146.259 
150.871 
155.632 
159.652 
162.27 
163.421 
163.571 
163.023 
161.958 
160.783 
159.893 
159.477 
159.577 
160.15 
161.086 
162.278 
163.654 
165.13 
166.579 
167.842 
168.792 
169.374 
169.628 
169.677 
169.683 
169.79 
170.077 
170.408 
170.473 
170.097 
169.206 
167.679 
165.502 
162.87 
160.152 
157.791 
156.163 
155.479 
155.793 
156.994 
158.759 
160.677 
162.383 
163.604 
164.198 
164.135 
163.531 
162.697 
161.978 
161.594 
161.612 
162.022 
162.736 
163.552 
164.265 
164.774 
165.075 
165.244 
165.387 
165.577 
165.808 
165.996 
166.034 
165.881 
165.561 
165.168 
164.847 
164.675 
164.632 
164.695 
164.811 
164.873 
164.827 
164.662 
164.395 
164.128 
163.978 
163.984 
164.145 
164.418 
164.656 
164.687 
164.448 
163.959 
163.301 
162.619 
162.079 
161.782 
161.74 
161.939 
162.341 
162.859 
163.39 
163.871 
164.273 
164.596 
164.853 
165.071 
165.294 
165.59 
166.064 
166.825 
167.918 
169.287 
170.746 
171.868 
172.124 
171.273 
169.365 
166.67 
163.727 
161.229 
159.702 
159.306 
160.036 
161.724 
163.883 
165.932 
167.477 
168.382 
168.769 
168.921 
169.102 
169.432 
169.868 
170.253 
170.455 
170.402 
170.196 
170.091 
170.181 
170.503 
171.146 
172.038 
172.935 
173.555 
173.696 
173.295 
172.379 
171.038 
169.422 
167.719 
166.163 
165.019 
164.497 
164.677 
165.602 
167.278 
169.511 
171.946 
174.211 
176.01 
177.163 
177.594 
177.295 
176.373 
175.069 
173.604 
172.119 
170.71 
169.441 
168.374 
167.598 
167.202 
167.227 
167.759 
168.94 
170.775 
173.109 
175.709 
178.3 
180.611 
182.425 
183.596 
184.057 
183.794 
182.855 
181.331 
179.31 
176.884 
174.217 
171.564 
169.26 
167.653 
166.883 
166.83 
167.395 
168.446 
169.603 
170.396 
170.517 
169.876 
168.58 
166.994 
165.671 
165.067 
165.346 
166.568 
168.685 
171.255 
173.563 
174.97 
175.117 
173.916 
171.494 
168.26 
164.807 
161.679 
159.238 
157.643 
156.942 
157.134 
158.146 
159.843 
162.133 
164.95 
168.14 
171.414 
174.363 
176.551 
177.724 
177.89 
177.104 
175.485 
173.387 
171.256 
169.451 
168.193 
167.578 
167.617 
168.223 
169.231 
170.516 
171.997 
173.562 
175.062 
176.345 
177.303 
177.889 
178.1 
177.942 
177.403 
176.399 
174.809 
172.6 
169.899 
167.011 
164.423 
162.683 
162.17 
162.996 
165.019 
167.761 
170.487 
172.449 
173.327 
173.319 
172.612 
171.43 
170.308 
169.694 
169.693 
170.33 
171.642 
173.53 
175.787 
178.151 
180.286 
181.817 
182.47 
182.156 
180.885 
178.797 
176.303 
173.969 
172.287 
171.525 
171.751 
172.841 
174.453 
176.211 
177.896 
179.445 
180.867 
182.176 
183.371 
184.413 
185.161 
185.435 
185.154 
184.333 
183.065 
181.545 
180.051 
178.888 
178.28 
178.308 
179.003 
180.356 
182.165 
184.061 
185.642 
186.602 
186.811 
186.246 
184.98 
183.233 
181.309 
179.461 
177.847 
176.534 
175.54 
174.88 
174.571 
174.619 
175.025 
175.752 
176.676 
177.58 
178.205 
178.35 
177.948 
177.04 
175.785 
174.466 
173.433 
172.961 
173.144 
174.065 
175.837 
178.354 
181.282 
184.193 
186.658 
188.347 
189.178 
189.277 
188.731 
187.622 
186.172 
184.645 
183.262 
182.203 
181.621 
181.612 
182.207 
183.354 
184.872 
186.435 
187.627 
188.106 
187.739 
186.448 
184.198 
181.27 
178.201 
175.501 
173.506 
172.329 
171.926 
172.231 
173.097 
174.269 
175.63 
177.186 
178.934 
180.828 
182.766 
184.602 
186.177 
187.378 
188.161 
188.571 
188.727 
188.782 
188.882 
189.129 
189.564 
190.17 
190.873 
191.574 
192.168 
192.56 
192.689 
192.534 
192.104 
191.428 
190.553 
189.555 
188.557 
187.759 
187.349 
187.419 
188.135 
189.736 
192.134 
194.86 
197.25 
198.662 
198.737 
197.393 
194.842 
191.767 
189.127 
187.556 
187.142 
187.814 
189.314 
190.895 
191.794 
191.742 
190.589 
188.24 
185.166 
182.209 
180.045 
178.898 
178.592 
178.952 
179.796 
180.809 
181.801 
182.747 
183.653 
184.53 
185.355 
185.953 
186.049 
185.508 
184.359 
182.781 
181.131 
179.873 
179.378 
179.774 
181.11 
183.376 
186.279 
189.327 
192.06 
194.159 
195.512 
196.219 
196.53 
196.717 
196.969 
197.267 
197.419 
197.303 
196.737 
195.43 
193.336 
190.817 
188.588 
187.333 
187.318 
188.695 
191.536 
195.32 
199.116 
202.063 
203.679 
203.916 
202.843 
200.619 
197.647 
194.415 
191.35 
188.818 
187.13 
186.485 
186.942 
188.47 
190.9 
193.859 
196.849 
199.366 
201.015 
201.728 
201.733 
201.189 
200.205 
199.011 
197.777 
196.54 
195.298 
194.068 
192.913 
191.903 
191.079 
190.43 
189.905 
189.444 
189.018 
188.641 
188.362 
188.223 
188.302 
188.529 
188.598 
188.366 
187.841 
187.019 
185.989 
185.087 
184.79 
185.323 
186.722 
189.001 
192.055 
195.62 
199.333 
202.82 
205.812 
208.214 
210.048 
211.369 
212.216 
212.597 
212.497 
211.784 
210.204 
207.656 
204.279 
200.377 
196.385 
192.809 
190.123 
188.602 
188.278 
189.117 
191.017 
193.684 
196.724 
199.76 
202.476 
204.63 
206.062 
206.689 
206.492 
205.537 
204.013 
202.153 
200.171 
198.231 
196.426 
194.791 
193.349 
192.156 
191.333 
191.004 
191.222 
192.054 
193.601 
195.809 
198.434 
201.159 
203.699 
205.863 
207.557 
208.727 
209.343 
209.396 
208.881 
207.821 
206.324 
204.589 
202.87 
201.438 
200.513 
200.108 
200.05 
200.224 
200.585 
201.075 
201.699 
202.563 
203.809 
205.515 
207.634 
209.981 
212.26 
214.178 
215.575 
216.467 
217.061 
217.637 
218.246 
218.674 
218.745 
218.197 
216.695 
214.303 
211.393 
208.481 
206.242 
205.194 
205.497 
206.959 
208.958 
210.54 
210.892 
209.727 
207.173 
203.704 
200.108 
197.227 
195.626 
195.48 
196.791 
199.442 
203.053 
207.09 
211.034 
214.453 
217.057 
218.733 
219.492 
219.367 
218.633 
217.897 
217.58 
217.761 
218.392 
219.298 
220.213 
220.885 
221.158 
220.993 
220.319 
218.984 
216.922 
214.204 
211.011 
207.679 
204.674 
202.487 
201.346 
201.159 
201.824 
203.201 
204.923 
206.585 
207.923 
208.836 
209.375 
209.674 
209.834 
209.89 
209.837 
209.72 
209.627 
209.598 
209.808 
210.663 
212.449 
215.181 
218.678 
222.561 
226.31 
229.396 
231.42 
232.188 
231.664 
230.046 
227.806 
225.395 
223.108 
221.136 
219.565 
218.374 
217.47 
216.743 
216.118 
215.565 
215.084 
214.694 
214.428 
214.309 
214.344 
214.569 
215.063 
215.866 
216.951 
218.229 
219.539 
220.573 
220.964 
220.532 
219.31 
217.517 
215.611 
214.241 
213.951 
214.929 
217.058 
219.912 
222.768 
224.824 
225.724 
225.701 
224.974 
223.794 
222.732 
222.27 
222.544 
223.464 
224.758 
226.113 
227.325 
228.312 
229.113 
229.836 
230.585 
231.402 
232.268 
233.135 
233.981 
234.841 
235.787 
236.847 
237.851 
238.473 
238.527 
237.825 
236.152 
233.629 
230.619 
227.575 
225.069 
223.522 
223.039 
223.602 
225.067 
227.008 
228.911 
230.429 
231.467 
232.186 
232.937 
234.074 
235.753 
237.867 
240.049 
241.746 
242.509 
242.191 
240.76 
238.265 
235.047 
231.606 
228.379 
225.703 
223.937 
223.452 
224.425 
226.827 
230.463 
234.885 
239.369 
243.005 
245.066 
245.286 
243.651 
240.442 
236.561 
233.269 
231.507 
231.575 
233.498 
237.027 
241.264 
244.971 
247.261 
247.824 
246.641 
243.901 
240.191 
236.284 
232.81 
230.165 
228.491 
227.72 
227.755 
228.477 
229.668 
231.206 
233.068 
235.211 
237.553 
239.949 
242.222 
244.198 
245.753 
246.835 
247.48 
247.799 
247.942 
248.052 
248.227 
248.496 
248.817 
249.091 
249.222 
249.171 
248.912 
248.42 
247.765 
247.1 
246.606 
246.429 
246.618 
247.153 
247.948 
248.86 
249.719 
250.388 
250.798 
250.962 
250.98 
250.956 
250.947 
251.035 
251.369 
252.068 
253.168 
254.617 
256.267 
257.861 
258.991 
259.236 
258.423 
256.596 
253.974 
250.982 
248.171 
246.071 
245.02 
245.115 
246.248 
248.073 
250.116 
251.979 
253.424 
254.383 
254.94 
255.292 
255.663 
256.225 
257.042 
258.069 
259.175 
260.209 
261.061 
261.689 
262.129 
262.476 
262.853 
263.376 
264.137 
265.197 
266.578 
268.262 
270.174 
272.154 
273.926 
275.071 
275.164 
274.029 
271.721 
268.49 
264.819 
261.341 
258.695 
257.291 
257.226 
258.477 
260.914 
264.148 
267.643 
270.882 
273.437 
275.021 
275.514 
274.893 
273.217 
270.675 
267.556 
264.17 
260.814 
257.758 
255.256 
253.542 
252.771 
252.992 
254.19 
256.257 
258.924 
261.822 
264.623 
267.11 
269.205 
270.963 
272.507 
273.9 
275.101 
275.915 
276.084 
275.497 
274.195 
272.372 
270.444 
268.929 
268.213 
268.414 
269.487 
271.174 
272.906 
274.079 
274.374 
273.727 
272.321 
270.731 
269.641 
269.438 
270.213 
271.796 
273.66 
275.148 
275.845 
275.638 
274.742 
273.805 
273.484 
273.999 
275.244 
276.833 
278.155 
278.718 
278.362 
277.128 
275.255 
273.266 
271.755 
271.101 
271.417 
272.598 
274.31 
276.067 
277.403 
278.018 
277.821 
276.838 
275.205 
273.206 
271.18 
269.421 
268.137 
267.441 
267.365 
267.912 
269.055 
270.693 
272.618 
274.516 
276.009 
276.819 
276.876 
276.188 
274.864 
273.262 
271.873 
271.043 
270.865 
271.331 
272.37 
273.777 
275.324 
276.84 
278.184 
279.116 
279.326 
278.659 
277.124 
274.842 
272.12 
269.483 
267.638 
267.201 
268.39 
271.112 
274.999 
279.392 
283.502 
286.616 
288.366 
288.772 
287.919 
285.959 
283.319 
280.591 
278.339 
276.944 
276.376 
276.286 
276.451 
276.729 
276.897 
276.903 
276.859 
276.974 
277.595 
278.957 
280.998 
283.347 
285.346 
286.478 
286.65 
285.91 
284.48 
283.039 
282.273 
282.419 
283.521 
285.463 
287.66 
289.41 
290.45 
291.114 
292.254 
294.952 
300.098 
308.071 
318.637 
331.073 
344.506 
358.268 
372.053 
385.821 
399.603 
413.333 
426.656 
438.867 
449.056 
456.439 
460.711 
462.46 
462.791 
462.258 
461.141 
459.956 
458.979 
458.162 
457.35 
456.4 
455.292 
454.311 
453.951 
454.462 
455.894 
458.26 
461.406 
464.959 
468.421 
471.301 
473.228 
474.017 
473.623 
472.225 
470.323 
468.535 
467.418 
467.348 
468.439 
470.58 
473.4 
476.343 
478.871 
480.602 
481.36 
481.116 
480.092 
478.797 
477.675 
476.939 
476.601 
476.53 
476.635 
476.883 
477.23 
477.678 
478.266 
479.012 
479.909 
480.907 
481.876 
482.625 
483.003 
482.833 
482.312 
482.14 
482.613 
483.685 
485.407 
487.741 
490.517 
493.454 
496.171 
498.228 
499.305 
499.312 
498.255 
496.256 
493.717 
491.176 
489.061 
487.614 
486.924 
486.995 
487.715 
488.89 
490.416 
492.282 
494.433 
496.68 
498.688 
500.078 
500.599 
500.181 
498.992 
497.485 
496.13 
495.204 
494.823 
494.996 
495.589 
496.358 
497.153 
497.958 
498.754 
499.431 
499.816 
499.815 
499.374 
498.523 
497.554 
496.844 
496.54 
496.513 
496.581 
496.672 
496.653 
496.157 
494.862 
492.867 
490.643 
488.911 
488.351 
489.225 
491.495 
494.97 
499.251 
503.79 
508.025 
511.528 
514.099 
515.749 
516.655 
517.039 
516.999 
516.613 
515.964 
514.932 
513.293 
510.988 
508.206 
505.377 
503.23 
502.523 
503.562 
506.29 
510.414 
515.36 
520.4 
524.851 
528.222 
530.282 
530.999 
530.4 
528.767 
526.783 
525.155 
524.338 
524.507 
525.791 
528.289 
531.655 
535.161 
538.112 
540.117 
541.186 
541.746 
542.568 
544.503 
548.148 
553.605 
560.406 
567.586 
573.944 
578.433 
580.659 
580.845 
579.19 
575.924 
571.649 
567.075 
562.779 
559.221 
556.784 
555.601 
555.522 
556.426 
558.162 
560.291 
562.259 
563.655 
564.372 
564.557 
564.335 
563.832 
563.247 
562.643 
561.903 
560.83 
559.221 
556.989 
554.219 
551.176 
548.302 
546.166 
545.237 
545.688 
547.712 
551.605 
557.219 
563.855 
570.584 
576.513 
581.01 
583.814 
584.951 
584.499 
582.888 
581.005 
579.46 
578.396 
577.751 
577.314 
576.847 
576.183 
575.261 
574.147 
573.015 
572.118 
571.671 
571.754 
572.433 
573.778 
575.659 
577.723 
579.559 
580.829 
581.456 
581.577 
581.284 
580.658 
579.89 
579.167 
578.573 
578.075 
577.576 
576.992 
576.304 
575.553 
574.837 
574.282 
573.994 
574 
574.525 
576.2 
579.702 
585.427 
593.419 
603.193 
613.576 
622.883 
629.312 
631.595 
629.335 
623.018 
614.256 
605.515 
599.374 
597.646 
600.893 
608.638 
619.265 
630.32 
639.348 
644.744 
646.049 
643.295 
636.931 
628.285 
619.258 
611.82 
607.509 
607.02 
610.473 
617.378 
626.107 
634.323 
640.037 
642.763 
643.387 
642.313 
640.302 
639.447 
640.841 
644.406 
649.873 
656.309 
662.103 
665.827 
666.926 
665.347 
661.474 
656.511 
652.059 
649.298 
648.684 
650.272 
653.804 
658.463 
663.151 
667.179 
669.838 
670.555 
669.943 
668.987 
668.393 
669.239 
672.22 
676.671 
681.92 
687.682 
693.544 
699.309 
704.955 
710.52 
715.955 
720.877 
724.297 
725.058 
722.672 
717.274 
709.458 
700.472 
692.32 
687.179 
685.506 
685.603 
686.013 
686.428 
685.605 
681.257 
672.49 
660.101 
645.688 
631.346 
618.969 
609.656 
603.625 
600.34 
598.713 
597.547 
596.002 
593.739 
590.761 
587.293 
583.679 
580.233 
577.14 
574.493 
572.372 
570.889 
570.171 
570.284 
571.264 
573.09 
575.514 
578.022 
579.885 
580.448 
579.472 
577.071 
573.705 
570.239 
567.67 
566.428 
566.2 
566.706 
567.605 
568.261 
568.343 
567.593 
565.722 
563.05 
560.179 
557.367 
554.457 
550.984 
546.496 
540.884 
534.503 
528.114 
522.673 
519.004 
517.555 
518.432 
521.26 
525.05 
528.739 
531.579 
533.187 
533.515 
532.615 
530.589 
527.656 
524.083 
520.148 
516.169 
512.503 
509.517 
507.486 
506.526 
506.927 
508.151 
508.548 
507.504 
505.209 
501.651 
497.058 
491.979 
487.206 
483.596 
481.745 
481.836 
483.759 
487.086 
491.089 
494.952 
497.986 
499.8 
500.539 
500.723 
500.44 
499.828 
499.676 
500.419 
502.13 
504.886 
508.366 
511.814 
514.174 
514.524 
512.529 
508.323 
502.483 
496.162 
490.823 
487.566 
486.73 
488.313 
491.945 
496.448 
500.268 
502.464 
502.979 
501.977 
499.807 
497.281 
495.214 
493.979 
493.579 
493.909 
494.691 
495.443 
495.931 
496.233 
496.547 
497.165 
498.37 
500.303 
502.894 
505.834 
508.574 
510.485 
511.133 
510.387 
508.379 
505.535 
502.445 
499.626 
497.402 
495.898 
495.044 
494.645 
494.491 
494.408 
494.205 
493.683 
492.778 
491.73 
491.003 
490.904 
491.764 
493.947 
497.345 
501.571 
506.125 
510.421 
514.007 
516.287 
516.995 
516.806 
516.291 
515.679 
515.327 
516.198 
519.412 
524.941 
532.408 
541.566 
551.862 
562.668 
573.472 
583.979 
594.095 
603.788 
612.937 
621.224 
628.175 
633.382 
636.77 
638.72 
640.011 
641.579 
644.155 
647.967 
652.642 
657.298 
660.859 
662.56 
662.166 
659.991 
657.004 
654.511 
653.456 
654.132 
656.562 
660.529 
665.211 
669.464 
672.346 
673.347 
672.341 
669.567 
665.781 
662.058 
659.383 
658.116 
657.972 
658.714 
660.112 
661.604 
662.612 
662.995 
663.002 
662.813 
662.553 
662.389 
662.369 
662.471 
662.698 
663.136 
663.993 
665.479 
667.644 
670.32 
673.153 
675.721 
677.684 
678.911 
679.513 
679.699 
679.574 
679.151 
678.319 
676.718 
673.933 
669.85 
664.788 
659.485 
654.983 
652.305 
652.051 
654.375 
659.016 
665.112 
671.428 
676.809 
680.451 
681.982 
681.337 
678.943 
675.812 
672.935 
670.985 
670.355 
671.154 
673.26 
676.258 
679.505 
682.334 
684.238 
684.972 
684.485 
683.111 
681.704 
680.997 
681.206 
682.543 
685.304 
689.279 
693.703 
697.607 
700.048 
700.414 
698.524 
694.578 
689.259 
683.665 
678.989 
676.148 
675.533 
677.206 
680.911 
685.781 
690.477 
693.591 
694.732 
694.778 
694.022 
692.715 
692.27 
693.574 
696.634 
701.229 
706.723 
712.215 
716.939 
720.494 
722.815 
724.108 
724.742 
725.003 
724.963 
724.621 
724.007 
723.185 
722.399 
721.989 
722.126 
723.152 
725.625 
729.6 
734.545 
739.739 
744.426 
747.961 
749.994 
750.502 
749.535 
747.224 
743.937 
740.159 
736.347 
732.866 
729.965 
727.79 
726.423 
725.907 
726.255 
727.49 
729.644 
732.663 
736.335 
740.386 
744.634 
749.07 
753.93 
759.748 
767.214 
776.852 
788.712 
802.241 
816.334 
829.527 
840.35 
847.706 
851.074 
850.357 
846.234 
840.336 
834.204 
828.695 
824.122 
820.436 
817.404 
814.78 
812.469 
810.602 
809.409 
808.928 
808.904 
808.995 
808.891 
808.312 
807.368 
806.603 
806.431 
807.464 
810.477 
815.435 
821.904 
829.381 
836.921 
843.394 
847.914 
850.067 
849.785 
847.695 
845.442 
844.531 
845.441 
848.115 
852.193 
856.864 
861.084 
863.999 
865.195 
864.601 
862.757 
860.918 
860.024 
860.276 
861.7 
864.216 
867.407 
870.759 
873.969 
876.973 
879.894 
882.909 
886.074 
889.123 
891.396 
892.446 
892.427 
891.5 
890.069 
889.068 
889.051 
890.695 
895.041 
901.875 
909.741 
917.018 
922.276 
924.626 
923.813 
920.321 
915.593 
911.506 
909.433 
909.843 
913.059 
919.432 
928.358 
938.395 
947.84 
954.853 
958.49 
959.215 
957.436 
954.138 
951.781 
952.067 
955.807 
961.939 
966.511 
967.002 
960.24 
940.549 
906.729 
862.488 
812.88 
763.811 
721.127 
689.528 
671.798 
665.893 
665.858 
668.422 
672.015 
673.987 
673.07 
669.488 
664.473 
660.155 
658.001 
658.353 
660.574 
663.009 
664.291 
664.102 
662.348 
658.915 
654.109 
648.483 
642.52 
636.633 
631.244 
626.849 
623.956 
622.687 
622.708 
623.794 
625.733 
627.666 
628.458 
627.609 
625.058 
620.864 
615.478 
609.76 
604.626 
600.68 
598.096 
596.635 
595.824 
595.35 
595.208 
595.445 
596.078 
596.947 
597.608 
597.74 
596.636 
593.053 
586.55 
577.615 
567.085 
556.062 
545.973 
538.401 
534.47 
535.737 
540.199 
541.47 
537.544 
529.975 
519.878 
508.794 
498.066 
488.727 
481.495 
476.608 
473.841 
472.609 
472.22 
472.065 
471.695 
470.805 
469.202 
466.779 
463.53 
459.559 
455.071 
450.312 
445.486 
440.679 
435.831 
430.754 
425.188 
418.919 
411.896 
404.272 
396.38 
388.645 
381.452 
375.035 
369.426 
364.452 
359.773 
354.986 
349.763 
343.944 
337.565 
330.817 
323.954 
317.199 
310.683 
304.444 
298.474 
292.759 
287.286 
282.053 
277.07 
272.318 
267.71 
263.069 
258.174 
252.833 
246.955 
240.57 
233.821 
226.922 
220.098 
213.517 
207.252 
201.272 
195.458 
189.633 
183.643 
177.431 
171.079 
164.81 
158.938 
153.767 
149.469 
146.028 
143.207 
140.529 
137.41 
133.38 
128.246 
122.145 
115.513 
108.959 
103.058 
98.1806 
94.4191 
91.589 
89.2791 
86.9988 
84.3558 
81.1726 
77.5184 
73.6633 
69.9527 
66.6635 
63.9364 
61.7956 
60.1756 
58.9496 
57.9893 
57.2141 
56.596 
56.1299 
55.7908 
55.5029 
55.1418 
54.575 
53.7155 
52.5487 
51.136 
49.5874 
48.0023 
46.4265 
44.8631 
43.3021 
41.7547 
40.3064 
39.1446 
38.4643 
38.3527 
38.8192 
39.768 
40.8935 
41.7792 
42.1265 
41.8432 
40.9762 
39.7115 
38.3548 
37.1788 
36.3271 
35.8295 
35.6291 
35.5967 
35.6076 
35.5955 
35.5124 
35.3179 
34.974 
34.4223 
33.6053 
32.5062 
31.1694 
29.697 
28.2298 
26.9077 
25.8299 
25.0306 
24.474 
24.0691 
23.7067 
23.2979 
22.7903 
22.1663 
21.4386 
20.639 
19.7985 
18.9379 
18.0686 
17.1953 
16.3182 
15.4364 
14.5505 
13.6678 
12.8065 
11.9957 
11.2696 
10.6537 
10.1515 
9.73863 
9.36609 
8.97193 
8.49897 
7.91105 
7.20106 
6.39261 
5.53532 
4.6907 
3.91337 
3.23806 
2.67594 
2.2151 
1.82701 
1.48186 
1.16082 
0.858611 
0.582717 
0.34971 
0.175566 
0.0661097 
0.0138521 
0 
0 
0 
0 
0 
0 
0 
0 
0 
0 
0 
0 
0 
0 
0 
0 
0 
0 
0 
0 
0 
0 
0 
0 
0 
0 
0 
0 
0 
0 
0 
0 
0 
0 
0 
0 
0 
0 
0 
0 
0 
0 
0 
0 
0 
0 
0 
0 
0 
0 
0 
0 
0 
0 
0 
0 
0 
0 
0 
0 
0 
0 
0 
0 
0 
0 
0 
0 
0 
0 
0 
0 
0 
0 
0 
0 
0 
0 
0 
0 
0 
0 
0 
0 
0 
0 
0 
0 
0 
0 
0 
0 
0 
0 
0 
0 
0 
0 
0 
0 
0 
0 
0 
0 
0 
0 
0 
0 
0 
0 
0 
0 
0 
0 
0 
0 
0 
0 
0 
0 
0 
0 
0 
0 
0 
0 
0 
0 
0 
0 
0 
0 
0 
0 
0 
0 
0 
0 
0 
0 
0 
0 
0 
0 
0 
0 
0 
0 
0 
0 
0 
0 
0 
0 
0 
0 
0 
0 
0 
0 
0 
0 
0 
0 
0 
0 
0 
0 
0 
0 
0 
0 
0 
0 
0 
0 
0 
0 
0 
0 
0 
0 
0 
0 
0 
0 
0 
0 
0 
0 
0 
0 
0 
0 
0 
0 
0 
0 
0 
0 
0 
0 
0 
0 
0 
0 
0 
0 
0 
0 
0 
0 
0 
0 
0 
0 
0 
0 
0 
0 
0 
0 
0 
0 
0 
0 
0 
0 
0 
0 
0 
0 
0 
0 
0 
0 
0 
0 
0 
0 
0 
0 
0 
0 
0 
0 
0 
0 
0 
0 
0 
0 
0 
0 
0 
0 
0 
0 
0 
0 
0 
0 
0 
0 
0 
0 
0 
0 
0 
0 
0 
0 
0 
0 
0 
0 
0 
0 
0 
0 
0 
0 
0 
0 
0 
0 
0 
0 
0 
0 
0 
0 
0 
0 
0 
0 
0 
0 
0 
0 
0 
0 
0 
0 
0 
0 
0 
0 
0 
0 
0 
0 
0 
0 
0 
0 
0 
0 
0 
0 
0 
0 
0 
0 
0 
0 
0 
0 
0 
0 
0 
0 
0 
0 
0 
0 
0 
0 
0 
0 
0 
0 
0 
0 
0 
0 
0 
0 
0 
0 
0 
0 
0 
0 
0 
0 
0 
0 
0 
0 
0 
0 
0 
0 
0 
0 
0 
0 
0 
0 
0 
0 
0 
0 
0 
0 
0 
0 
0 
0 
0 
0 
0 
0 
0 
0 
0 
0 
0 
0 
0 
0 
0 
0 
0 
0 
0 
0 
0 
0 
0 
0 
0 
0 
0 
0 
0 
0 
0 
0 
0 
0 
0 
0 
0 
0 
0 
0 
0 
0 
0 
0 
0 
0 
0 
0 
0 
0 
0 
0 
0 
0 
0 
0 
0 
0 
0 
0 
0 
0 
0 
0 
0 
0 
0 
0 
0 
0 
0 
0 
0 
0 
0 
0 
0 
0 
0 
0 
0 
0 
0 
0 
0 
0 
0 
0 
0 
0 
0 
0 
0 
0 
0 
0 
0 
0 
0 
0 
0 
0 
0 
0 
0 
0 
0 
0 
0 
0 
0 
0 
0 
0 
0 
0 
0 
0 
0 
0 
0 
0 
0 
0 
0 
0 
0 
0 
0 
0 
0 
0 
0 
0 
0 
0 
0 
0 
0 
0 
0 
0 
0 
0 
0 
0 
0 
0 
0 
0 
0 
0 
0 
0 
0 
0 
0 
0 
0 
0 
0 
0 
0 
0 
0 
0 
0 
0 
0 
0 
0 
0 
0 
0 
0 
0 
0 
0 
0 
0 
0 
0 
0 
0 
0 
0 
0 
0 
0 
0 
0 
0 
0 
0 
0 
0 
0 
0 
0 
0 
0 
0 
0 
0 
0 
0 
0 
0 
0 
0 
0 
0 
0 
0 
0 
0 
0 
0 
0 
0 
0 
0 
0 
0 
0 
0 
0 
0 
0 
0 
0 
0 
0 
0 
0 
0 
0 
0 
0 
0 
0 
0 
0 
0 
0 
0 
0 
0 
0 
0 
0 
0 
0 
0 
0 
0 
0 
0 
0 
0 
0 
0 
0 
0 
0 
0 
0 
0 
0 
0 
0 
0 
0 
0 
0 
0 
0 
0 
0 
0 
0 
0 
0 
0 
0 
0 
0 
0 
0 
0 
0 
0 
0 
0 
0 
0 
0 
0 
0 
0 
0 
0 
0 
0 
0 
0 
0 
0 
0 
0 
0 
0 
0 
0 
0 
0 
0 
0 
0 
0 
0 
0 
0 
0 
0 
0 
0 
0 
0 
0 
0 
0 
0 
0 
0 
0 
0 
0 
0 
0 
0 
0 
0 
0 
0 
0 
0 
0 
0 
0 
0 
0 
0 
0 
0 
0 
0 
0 
0 
0 
0 
0 
0 
0 
0 
0 
0 
0 
0 
0 
0 
0 
0 
0 
0 
0 
0 
0 
0 
0 
0 
0 
0 
0 
0 
0 
0 
0 
0 
0 
0 
0 
0 
0 
0 
0 
0 
0 
0 
0 
0 
0 
0 
0 
0 
0 
0 
0 
0 
0 
0 
0 
0 
0 
0 
0 
0 
0 
0 
0 
0 
0 
0 
0 
0 
0 
0 
0 
0 
0 
0 
0 
0 
0 
0 
0 
0 
0 
0 
0 
0 
0 
0 
0 
0 
0 
0 
0 
0 
0 
0 
0 
0 
0 
0 
0 
0 
0 
0 
0 
0 
0 
0 
0 
0 
0 
0 
0 
0 
0 
0 
0 
0 
0 
0 
0 
0 
0 
0 
0 
0 
0 
0 
0 
0 
0 
0 
0 
0 
0 
0 
0 
0 
0 
0 
0 
0 
0 
0 
0 
0 
0 
0 
0 
0 
0 
0 
0 
0 
0 
0 
0 
0 
0 
0 
0 
0 
0 
0 
0 
0 
0 
0 
0 
0 
0 
0 
0 
0 
0 
0 
0 
0 
0 
0 
0 
0 
0 
0 
0 
0 
0 
0 
0 
0 
0 
0 
0 
0 
0 
0 
0 
0 
0 
0 
0 
0 
0 
0 
0 
0 
0 
0 
0 
0 
0 
0 
0 
0 
0 
0 
0 
0 
0 
0 
0 
0 
0 
0 
0 
0 
0 
0 
0 
0 
0 
0 
0 
0 
0 
0 
0 
0 
0 
0 
0 
0 
0 
0 
0 
0 
0 
0 
0 
0 
0 
0 
0 
0 
0 
0 
0 
0 
0 
0 
0 
0 
0 
0 
0 
0 
0 
0 
0 
0 
0 
0 
0 
0 
0 
0 
0 
0 
0 
0 
0 
0 
0 
0 
0 
0 
0 
0 
0 
0 
0 
0 
0 
0 
0 
0 
0 
0 
0 
0 
0 
0 
0 
0 
0 
0 
0 
0 
0 
0 
0 
0 
0 
0 
0 
0 
0 
0 
0 
0 
0 
0 
0 
0 
0 
0 
0 
0 
0 
0 
0 
0 
0 
0 
0 
0 
0 
0 
0 
0 
0 
0 
0 
0 
0 
0 
0 
0 
0 
0 
0 
0 
0 
0 
0 
0 
0 
0 
0 
0 
0 
0 
0 
0 
0 
0 
0 
0 
0 
0 
0 
0 
0 
0 
0 
0 
0 
0 
0 
0 
0 
0 
0 
0 
0 
0 
0 
0 
0 
0 
0 
0 
0 
0 
0 
0 
0 
0 
0 
0 
0 
0 
0 
0 
0 
0 
0 
0 
0 
0 
0 
0 
0 
0 
0 
0 
0 
0 
0 
0 
0 
0 
0 
0 
0 
0 
0 
0 
0 
0 
0 
0 
0 
0 
0 
0 
0 
0 
0 
0 
0 
0 
0 
0 
0 
0 
0 
0 
0 
0 
0 
0 
0 
0 
0 
0 
0 
0 
0 
0 
0 
0 
0 
0 
0 
0 
0 
0 
0 
0 
0 
0 
0 
0 
0 
0 
0 
0 
0 
0 
0 
0 
0 
0 
0 
0 
0 
0 
0 
0 
0 
0 
0 
0 
0 
0 
0 
0 
0 
0 
0 
0 
0 
0 
0 
0 
0 
0 
0 
0 
0 
0 
0 
0 
0 
0 
0 
0 
0 
0 
0 
0 
0 
0 
0 
0 
0 
0 
0 
0 
0 
0 
0 
0 
0 
0 
0 
0 
0 
0 
0 
0 
0 
0 
0 
0 
0 
0 
0 
0 
0 
0 
0 
0 
0 
0 
0 
0 
0 
0 
0 
0 
0 
0 
0 
0 
0 
0 
0 
0 
0 
0 
0 
0 
0 
0 
0 
0 
0 
0 
0 
0 
0 
0 
0 
0 
0 
0 
0 
0 
0 
0 
0 
0 
0 
0 
0 
0 
0 
0 
0 
0 
0 
0 
0 
0 
0 
0 
0 
0 
0 
0 
0 
0 
0 
0 
0 
0 
0 
0 
0 
0 
0 
0 
0 
0 
0 
0 
0 
0 
0 
0 
0 
0 
0 
0 
0 
0 
0 
0 
0 
0 
0 
0 
0 
0 
0 
0 
0 
0 
0 
0 
0 
0 
0 
0 
0 
0 
0 
0 
0 
0 
0 
0 
0 
0 
0 
0 
0 
0 
0 
0 
0 
0 
0 
0 
0 
0 
0 
0 
0 
0 
0 
0 
0 
0 
0 
0 
0 
0 
0 
0 
0 
0 
0 
0 
0 
0 
0 
0 
0 
0 
0 
0 
0 
0 
0 
0 
0 
0 
0 
0 
0 
0 
0 
0 
0 
0 
0 
0 
0 
0 
0 
0 
0 
0 
0 
0 
0 
0 
0 
0 
0 
0 
0 
0 
0 
0 
0 
0 
0 
0 
0 
0 
0 
0 
0 
0 
0 
0 
0 
0 
0 
0 
0 
0 
0 
0 
0 
0 
0 
0 
0 
0 
0 
0 
0 
0 
0 
0 
0 
0 
0 
0 
0 
0 
0 
0 
0 
0 
0 
0 
0 
0 
0 
0 
0 
0 
0 
0 
0 
0 
0 
0 
0 
0 
0 
0 
0 
0 
0 
0 
0 
0 
0 
0 
0 
0 
0 
0 
0 
0 
0 
0 
0 
0 
0 
0 
0 
0 
0 
0 
0 
0 
0 
0 
0 
0 
0 
0 
0 
0 
0 
0 
0 
0 
0 
0 
0 
0 
0 
0 
0 
0 
0 
0 
0 
0 
0 
0 
0 
0 
0 
0 
0 
0 
0 
0 
0 
0 
0 
0 
0 
0 
0 
0 
0 
0 
0 
0 
0 
0 
0 
0 
0 
0 
0 
0 
0 
0 
0 
0 
0 
0 
0 
0 
0 
0 
0 
0 
0 
0 
0 
0 
0 
0 
0 
0 
0 
0 
0 
0 
0 
0 
0 
0 
0 
0 
0 
0 
0 
0 
0 
0 
0 
0 
0 
0 
0 
0 
0 
0 
0 
0 
0 
0 
0 
0 
0 
0 
0 
0 
0 
0 
0 
0 
0 
0 
0 
0 
0 
0 
0 
0 
0 
0 
0 
0 
0 
0 
0 
0 
0 
0 
0 
0 
0 
0 
0 
0 
0 
0 
0 
0 
0 
0 
0 
0 
0 
0 
0 
0 
0 
0 
0 
0 
0 
0 
0 
0 
0 
0 
0 
0 
0 
0 
0 
0 
0 
0 
0 
0 
0 
0 
0 
0 
0 
0 
0 
0 
0 
0 
0 
0 
0 
0 
0 
0 
0 
0 
0 
0 
0 
0 
0 
0 
0 
0 
0 
0 
0 
0 
0 
0 
0 
0 
0 
0 
0 
0 
0 
0 
0 
0 
0 
0 
0 
0 
0 
0 
0 
0 
0 
0 
0 
0 
0 
0 
0 
0 
0 
0 
0 
0 
0 
0 
0 
0 
0 
0 
0 
0 
0 
0 
0 
0 
0 
0 
0 
0 
0 
0 
0 
0 
0 
0 
0 
0 
0 
0 
0 
0 
0 
0 
0 
0 
0 
0 
0 
0 
0 
0 
0 
0 
0 
0 
0 
0 
0 
0 
0 
0 
0 
0 
0 
0 
0 
0 
0 
0 
0 
0 
0 
0 
0 
0 
0 
0 
0 
0 
0 
0 
0 
0 
0 
0 
0 
0 
0 
0 
0 
0 
0 
0 
0 
0 
0 
0 
0 
0 
0 
0 
0 
0 
0 
0 
0 
0 
0 
0 
0 
0 
0 
0 
0 
0 
0 
0 
0 
0 
0 
0 
0 
0 
0 
0 
0 
0 
0 
0 
0 
0 
0 
0 
0 
0 
0 
0 
0 
0 
0 
0 
0 
0 
0 
0 
0 
0 
0 
0 
0 
0 
0 
0 
0 
0 
0 
0 
0 
0 
0 
0 
0 
0 
0 
0 
0 
0 
0 
0 
0 
0 
0 
0 
0 
0 
0 
0 
0 
0 
0 
0 
0 
0 
0 
0 
0 
0 
0 
0 
0 
0 
0 
0 
0 
0 
0 
0 
0 
0 
0 
0 
0 
0 
0 
0 
0 
0 
0 
0 
0 
0 
0 
0 
0 
0 
0 
0 
0 
0 
0 
0 
0 
0 
0 
0 
0 
0 
0 
0 
0 
0 
0 
0 
0 
0 
0 
0 
0 
0 
0 
0 
0 
0 
0 
0 
0 
0 
0 
0 
0 
0 
0 
0 
0 
0 
0 
0 
0 
0 
0 
0 
0 
0 
0 
0 
0 
0 
0 
0 
0 
0 
0 
0 
0 
0 
0 
0 
0 
0 
0 
0 
0 
0 
0 
0 
0 
0 
0 
0 
0 
0 
0 
0 
0 
0 
0 
0 
0 
0 
0 
0 
0 
0 
0 
0 
0 
0 
0 
0 
0 
0 
0 
0 
0 
0 
0 
0 
0 
0 
0 
0 
0 
0 
0 
0 
0 
0 
0 
0 
0 
0 
0 
0 
0 
0 
0 
0 
0 
0 
0 
0 
0 
0 
0 
0 
0 
0 
0 
0 
0 
0 
0 
0 
0 
0 
0 
0 
0 
0 
0 
0 
0 
0 
0 
0 
0 
0 
0 
0 
0 
0 
0 
0 
0 
0 
0 
0 
0 
0 
0 
0 
0 
0 
0 
0 
0 
0 
0 
0 
0 
0 
0 
0 
0 
0 
0 
0 
0 
0 
0 
0 
0 
0 
0 
0 
0 
0 
0 
0 
0 
0 
0 
0 
0 
0 
0 
0 
0 
0 
0 
0 
0 
0 
0 
0 
0 
0 
0 
0 
0 
0 
0 
0 
0 
0 
0 
0 
0 
0 
0 
0 
0 
0 
0 
0 
0 
0 
0 
0 
0 
0 
0 
0 
0 
0 
0 
0 
0 
0 
0 
0 
0 
0 
0 
0 
0 
0 
0 
0 
0 
0 
0 
0 
0 
0 
0 
0 
0 
0 
0 
0 
0 
0 
0 
0 
0 
0 
0 
0 
0 
0 
0 
0 
0 
0 
0 
0 
0 
0 
0 
0 
0 
0 
0 
0 
0 
0 
0 
0 
0 
0 
0 
0 
0 
0 
0 
0 
0 
0 
0 
0 
0 
0 
0 
0 
0 
0 
0 
0 
0 
0 
0 
0 
0 
0 
0 
0 
0 
0 
0 
0 
0 
0 
0 
0 
0 
0 
0 
0 
0 
0 
0 
0 
0 
0 
0 
0 
0 
0 
0 
0 
0 
0 
0 
0 
0 
0 
0 
0 
0 
0 
0 
0 
0 
0 
0 
0 
0 
0 
0 
0 
0 
0 
0 
0 
0 
0 
0 
0 
0 
0 
0 
0 
0 
0 
0 
0 
0 
0 
0 
0 
0 
0 
0 
0 
0 
0 
0 
0 
0 
0 
0 
0 
0 
0 
0 
0 
0 
0 
0 
0 
0 
0 
0 
0 
0 
0 
0 
0 
0 
0 
0 
0 
0 
0 
0 
0 
0 
0 
0 
0 
0 
0 
0 
0 
0 
0 
0 
0 
0 
0 
0 
0 
0 
0 
0 
0 
0 
0 
0 
0 
0 
0 
0 
0 
0 
0 
0 
0 
0 
0 
0 
0 
0 
0 
0 
0 
0 
0 
0 
0 
0 
0 
0 
0 
0 
0 
0 
0 
0 
0 
0 
0 
0 
0 
0 
0 
0 
0 
0 
0 
0 
0 
0 
0 
0 
0 
0 
0 
0 
0 
0 
0 
0 
0 
0 
0 
0 
0 
0 
0 
0 
0 
0 
0 
0 
0 
0 
0 
0 
0 
0 
0 
0 
0 
0 
0 
0 
0 
0 
0 
0 
0 
0 
0 
0 
0 
0 
0 
0 
0 
0 
0 
0 
0 
0 
0 
0 
0 
0 
0 
0 
0 
0 
0 
0 
0 
0 
0 
0 
0 
0 
0 
0 
0 
0 
0 
0 
0 
0 
0 
0 
0 
0 
0 
0 
0 
0 
0 
0 
0 
0 
0 
0 
0 
0 
0 
0 
0 
0 
0 
0 
0 
0 
0 
0 
0 
0 
0 
0 
0 
0 
0 
0 
0 
0 
0 
0 
0 
0 
0 
0 
0 
0 
0 
0 
0 
0 
0 
0 
0 
0 
0 
0 
0 
0 
0 
0 
0 
0 
0 
0 
0 
0 
0 
0 
0 
0 
0 
0 
0 
0 
0 
0 
0 
0 
0 
0 
0 
0 
0 
0 
0 
0 
0 
0 
0 
0 
0 
0 
0 
0 
0 
0 
0 
0 
0 
0 
0 
0 
0 
0 
0 
0 
0 
0 
0 
0 
0 
0 
0 
0 
0 
0 
0 
0 
0 
0 
0 
0 
0 
0 
0 
0 
0 
0 
0 
0 
0 
0 
0 
0 
0 
0 
0 
0 
0 
0 
0 
0 
0 
0 
0 
0 
0 
0 
0 
0 
0 
0 
0 
0 
0 
0 
0 
0 
0 
0 
0 
0 
0 
0 
0 
0 
0 
0 
0 
0 
0 
0 
0 
0 
0 
0 
0 
0 
0 
0 
0 
0 
0 
0 
0 
0 
0 
0 
0 
0 
0 
0 
0 
0 
0 
0 
0 
0 
0 
0 
0 
0 
0 
0 
0 
0 
0 
0 
0 
0 
0 
0 
0 
0 
0 
0 
0 
0 
0 
0 
0 
0 
0 
0 
0 
0 
0 
0 
0 
0 
0 
0 
0 
0 
0 
0 
0 
0 
0 
0 
0 
0 
0 
0 
0 
0 
0 
0 
0 
0 
0 
0 
0 
0 
0 
0 
0 
0 
0 
0 
0 
0 
0 
0 
0 
0 
0 
0 
0 
0 
0 
0 
0 
0 
0 
0 
0 
0 
0 
0 
0 
0 
0 
0 
0 
0 
0 
0 
0 
0 
0 
0 
0 
0 
0 
0 
0 
0 
0 
0 
0 
0 
0 
0 
0 
0 
0 
0 
0 
0 
0 
0 
0 
0 
0 
0 
0 
0 
0 
0 
0 
0 
0 
0 
0 
0 
0 
0 
0 
0 
0 
0 
0 
0 
0 
0 
0 
0 
0 
0 
0 
0 
0 
0 
0 
0 
0 
0 
0 
0 
0 
0 
0 
0 
0 
0 
0 
0 
0 
0 
0 
0 
0 
0 
0 
0 
0 
0 
0 
0 
0 
0 
0 
0 
0 
0 
0 
0 
0 
0 
0 
0 
0 
0 
0 
0 
0 
0 
0 
0 
0 
0 
0 
0 
0 
0 
0 
0 
0 
0 
0 
0 
0 
0 
0 
0 
0 
0 
0 
0 
0 
0 
0 
0 
0 
0 
0 
0 
0 
0 
0 
0 
0 
0 
0 
0 
0 
0 
0 
0 
0 
0 
0 
0 
0 
0 
0 
0 
0 
0 
0 
0 
0 
0 
0 
0 
0 
0 
0 
0 
0 
0 
0 
0 
0 
0 
0 
0 
0 
0 
0 
0 
0 
0 
0 
0 
0 
0 
0 
0 
0 
0 
0 
0 
0 
0 
0 
0 
0 
0 
0 
0 
0 
0 
0 
0 
0 
0 
0 
0 
0 
0 
0 
0 
0 
0 
0 
0 
0 
0 
0 
0 
0 
0 
0 
0 
0 
0 
0 
0 
0 
0 
0 
0 
0 
0 
0 
0 
0 
0 
0 
0 
0 
0 
0 
0 
0 
0 
0 
0 
0 
0 
0 
0 
0 
0 
0 
0 
0 
0 
0 
0 
0 
0 
0 
0 
0 
0 
0 
0 
0 
0 
0 
0 
0 
0 
0 
0 
0 
0 
0 
0 
0 
0 
0 
0 
0 
0 
0 
0 
0 
0 
0 
0 
0 
0 
0 
0 
0 
0 
0 
0 
0 
0 
0 
0 
0 
0 
0 
0 
0 
0 
0 
0 
0 
0 
0 
0 
0 
0 
0 
0 
0 
0 
0 
0 
0 
0 
0 
0 
0 
0 
0 
0 
0 
0 
0 
0 
0 
0 
0 
0 
0 
0 
0 
0 
0 
0 
0 
0 
0 
0 
0 
0 
0 
0 
0 
0 
0 
0 
0 
0 
0 
0 
0 
0 
0 
0 
0 
0 
0 
0 
0 
0 
0 
0 
0 
0 
0 
0 
0 
0 
0 
0 
0 
0 
0 
0 
0 
0 
0 
0 
0 
0 
0 
0 
0 
0 
0 
0 
0 
0 
0 
0 
0 
0 
0 
0 
0 
0 
0 
0 
0 
0 
0 
0 
0 
0 
0 
0 
0 
0 
0 
0 
0 
0 
0 
0 
0 
0 
0 
0 
0 
0 
0 
0 
0 
0 
0 
0 
0 
0 
0 
0 
0 
0 
0 
0 
0 
0 
0 
0 
0 
0 
0 
0 
0 
0 
0 
0 
0 
0 
0 
0 
0 
0 
0 
0 
0 
0 
0 
0 
0 
0 
0 
0 
0 
0 
0 
0 
0 
0 
0 
0 
0 
0 
0 
0 
0 
0 
0 
0 
0 
0 
0 
0 
0 
0 
0 
0 
0 
0 
0 
0 
0 
0 
0 
0 
0 
0 
0 
0 
0 
0 
0 
0 
0 
0 
0 
0 
0 
0 
0 
0 
0 
0 
0 
0 
0 
0 
0 
0 
0 
0 
0 
0 
0 
0 
0 
0 
0 
0 
0 
0 
0 
0 
0 
0 
0 
0 
0 
0 
0 
0 
0 
0 
0 
0 
0 
0 
0 
0 
0 
0 
0 
0 
0 
0 
0 
0 
0 
0 
0 
0 
0 
0 
0 
0 
0 
0 
0 
0 
0 
0 
0 
0 
0 
0 
0 
0 
0 
0 
0 
0 
0 
0 
0 
0 
0 
0 
0 
0 
0 
0 
0 
0 
0 
0 
0 
0 
0 
0 
0 
0 
0 
0 
0 
0 
0 
0 
0 
0 
0 
0 
0 
0 
0 
0 
0 
0 
0 
0 
0 
0 
0 
0 
0 
0 
0 
0 
0 
0 
0 
0 
0 
0 
0 
0 
0 
0 
0 
0 
0 
0 
0 
0 
0 
0 
0 
0 
0 
0 
0 
0 
0 
0 
0 
0 
0 
0 
0 
0 
0 
0 
0 
0 
0 
0 
0 
0 
0 
0 
0 
0 
0 
0 
0 
0 
0 
0 
0 
0 
0 
0 
0 
0 
0 
0 
0 
0 
0 
0 
0 
0 
0 
0 
0 
0 
0 
0 
0 
0 
0 
0 
0 
0 
0 
0 
0 
0 
0 
0 
0 
0 
0 
0 
0 
0 
0 
0 
0 
0 
0 
0 
0 
0 
0 
0 
0 
0 
0 
0 
0 
0 
0 
0 
0 
0 
0 
0 
0 
0 
0 
0 
0 
0 
0 
0 
0 
0 
0 
0 
0 
0 
0 
0 
0 
0 
0 
0 
0 
0 
0 
0 
0 
0 
0 
0 
0 
0 
0 
0 
0 
0 
0 
0 
0 
0 
0 
0 
0 
0 
0 
0 
0 
0 
0 
0 
0 
0 
0 
0 
0 
0 
0 
0 
0 
0 
0 
0 
0 
0 
0 
0 
0 
0 
0 
0 
0 
0 
0 
0 
0 
0 
0 
0 
0 
0 
0 
0 
0 
0 
0 
0 
0 
0 
0 
0 
0 
0 
0 
0 
0 
0 
0 
0 
0 
0 
0 
0 
0 
0 
0 
0 
0 
0 
0 
0 
0 
0 
0 
0 
0 
0 
0 
0 
0 
0 
0 
0 
0 
0 
0 
0 
0 
0 
0 
0 
0 
0 
0 
0 
0 
0 
0 
0 
0 
0 
0 
0 
0 
0 
0 
0 
0 
0 
0 
0 
0 
0 
0 
0 
0 
0 
0 
0 
0 
0 
0 
0 
0 
0 
0 
0 
0 
0 
0 
0 
0 
0 
0 
0 
0 
0 
0 
0 
0 
0 
0 
0 
0 
0 
0 
0 
0 
0 
0 
0 
0 
0 
0 
0 
0 
0 
0 
0 
0 
0 
0 
0 
0 
0 
0 
0 
0 
0 
0 
0 
0 
0 
0 
0 
0 
0 
0 
0 
0 
0 
0 
0 
0 
0 
0 
0 
0 
0 
0 
0 
0 
0 
0 
0 
0 
0 
0 
0 
0 
0 
0 
0 
0 
0 
0 
0 
0 
0 
0 
0 
0 
0 
0 
0 
0 
0 
0 
0 
0 
0 
0 
0 
0 
0 
0 
0 
0 
0 
0 
0 
0 
0 
0 
0 
0 
0 
0 
0 
0 
0 
0 
0 
0 
0 
0 
0 
0 
0 
0 
0 
0 
0 
0 
0 
0 
0 
0 
0 
0 
0 
0 
0 
0 
0 
0 
0 
0 
0 
0 
0 
0 
0 
0 
0 
0 
0 
0 
0 
0 
0 
0 
0 
0 
0 
0 
0 
0 
0 
0 
0 
0 
0 
0 
0 
0 
0 
0 
0 
0 
0 
0 
0 
0 
0 
0 
0 
0 
0 
0 
0 
0 
0 
0 
0 
0 
0 
0 
0 
0 
0 
0 
0 
0 
0 
0 
0 
0 
0 
0 
0 
0 
0 
0 
0 
0 
0 
0 
0 
0 
0 
0 
0 
0 
0 
0 
0 
0 
0 
0 
0 
0 
0 
0 
0 
0 
0 
0 
0 
0 
0 
0 
0 
0 
0 
0 
0 
0 
0 
0 
0 
0 
0 
0 
0 
0 
0 
0 
0 
0 
0 
0 
0 
0 
0 
0 
0 
0 
0 
0 
0 
0 
0 
0 
0 
0 
0 
0 
0 
0 
0 
0 
0 
0 
0 
0 
0 
0 
0 
0 
0 
0 
0 
0 
0 
0 
0 
0 
0 
0 
0 
0 
0 
0 
0 
0 
0 
0 
0 
0 
0 
0 
0 
0 
0 
0 
0 
0 
0 
0 
0 
0 
0 
0 
0 
0 
0 
0 
0 
0 
0 
0 
0 
0 
0 
0 
0 
0 
0 
0 
0 
0 
0 
0 
0 
0 
0 
0 
0 
0 
0 
0 
0 
0 
0 
0 
0 
0 
0 
0 
0 
0 
0 
0 
0 
0 
0 
0 
0 
0 
0 
0 
0 
0 
0 
0 
0 
0 
0 
0 
0 
0 
0 
0 
0 
0 
0 
0 
0 
0 
0 
0 
0 
0 
0 
0 
0 
0 
0 
0 
0 
0 
0 
0 
0 
0 
0 
0 
0 
0 
0 
0 
0 
0 
0 
0 
0 
0 
0 
0 
0 
0 
0 
0 
0 
0 
0 
0 
0 
0 
0 
0 
0 
0 
0 
0 
0 
0 
0 
0 
0 
0 
0 
0 
0 
0 
0 
0 
0 
0 
0 
0 
0 
0 
0 
0 
0 
0 
0 
0 
0 
0 
0 
0 
0 
0 
0 
0 
0 
0 
0 
0 
0 
0 
0 
0 
0 
0 
0 
0 
0 
0 
0 
0 
0 
0 
0 
0 
0 
0 
0 
0 
0 
0 
0 
0 
0 
0 
0 
0 
0 
0 
0 
0 
0 
0 
0 
0 
0 
0 
0 
0 
0 
0 
0 
0 
0 
0 
0 
0 
0 
0 
0 
0 
0 
0 
0 
0 
0 
0 
0 
0 
0 
0 
0 
0 
0 
0 
0 
0 
0 
0 
0 
0 
0 
0 
0 
0 
0 
0 
0 
0 
0 
0 
0 
0 
0 
0 
0 
0 
0 
0 
0 
0 
0 
0 
0 
0 
0 
0 
0 
0 
0 
0 
0 
0 
0 
0 
0 
0 
0 
0 
0 
0 
0 
0 
0 
0 
0 
0 
0 
0 
0 
0 
0 
0 
0 
0 
0 
0 
0 
0 
0 
0 
0 
0 
0 
0 
0 
0 
0 
0 
0 
0 
0 
0 
0 
0 
0 
0 
0 
0 
0 
0 
0 
0 
0 
0 
0 
0 
0 
0 
0 
0 
0 
0 
0 
0 
0 
0 
0 
0 
0 
0 
0 
0 
0 
0 
0 
0 
0 
0 
0 
0 
0 
0 
0 
0 
0 
0 
0 
0 
0 
0 
0 
0 
0 
0 
0 
0 
0 
0 
0 
0 
0 
0 
0 
0 
0 
0 
0 
0 
0 
0 
0 
0 
0 
0 
0 
0 
0 
0 
0 
0 
0 
0 
0 
0 
0 
0 
0 
0 
0 
0 
0 
0 
0 
0 
0 
0 
0 
0 
0 
0 
0 
0 
0 
0 
0 
0 
0 
0 
0 
0 
0 
0 
0 
0 
0 
0 
0 
0 
0 
0 
0 
0 
0 
0 
0 
0 
0 
0 
0 
0 
0 
0 
0 
0 
0 
0 
0 
0 
0 
0 
0 
0 
0 
0 
0 
0 
0 
0 
0 
0 
0 
0 
0 
0 
0 
0 
0 
0 
0 
0 
0 
0 
0 
0 
0 
0 
0 
0 
0 
0 
0 
0 
0 
0 
0 
0 
0 
0 
0 
0 
0 
0 
0 
0 
0 
0 
0 
0 
0 
0 
0 
0 
0 
0 
0 
0 
0 
0 
0 
0 
0 
0 
0 
0 
0 
0 
0 
0 
0 
0 
0 
0 
0 
0 
0 
0 
0 
0 
0 
0 
0 
0 
0 
0 
0 
0 
0 
0 
0 
0 
0 
0 
0 
0 
0 
0 
0 
0 
0 
0 
0 
0 
0 
0 
0 
0 
0 
0 
0 
0 
0 
0 
0 
0 
0 
0 
0 
0 
0 
0 
0 
0 
0 
0 
0 
0 
0 
0 
0 
0 
0 
0 
0 
0 
0 
0 
0 
0 
0 
0 
0 
0 
0 
0 
0 
0 
0 
0 
0 
0 
0 
0 
0 
0 
0 
0 
0 
0 
0 
0 
0 
0 
0 
0 
0 
0 
0 
0 
0 
0 
0 
0 
0 
0 
0 
0 
0 
0 
0 
0 
0 
0 
0 
0 
0 
0 
0 
0 
0 
0 
0 
0 
0 
0 
0 
0 
0 
0 
0 
0 
0 
0 
0 
0 
0 
0 
0 
0 
0 
0 
0 
0 
0 
0 
0 
0 
0 
0 
0 
0 
0 
0 
0 
0 
0 
0 
0 
0 
0 
0 
0 
0 
0 
0 
0 
0 
0 
0 
0 
0 
0 
0 
0 
0 
0 
0 
0 
0 
0 
0 
0 
0 
0 
0 
0 
0 
0 
0 
0 
0 
0 
0 
0 
0 
0 
0 
0 
0 
0 
0 
0 
0 
0 
0 
0 
0 
0 
0 
0 
0 
0 
0 
0 
0 
0 
0 
0 
0 
0 
0 
0 
0 
0 
0 
0 
0 
0 
0 
0 
0 
0 
0 
0 
0 
0 
0 
0 
0 
0 
0 
0 
0 
0 
0 
0 
0 
0 
0 
0 
0 
0 
0 
0 
0 
0 
0 
0 
0 
0 
0 
0 
0 
0 
0 
0 
0 
0 
0 
0 
0 
0 
0 
0 
0 
0 
0 
0 
0 
0 
0 
0 
0 
0 
0 
0 
0 
0 
0 
0 
0 
0 
0 
0 
0 
0 
0 
0 
0 
0 
0 
0 
0 
0 
0 
0 
0 
0 
0 
0 
0 
0 
0 
0 
0 
0 
0 
0 
0 
0 
0 
0 
0 
0 
0 
0 
0 
0 
0 
0 
0 
0 
0 
0 
0 
0 
0 
0 
0 
0 
0 
0 
0 
0 
0 
0 
0 
0 
0 
0 
0 
0 
0 
0 
0 
0 
0 
0 
0 
0 
0 
0 
0 
0 
0 
0 
0 
0 
0 
0 
0 
0 
0 
0 
0 
0 
0 
0 
0 
0 
0 
0 
0 
0 
0 
0 
0 
0 
0 
0 
0 
0 
0 
0 
0 
0 
0 
0 
0 
0 
0 
0 
0 
0 
0 
0 
0 
0 
0 
0 
0 
0 
0 
0 
0 
0 
0 
0 
0 
0 
0 
0 
0 
0 
0 
0 
0 
0 
0 
0 
0 
0 
0 
0 
0 
0 
0 
0 
0 
0 
0 
0 
0 
0 
0 
0 
0 
0 
0 
0 
0 
0 
0 
0 
0 
0 
0 
0 
0 
0 
0 
0 
0 
0 
0 
0 
0 
0 
0 
0 
0 
0 
0 
0 
0 
0 
0 
0 
0 
0 
0 
0 
0 
0 
0 
0 
0 
0 
0 
0 
0 
0 
0 
0 
0 
0 
0 
0 
0 
0 
0 
0 
0 
0 
0 
0 
0 
0 
0 
0 
0 
0 
0 
0 
0 
0 
0 
0 
0 
0 
0 
0 
0 
0 
0 
0 
0 
0 
0 
0 
0 
0 
0 
0 
0 
0 
0 
0 
0 
0 
0 
0 
0 
0 
0 
0 
0 
0 
0 
0 
0 
0 
0 
0 
0 
0 
0 
0 
0 
0 
0 
0 
0 
0 
0 
0 
0 
0 
0 
0 
0 
0 
0 
0 
0 
0 
0 
0 
0 
0 
0 
0 
0 
0 
0 
0 
0 
0 
0 
0 
0 
0 
0 
0 
0 
0 
0 
0 
0 
0 
0 
0 
0 
0 
0 
0 
0 
0 
0 
0 
0 
0 
0 
0 
0 
0 
0 
0 
0 
0 
0 
0 
0 
0 
0 
0 
0 
0 
0 
0 
0 
0 
0 
0 
0 
0 
0 
0 
0 
0 
0 
0 
0 
0 
0 
0 
0 
0 
0 
0 
0 
0 
0 
0 
0 
0 
0 
0 
0 
0 
0 
0 
0 
0 
0 
0 
0 
0 
0 
0 
0 
0 
0 
0 
0 
0 
0 
0 
0 
0 
0 
0 
0 
0 
0 
0 
0 
0 
0 
0 
0 
0 
0 
0 
0 
0 
0 
0 
0 
0 
0 
0 
0 
0 
0 
0 
0 
0 
0 
0 
0 
0 
0 
0 
0 
0 
0 
0 
0 
0 
0 
0 
0 
0 
0 
0 
0 
0 
0 
0 
0 
0 
0 
0 
0 
0 
0 
0 
0 
0 
0 
0 
0 
0 
0 
0 
0 
0 
0 
0 
0 
0 
0 
0 
0 
0 
0 
0 
0 
0 
0 
0 
0 
0 
0 
0 
0 
0 
0 
0 
0 
0 
0 
0 
0 
0 
0 
0 
0 
0 
0 
0 
0 
0 
0 
0 
0 
0 
0 
0 
0 
0 
0 
0 
0 
0 
0 
0 
0 
0 
0 
0 
0 
0 
0 
0 
0 
0 
0 
0 
0 
0 
0 
0 
0 
0 
0 
0 
0 
0 
0 
0 
0 
0 
0 
0 
0 
0 
0 
0 
0 
0 
0 
0 
0 
0 
0 
0 
0 
0 
0 
0 
0 
0 
0 
0 
0 
0 
0 
0 
0 
0 
0 
0 
0 
0 
0 
0 
0 
0 
0 
0 
0 
0 
0 
0 
0 
0 
0 
0 
0 
0 
0 
0 
0 
0 
0 
0 
0 
0 
0 
0 
0 
0 
0 
0 
0 
0 
0 
0 
0 
0 
0 
0 
0 
0 
0 
0 
0 
0 
0 
0 
0 
0 
0 
0 
0 
0 
0 
0 
0 
0 
0 
0 
0 
0 
0 
0 
0 
0 
0 
0 
0 
0 
0 
0 
0 
0 
0 
0 
0 
0 
0 
0 
0 
0 
0 
0 
0 
0 
0 
0 
0 
0 
0 
0 
0 
0 
0 
0 
0 
0 
0 
0 
0 
0 
0 
0 
0 
0 
0 
0 
0 
0 
0 
0 
0 
0 
0 
0 
0 
0 
0 
0 
0 
0 
0 
0 
0 
0 
0 
0 
0 
0 
0 
0 
0 
0 
0 
0 
0 
0 
0 
0 
0 
0 
0 
0 
0 
0 
0 
0 
0 
0 
0 
0 
0 
0 
0 
0 
0 
0 
0 
0 
0 
0 
0 
0 
0 
0 
0 
0 
0 
0 
0 
0 
0 
0 
0 
0 
0 
0 
0 
0 
0 
0 
0 
0 
0 
0 
0 
0 
0 
0 
0 
0 
0 
0 
0 
0 
0 
0 
0 
0 
0 
0 
0 
0 
0 
0 
0 
0 
0 
0 
0 
0 
0 
0 
0 
0 
0 
0 
0 
0 
0 
0 
0 
0 
0 
0 
0 
0 
0 
0 
0 
0 
0 
0 
0 
0 
0 
0 
0 
0 
0 
0 
0 
0 
0 
0 
0 
0 
0 
0 
0 
0 
0 
0 
0 
0 
0 
0 
0 
0 
0 
0 
0 
0 
0 
0 
0 
0 
0 
0 
0 
0 
0 
0 
0 
0 
0 
0 
0 
0 
0 
0 
0 
0 
0 
0 
0 
0 
0 
0 
0 
0 
0 
0 
0 
0 
0 
0 
0 
0 
0 
0 
0 
0 
0 
0 
0 
0 
0 
0 
0 
0 
0 
0 
0 
0 
0 
0 
0 
0 
0 
0 
0 
0 
0 
0 
0 
0 
0 
0 
0 
0 
0 
0 
0 
0 
0 
0 
0 
0 
0 
0 
0 
0 
0 
0 
0 
0 
0 
0 
0 
0 
0 
0 
0 
0 
0 
0 
0 
0 
0 
0 
0 
0 
0 
0 
0 
0 
0 
0 
0 
0 
0 
0 
0 
0 
0 
0 
0 
0 
0 
0 
0 
0 
0 
0 
0 
0 
0 
0 
0 
0 
0 
0 
0 
0 
0 
0 
0 
0 
0 
0 
0 
0 
0 
0 
0 
0 
0 
0 
0 
0 
0 
0 
0 
0 
0 
0 
0 
0 
0 
0 
0 
0 
0 
0 
0 
0 
0 
0 
0 
0 
0 
0 
0 
0 
0 
0 
0 
0 
0 
0 
0 
0 
0 
0 
0 
0 
0 
0 
0 
0 
0 
0 
0 
0 
0 
0 
0 
0 
0 
0 
0 
0 
0 
0 
0 
0 
0 
0 
0 
0 
0 
0 
0 
0 
0 
0 
0 
0 
0 
0 
0 
0 
0 
0 
0 
0 
0 
0 
0 
0 
0 
0 
0 
0 
0 
0 
0 
0 
0 
0 
0 
0 
0 
0 
0 
0 
0 
0 
0 
0 
0 
0 
0 
0 
0 
0 
0 
0 
0 
0 
0 
0 
0 
0 
0 
0 
0 
0 
0 
0 
0 
0 
0 
0 
0 
0 
0 
0 
0 
0 
0 
0 
0 
0 
0 
0 
0 
0 
0 
0 
0 
0 
0 
0 
0 
0 
0 
0 
0 
0 
0 
0 
0 
0 
0 
0 
0 
0 
0 
0 
0 
0 
0 
0 
0 
0 
0 
0 
0 
0 
0 
0 
0 
0 
0 
0 
0 
0 
0 
0 
0 
0 
0 
0 
0 
0 
0 
0 
0 
0 
0 
0 
0 
0 
0 
0 
0 
0 
0 
0 
0 
0 
0 
0 
0 
0 
0 
0 
0 
0 
0 
0 
0 
0 
0 
0 
0 
0 
0 
0 
0 
0 
0 
0 
0 
0 
0 
0 
0 
0 
0 
0 
0 
0 
0 
0 
0 
0 
0 
0 
0 
0 
0 
0 
0 
0 
0 
0 
0 
0 
0 
0 
0 
0 
0 
0 
0 
0 
0 
0 
0 
0 
0 
0 
0 
0 
0 
0 
0 
0 
0 
0 
0 
0 
0 
0 
0 
0 
0 
0 
0 
0 
0 
0 
0 
0 
0 
0 
0 
0 
0 
0 
0 
0 
0 
0 
0 
0 
0 
0 
0 
0 
0 
0 
0 
0 
0 
0 
0 
0 
0 
0 
0 
0 
0 
0 
0 
0 
0 
0 
0 
0 
0 
0 
0 
0 
0 
0 
0 
0 
0 
0 
0 
0 
0 
0 
0 
0 
0 
0 
0 
0 
0 
0 
0 
0 
0 
0 
0 
0 
0 
0 
0 
0 
0 
0 
0 
0 
0 
0 
0 
0 
0 
0 
0 
0 
0 
0 
0 
0 
0 
0 
0 
0 
0 
0 
0 
0 
0 
0 
0 
0 
0 
0 
0 
0 
0 
0 
0 
0 
0 
0 
0 
0 
0 
0 
0 
0 
0 
0 
0 
0 
0 
0 
0 
0 
0 
0 
0 
0 
0 
0 
0 
0 
0 
0 
0 
0 
0 
0 
0 
0 
0 
0 
0 
0 
0 
0 
0 
0 
0 
0 
0 
0 
0 
0 
0 
0 
0 
0 
0 
0 
0 
0 
0 
0 
0 
0 
0 
0 
0 
0 
0 
0 
0 
0 
0 
0 
0 
0 
0 
0 
0 
0 
0 
0 
0 
0 
0 
0 
0 
0 
0 
0 
0 
0 
0 
0 
0 
0 
0 
0 
0 
0 
0 
0 
0 
0 
0 
0 
0 
0 
0 
0 
0 
0 
0 
0 
0 
0 
0 
0 
0 
0 
0 
0 
0 
0 
0 
0 
0 
0 
0 
0 
0 
0 
0 
0 
0 
0 
0 
0 
0 
0 
0 
0 
0 
0 
0 
0 
0 
0 
0 
0 
0 
0 
0 
0 
0 
0 
0 
0 
0 
0 
0 
0 
0 
0 
0 
0 
0 
0 
0 
0 
0 
0 
0 
0 
0 
0 
0 
0 
0 
0 
0 
0 
0 
0 
0 
0 
0 
0 
0 
0 
0 
0 
0 
0 
0 
0 
0 
0 
0 
0 
0 
0 
0 
0 
0 
0 
0 
0 
0 
0 
0 
0 
0 
0 
0 
0 
0 
0 
0 
0 
0 
0 
0 
0 
0 
0 
0 
0 
0 
0 
0 
0 
0 
0 
0 
0 
0 
0 
0 
0 
0 
0 
0 
0 
0 
0 
0 
0 
0 
0 
0 
0 
0 
0 
0 
0 
0 
0 
0 
0 
0 
0 
0 
0 
0 
0 
0 
0 
0 
0 
0 
0 
0 
0 
0 
0 
0 
0 
0 
0 
0 
0 
0 
0 
0 
0 
0 
0 
0 
0 
0 
0 
0 
0 
0 
0 
0 
0 
0 
0 
0 
0 
0 
0 
0 
0 
0 
0 
0 
0 
0 
0 
0 
0 
0 
0 
0 
0 
0 
0 
0 
0 
0 
0 
0 
0 
0 
0 
0 
0 
0 
0 
0 
0 
0 
0 
0 
0 
0 
0 
0 
0 
0 
0 
0 
0 
0 
0 
0 
0 
0 
0 
0 
0 
0 
0 
0 
0 
0 
0 
0 
0 
0 
0 
0 
0 
0 
0 
0 
0 
0 
0 
0 
0 
0 
0 
0 
0 
0 
0 
0 
0 
0 
0 
0 
0 
0 
0 
0 
0 
0 
0 
0 
0 
0 
0 
0 
0 
0 
0 
0 
0 
0 
0 
0 
0 
0 
0 
0 
0 
0 
0 
0 
0 
0 
0 
0 
0 
0 
0 
0 
0 
0 
0 
0 
0 
0 
0 
0 
0 
0 
0 
0 
0 
0 
0 
0 
0 
0 
0 
0 
0 
0 
0 
0 
0 
0 
0 
0 
0 
0 
0 
0 
0 
0 
0 
0 
0 
0 
0 
0 
0 
0 
0 
0 
0 
0 
0 
0 
0 
0 
0 
0 
0 
0 
0 
0 
0 
0 
0 
0 
0 
0 
0 
0 
0 
0 
0 
0 
0 
0 
0 
0 
0 
0 
0 
0 
0 
0 
0 
0 
0 
0 
0 
0 
0 
0 
0 
0 
0 
0 
0 
0 
0 
0 
0 
0 
0 
0 
0 
0 
0 
0 
0 
0 
0 
0 
0 
0 
0 
0 
0 
0 
0 
0 
0 
0 
0 
0 
0 
0 
0 
0 
0 
0 
0 
0 
0 
0 
0 
0 
0 
0 
0 
0 
0 
0 
0 
0 
0 
0 
0 
0 
0 
0 
0 
0 
0 
0 
0 
0 
0 
0 
0 
0 
0 
0 
0 
0 
0 
0 
0 
0 
0 
0 
0 
0 
0 
0 
0 
0 
0 
0 
0 
0 
0 
0 
0 
0 
0 
0 
0 
0 
0 
0 
0 
0 
0 
0 
0 
0 
0 
0 
0 
0 
0 
0 
0 
0 
0 
0 
0 
0 
0 
0 
0 
0 
0 
0 
0 
0 
0 
0 
0 
0 
0 
0 
0 
0 
0 
0 
0 
0 
0 
0 
0 
0 
0 
0 
0 
0 
0 
0 
0 
0 
0 
0 
0 
0 
0 
0 
0 
0 
0 
0 
0 
0 
0 
0 
0 
0 
0 
0 
0 
0 
0 
0 
0 
0 
0 
0 
0 
0 
0 
0 
0 
0 
0 
0 
0 
0 
0 
0 
0 
0 
0 
0 
0 
0 
0 
0 
0 
0 
0 
0 
0 
0 
0 
0 
0 
0 
0 
0 
0 
0 
0 
0 
0 
0 
0 
0 
0 
0 
0 
0 
0 
0 
0 
0 
0 
0 
0 
0 
0 
0 
0 
0 
0 
0 
0 
0 
0 
0 
0 
0 
0 
0 
0 
0 
0 
0 
0 
0 
0 
0 
0 
0 
0 
0 
0 
0 
0 
0 
0 
0 
0 
0 
0 
0 
0 
0 
0 
0 
0 
0 
0 
0 
0 
0 
0 
0 
0 
0 
0 
0 
0 
0 
0 
0 
0 
0 
0 
0 
0 
0 
0 
0 
0 
0 
0 
0 
0 
0 
0 
0 
0 
0 
0 
0 
0 
0 
0 
0 
0 
0 
0 
0 
0 
0 
0 
0 
0 
0 
0 
0 
0 
0 
0 
0 
0 
0 
0 
0 
0 
0 
0 
0 
0 
0 
0 
0 
0 
0 
0 
0 
0 
0 
0 
0 
0 
0 
0 
0 
0 
0 
0 
0 
0 
0 
0 
0 
0 
0 
0 
0 
0 
0 
0 
0 
0 
0 
0 
0 
0 
0 
0 
0 
0 
0 
0 
0 
0 
0 
0 
0 
0 
0 
0 
0 
0 
0 
0 
0 
0 
0 
0 
0 
0 
0 
0 
0 
0 
0 
0 
0 
0 
0 
0 
0 
0 
0 
0 
0 
0 
0 
0 
0 
0 
0 
0 
0 
0 
0 
0 
0 
0 
0 
0 
0 
0 
0 
0 
0 
0 
0 
0 
0 
0 
0 
0 
0 
0 
0 
0 
0 
0 
0 
0 
0 
0 
0 
0 
0 
0 
0 
0 
0 
0 
0 
0 
0 
0 
0 
0 
0 
0 
0 
0 
0 
0 
0 
0 
0 
0 
0 
0 
0 
0 
0 
0 
0 
0 
0 
0 
0 
0 
0 
0 
0 
0 
0 
0 
0 
0 
0 
0 
0 
0 
0 
0 
0 
0 
0 
0 
0 
0 
0 
0 
0 
0 
0 
0 
0 
0 
0 
0 
0 
0 
0 
0 
0 
0 
0 
0 
0 
0 
0 
0 
0 
0 
0 
0 
0 
0 
0 
0 
0 
0 
0 
0 
0 
0 
0 
0 
0 
0 
0 
0 
0 
0 
0 
0 
0 
0 
0 
0 
0 
0 
0 
0 
0 
0 
0 
0 
0 
0 
0 
0 
0 
0 
0 
0 
0 
0 
0 
0 
0 
0 
0 
0 
0 
0 
0 
0 
0 
0 
0 
0 
0 
0 
0 
0 
0 
0 
0 
0 
0 
0 
0 
0 
0 
0 
0 
0 
0 
0 
0 
0 
0 
0 
0 
0 
0 
0 
0 
0 
0 
0 
0 
0 
0 
0 
0 
0 
0 
0 
0 
0 
0 
0 
0 
0 
0 
0 
0 
0 
0 
0 
0 
0 
0 
0 
0 
0 
0 
0 
0 
0 
0 
0 
0 
0 
0 
0 
0 
0 
0 
0 
0 
0 
0 
0 
0 
0 
0 
0 
0 
0 
0 
0 
0 
0 
0 
0 
0 
0 
0 
0 
0 
0 
0 
0 
0 
0 
0 
0 
0 
0 
0 
0 
0 
0 
0 
0 
0 
0 
0 
0 
0 
0 
0 
0 
0 
0 
0 
0 
0 
0 
0 
0 
0 
0 
0 
0 
0 
0 
0 
0 
0 
0 
0 
0 
0 
0 
0 
0 
0 
0 
0 
0 
0 
0 
0 
0 
0 
0 
0 
0 
0 
0 
0 
0 
0 
0 
0 
0 
0 
0 
0 
0 
0 
0 
0 
0 
0 
0 
0 
0 
0 
0 
0 
0 
0 
0 
0 
0 
0 
0 
0 
0 
0 
0 
0 
0 
0 
0 
0 
0 
0 
0 
0 
0 
0 
0 
0 
0 
0 
0 
0 
0 
0 
0 
0 
0 
0 
0 
0 
0 
0 
0 
0 
0 
0 
0 
0 
0 
0 
0 
0 
0 
0 
0 
0 
0 
0 
0 
0 
0 
0 
0 
0 
0 
0 
0 
0 
0 
0 
0 
0 
0 
0 
0 
0 
0 
0 
0 
0 
0 
0 
0 
0 
0 
0 
0 
0 
0 
0 
0 
0 
0 
0 
0 
0 
0 
0 
0 
0 
0 
0 
0 
0 
0 
0 
0 
0 
0 
0 
0 
0 
0 
0 
0 
0 
0 
0 
0 
0 
0 
0 
0 
0 
0 
0 
0 
0 
0 
0 
0 
0 
0 
0 
0 
0 
0 
0 
0 
0 
0 
0 
0 
0 
0 
0 
0 
0 
0 
0 
0 
0 
0 
0 
0 
0 
0 
0 
0 
0 
0 
0 
0 
0 
0 
0 
0 
0 
0 
0 
0 
0 
0 
0 
0 
0 
0 
0 
0 
0 
0 
0 
0 
0 
0 
0 
0 
0 
0 
0 
0 
0 
0 
0 
0 
0 
0 
0 
0 
0 
0 
0 
0 
0 
0 
0 
0 
0 
0 
0 
0 
0 
0 
0 
0 
0 
0 
0 
0 
0 
0 
0 
0 
0 
0 
0 
0 
0 
0 
0 
0 
0 
0 
0 
0 
0 
0 
0 
0 
0 
0 
0 
0 
0 
0 
0 
0 
0 
0 
0 
0 
0 
0 
0 
0 
0 
0 
0 
0 
0 
0 
0 
0 
0 
0 
0 
0 
0 
0 
0 
0 
0 
0 
0 
0 
0 
0 
0 
0 
0 
0 
0 
0 
0 
0 
0 
0 
0 
0 
0 
0 
0 
0 
0 
0 
0 
0 
0 
0 
0 
0 
0 
0 
0 
0 
0 
0 
0 
0 
0 
0 
0 
0 
0 
0 
0 
0 
0 
0 
0 
0 
0 
0 
0 
0 
0 
0 
0 
0 
0 
0 
0 
0 
0 
0 
0 
0 
0 
0 
0 
0 
0 
0 
0 
0 
0 
0 
0 
0 
0 
0 
0 
0 
0 
0 
0 
0 
0 
0 
0 
0 
0 
0 
0 
0 
0 
0 
0 
0 
0 
0 
0 
0 
0 
0 
0 
0 
0 
0 
0 
0 
0 
0 
0 
0 
0 
0 
0 
0 
0 
0 
0 
0 
0 
0 
0 
0 
0 
0 
0 
0 
0 
0 
0 
0 
0 
0 
0 
0 
0 
0 
0 
0 
0 
0 
0 
0 
0 
0 
0 
0 
0 
0 
0 
0 
0 
0 
0 
0 
0 
0 
0 
0 
0 
0 
0 
0 
0 
0 
0 
0 
0 
0 
0 
0 
0 
0 
0 
0 
0 
0 
0 
0 
0 
0 
0 
0 
0 
0 
0 
0 
0 
0 
0 
0 
0 
0 
0 
0 
0 
0 
0 
0 
0 
0 
0 
0 
0 
0 
0 
0 
0 
0 
0 
0 
0 
0 
0 
0 
0 
0 
0 
0 
0 
0 
0 
0 
0 
0 
0 
0 
0 
0 
0 
0 
0 
0 
0 
0 
0 
0 
0 
0 
0 
0 
0 
0 
0 
0 
0 
0 
0 
0 
0 
0 
0 
0 
0 
0 
0 
0 
0 
0 
0 
0 
0 
0 
0 
0 
0 
0 
0 
0 
0 
0 
0 
0 
0 
0 
0 
0 
0 
0 
0 
0 
0 
0 
0 
0 
0 
0 
0 
0 
0 
0 
0 
0 
0 
0 
0 
0 
0 
0 
0 
0 
0 
0 
0 
0 
0 
0 
0 
0 
0 
0 
0 
0 
0 
0 
0 
0 
0 
0 
0 
0 
0 
0 
0 
0 
0 
0 
0 
0 
0 
0 
0 
0 
0 
0 
0 
0 
0 
0 
0 
0 
0 
0 
0 
0 
0 
0 
0 
0 
0 
0 
0 
0 
0 
0 
0 
0 
0 
0 
0 
0 
0 
0 
0 
0 
0 
0 
0 
0 
0 
0 
0 
0 
0 
0 
0 
0 
0 
0 
0 
0 
0 
0 
0 
0 
0 
0 
0 
0 
0 
0 
0 
0 
0 
0 
0 
0 
0 
0 
0 
0 
0 
0 
0 
0 
0 
0 
0 
0 
0 
0 
0 
0 
0 
0 
0 
0 
0 
0 
0 
0 
0 
0 
0 
0 
0 
0 
0 
0 
0 
0 
0 
0 
0 
0 
0 
0 
0 
0 
0 
0 
0 
0 
0 
0 
0 
0 
0 
0 
0 
0 
0 
0 
0 
0 
0 
0 
0 
0 
0 
0 
0 
0 
0 
0 
0 
0 
0 
0 
0 
0 
0 
0 
0 
0 
0 
0 
0 
0 
0 
0 
0 
0 
0 
0 
0 
0 
0 
0 
0 
0 
0 
0 
0 
0 
0 
0 
0 
0 
0 
0 
0 
0 
0 
0 
0 
0 
0 
0 
0 
0 
0 
0 
0 
0 
0 
0 
0 
0 
0 
0 
0 
0 
0 
0 
0 
0 
0 
0 
0 
0 
0 
0 
0 
0 
0 
0 
0 
0 
0 
0 
0 
0 
0 
0 
0 
0 
0 
0 
0 
0 
0 
0 
0 
0 
0 
0 
0 
0 
0 
0 
0 
0 
0 
0 
0 
0 
0 
0 
0 
0 
0 
0 
0 
0 
0 
0 
0 
0 
0 
0 
0 
0 
0 
0 
0 
0 
0 
0 
0 
0 
0 
0 
0 
0 
0 
0 
0 
0 
0 
0 
0 
0 
0 
0 
0 
0 
0 
0 
0 
0 
0 
0 
0 
0 
0 
0 
0 
0 
0 
0 
0 
0 
0 
0 
0 
0 
0 
0 
0 
0 
0 
0 
0 
0 
0 
0 
0 
0 
0 
0 
0 
0 
0 
0 
0 
0 
0 
0 
0 
0 
0 
0 
0 
0 
0 
0 
0 
0 
0 
0 
0 
0 
0 
0 
0 
0 
0 
0 
0 
0 
0 
0 
0 
0 
0 
0 
0 
0 
0 
0 
0 
0 
0 
0 
0 
0 
0 
0 
0 
0 
0 
0 
0 
0 
0 
0 
0 
0 
0 
0 
0 
0 
0 
0 
0 
0 
0 
0 
0 
0 
0 
0 
0 
0 
0 
0 
0 
0 
0 
0 
0 
0 
0 
0 
0 
0 
0 
0 
0 
0 
0 
0 
0 
0 
0 
0 
0 
0 
0 
0 
0 
0 
0 
0 
0 
0 
0 
0 
0 
0 
0 
0 
0 
0 
0 
0 
0 
0 
0 
0 
0 
0 
0 
0 
0 
0 
0 
0 
0 
0 
0 
0 
0 
0 
0 
0 
0 
0 
0 
0 
0 
0 
0 
0 
0 
0 
0 
0 
0 
0 
0 
0 
0 
0 
0 
0 
0 
0 
0 
0 
0 
0 
0 
0 
0 
0 
0 
0 
0 
0 
0 
0 
0 
0 
0 
0 
0 
0 
0 
0 
0 
0 
0 
0 
0 
0 
0 
0 
0 
0 
0 
0 
0 
0 
0 
0 
0 
0 
0 
0 
0 
0 
0 
0 
0 
0 
0 
0 
0 
0 
0 
0 
0 
0 
0 
0 
0 
0 
0 
0 
0 
0 
0 
0 
0 
0 
0 
0 
0 
0 
0 
0 
0 
0 
0 
0 
0 
0 
0 
0 
0 
0 
0 
0 
0 
0 
0 
0 
0 
0 
0 
0 
0 
0 
0 
0 
0 
0 
0 
0 
0 
0 
0 
0 
0 
0 
0 
0 
0 
0 
0 
0 
0 
0 
0 
0 
0 
0 
0 
0 
0 
0 
0 
0 
0 
0 
0 
0 
0 
0 
0 
0 
0 
0 
0 
0 
0 
0 
0 
0 
0 
0 
0 
0 
0 
0 
0 
0 
0 
0 
0 
0 
0 
0 
0 
0 
0 
0 
0 
0 
0 
0 
0 
0 
0 
0 
0 
0 
0 
0 
0 
0 
0 
0 
0 
0 
0 
0 
0 
0 
0 
0 
0 
0 
0 
0 
0 
0 
0 
0 
0 
0 
0 
0 
0 
0 
0 
0 
0 
0 
0 
0 
0 
0 
0 
0 
0 
0 
0 
0 
0 
0 
0 
0 
0 
0 
0 
0 
0 
0 
0 
0 
0 
0 
0 
0 
0 
0 
0 
0 
0 
0 
0 
0 
0 
0 
0 
0 
0 
0 
0 
0 
0 
0 
0 
0 
0 
0 
0 
0 
0 
0 
0 
0 
0 
0 
0 
0 
0 
0 
0 
0 
0 
0 
0 
0 
0 
0 
0 
0 
0 
0 
0 
0 
0 
0 
0 
0 
0 
0 
0 
0 
0 
0 
0 
0 
0 
0 
0 
0 
0 
0 
0 
0 
0 
0 
0 
0 
0 
0 
0 
0 
0 
0 
0 
0 
0 
0 
0 
0 
0 
0 
0 
0 
0 
0 
0 
0 
0 
0 
0 
0 
0 
0 
0 
0 
0 
0 
0 
0 
0 
0 
0 
0 
0 
0 
0 
0 
0 
0 
0 
0 
0 
0 
0 
0 
0 
0 
0 
0 
0 
0 
0 
0 
0 
0 
0 
0 
0 
0 
0 
0 
0 
0 
0 
0 
0 
0 
0 
0 
0 
0 
0 
0 
0 
0 
0 
0 
0 
0 
0 
0 
0 
0 
0 
0 
0 
0 
0 
0 
0 
0 
0 
0 
0 
0 
0 
0 
0 
0 
0 
0 
0 
0 
0 
0 
0 
0 
0 
0 
0 
0 
0 
0 
0 
0 
0 
0 
0 
0 
0 
0 
0 
0 
0 
0 
0 
0 
0 
0 
0 
0 
0 
0 
0 
0 
0 
0 
0 
0 
0 
0 
0 
0 
0 
0 
0 
0 
0 
0 
0 
0 
0 
0 
0 
0 
0 
0 
0 
0 
0 
0 
0 
0 
0 
0 
0 
0 
0 
0 
0 
0 
0 
0 
0 
0 
0 
0 
0 
0 
0 
0 
0 
0 
0 
0 
0 
0 
0 
0 
0 
0 
0 
0 
0 
0 
0 
0 
0 
0 
0 
0 
0 
0 
0 
0 
0 
0 
0 
0 
0 
0 
0 
0 
0 
0 
0 
0 
0 
0 
0 
0 
0 
0 
0 
0 
0 
0 
0 
0 
0 
0 
0 
0 
0 
0 
0 
0 
0 
0 
0 
0 
0 
0 
0 
0 
0 
0 
0 
0 
0 
0 
0 
0 
0 
0 
0 
0 
0 
0 
0 
0 
0 
0 
0 
0 
0 
0 
0 
0 
0 
0 
0 
0 
0 
0 
0 
0 
0 
0 
0 
0 
0 
0 
0 
0 
0 
0 
0 
0 
0 
0 
0 
0 
0 
0 
0 
0 
0 
0 
0 
0 
0 
0 
0 
0 
0 
0 
0 
0 
0 
0 
0 
0 
0 
0 
0 
0 
0 
0 
0 
0 
0 
0 
0 
0 
0 
0 
0 
0 
0 
0 
0 
0 
0 
0 
0 
0 
0 
0 
0 
0 
0 
0 
0 
0 
0 
0 
0 
0 
0 
0 
0 
0 
0 
0 
0 
0 
0 
0 
0 
0 
0 
0 
0 
0 
0 
0 
0 
0 
0 
0 
0 
0 
0 
0 
0 
0 
0 
0 
0 
0 
0 
0 
0 
0 
0 
0 
0 
0 
0 
0 
0 
0 
0 
0 
0 
0 
0 
0 
0 
0 
0 
0 
0 
0 
0 
0 
0 
0 
0 
0 
0 
0 
0 
0 
0 
0 
0 
0 
0 
0 
0 
0 
0 
0 
0 
0 
0 
0 
0 
0 
0 
0 
0 
0 
0 
0 
0 
0 
0 
0 
0 
0 
0 
0 
0 
0 
0 
0 
0 
0 
0 
0 
0 
0 
0 
0 
0 
0 
0 
0 
0 
0 
0 
0 
0 
0 
0 
0 
0 
0 
0 
0 
0 
0 
0 
0 
0 
0 
0 
0 
0 
0 
0 
0 
0 
0 
0 
0 
0 
0 
0 
0 
0 
0 
0 
0 
0 
0 
0 
0 
0 
0 
0 
0 
0 
0 
0 
0 
0 
0 
0 
0 
0 
0 
0 
0 
0 
0 
0 
0 
0 
0 
0 
0 
0 
0 
0 
0 
0 
0 
0 
0 
0 
0 
0 
0 
0 
0 
0 
0 
0 
0 
0 
0 
0 
0 
0 
0 
0 
0 
0 
0 
0 
0 
0 
0 
0 
0 
0 
0 
0 
0 
0 
0 
0 
0 
0 
0 
0 
0 
0 
0 
0 
0 
0 
0 
0 
0 
0 
0 
0 
0 
0 
0 
0 
0 
0 
0 
0 
0 
0 
0 
0 
0 
0 
0 
0 
0 
0 
0 
0 
0 
0 
0 
0 
0 
0 
0 
0 
0 
0 
0 
0 
0 
0 
0 
0 
0 
0 
0 
0 
0 
0 
0 
0 
0 
0 
0 
0 
0 
0 
0 
0 
0 
0 
0 
0 
0 
0 
0 
0 
0 
0 
0 
0 
0 
0 
0 
0 
0 
0 
0 
0 
0 
0 
0 
0 
0 
0 
0 
0 
0 
0 
0 
0 
0 
0 
0 
0 
0 
0 
0 
0 
0 
0 
0 
0 
0 
0 
0 
0 
0 
0 
0 
0 
0 
0 
0 
0 
0 
0 
0 
0 
0 
0 
0 
0 
0 
0 
0 
0 
0 
0 
0 
0 
0 
0 
0 
0 
0 
0 
0 
0 
0 
0 
0 
0 
0 
0 
0 
0 
0 
0 
0 
0 
0 
0 
0 
0 
0 
0 
0 
0 
0 
0 
0 
0 
0 
0 
0 
0 
0 
0 
0 
0 
0 
0 
0 
0 
0 
0 
0 
0 
0 
0 
0 
0 
0 
0 
0 
0 
0 
0 
0 
0 
0 
0 
0 
0 
0 
0 
0 
0 
0 
0 
0 
0 
0 
0 
0 
0 
0 
0 
0 
0 
0 
0 
0 
0 
0 
0 
0 
0 
0 
0 
0 
0 
0 
0 
0 
0 
0 
0 
0 
0 
0 
0 
0 
0 
0 
0 
0 
0 
0 
0 
0 
0 
0 
0 
0 
0 
0 
0 
0 
0 
0 
0 
0 
0 
0 
0 
0 
0 
0 
0 
0 
0 
0 
0 
0 
0 
0 
0 
0 
0 
0 
0 
0 
0 
0 
0 
0 
0 
0 
0 
0 
0 
0 
0 
0 
0 
0 
0 
0 
0 
0 
0 
0 
0 
0 
0 
0 
0 
0 
0 
0 
0 
0 
0 
0 
0 
0 
0 
0 
0 
0 
0 
0 
0 
0 
0 
0 
0 
0 
0 
0 
0 
0 
0 
0 
0 
0 
0 
0 
0 
0 
0 
0 
0 
0 
0 
0 
0 
0 
0 
0 
0 
0 
0 
0 
0 
0 
0 
0 
0 
0 
0 
0 
0 
0 
0 
0 
0 
0 
0 
0 
0 
0 
0 
0 
0 
0 
0 
0 
0 
0 
0 
0 
0 
0 
0 
0 
0 
0 
0 
0 
0 
0 
0 
0 
0 
0 
0 
0 
0 
0 
0 
0 
0 
0 
0 
0 
0 
0 
0 
0 
0 
0 
0 
0 
0 
0 
0 
0 
0 
0 
0 
0 
0 
0 
0 
0 
0 
0 
0 
0 
0 
0 
0 
0 
0 
0 
0 
0 
0 
0 
0 
0 
0 
0 
0 
0 
0 
0 
0 
0 
0 
0 
0 
0 
0 
0 
0 
0 
0 
0 
0 
0 
0 
0 
0 
0 
0 
0 
0 
0 
0 
0 
0 
0 
0 
0 
0 
0 
0 
0 
0 
0 
0 
0 
0 
0 
0 
0 
0 
0 
0 
0 
0 
0 
0 
0 
0 
0 
0 
0 
0 
0 
0 
0 
0 
0 
0 
0 
0 
0 
0 
0 
0 
0 
0 
0 
0 
0 
0 
0 
0 
0 
0 
0 
0 
0 
0 
0 
0 
0 
0 
0 
0 
0 
0 
0 
0 
0 
0 
0 
0 
0 
0 
0 
0 
0 
0 
0 
0 
0 
0 
0 
0 
0 
0 
0 
0 
0 
0 
0 
0 
0 
0 
0 
0 
0 
0 
0 
0 
0 
0 
0 
0 
0 
0 
0 
0 
0 
0 
0 
0 
0 
0 
0 
0 
0 
0 
0 
0 
0 
0 
0 
0 
0 
0 
0 
0 
0 
0 
0 
0 
0 
0 
0 
0 
0 
0 
0 
0 
0 
0 
0 
0 
0 
0 
0 
0 
0 
0 
0 
0 
0 
0 
0 
0 
0 
0 
0 
0 
0 
0 
0 
0 
0 
0 
0 
0 
0 
0 
0 
0 
0 
0 
0 
0 
0 
0 
0 
0 
0 
0 
0 
0 
0 
0 
0 
0 
0 
0 
0 
0 
0 
0 
0 
0 
0 
0 
0 
0 
0 
0 
0 
0 
0 
0 
0 
0 
0 
0 
0 
0 
0 
0 
0 
0 
0 
0 
0 
0 
0 
0 
0 
0 
0 
0 
0 
0 
0 
0 
0 
0 
0 
0 
0 
0 
0 
0 
0 
0 
0 
0 
0 
0 
0 
0 
0 
0 
0 
0 
0 
0 
0 
0 
0 
0 
0 
0 
0 
0 
0 
0 
0 
0 
0 
0 
0 
0 
0 
0 
0 
0 
0 
0 
0 
0 
0 
0 
0 
0 
0 
0 
0 
0 
0 
0 
0 
0 
0 
0 
0 
0 
0 
0 
0 
0 
0 
0 
0 
0 
0 
0 
0 
0 
0 
0 
0 
0 
0 
0 
0 
0 
0 
0 
0 
0 
0 
0 
0 
0 
0 
0 
0 
0 
0 
0 
0 
0 
0 
0 
0 
0 
0 
0 
0 
0 
0 
0 
0 
0 
0 
0 
0 
0 
0 
0 
0 
0 
0 
0 
0 
0 
0 
0 
0 
0 
0 
0 
0 
0 
0 
0 
0 
0 
0 
0 
0 
0 
0 
0 
0 
0 
0 
0 
0 
0 
0 
0 
0 
0 
0 
0 
0 
0 
0 
0 
0 
0 
0 
0 
0 
0 
0 
0 
0 
0 
0 
0 
0 
0 
0 
0 
0 
0 
0 
0 
0 
0 
0 
0 
0 
0 
0 
0 
0 
0 
0 
0 
0 
0 
0 
0 
0 
0 
0 
0 
0 
0 
0 
0 
0 
0 
0 
0 
0 
0 
0 
0 
0 
0 
0 
0 
0 
0 
0 
0 
0 
0 
0 
0 
0 
0 
0 
0 
0 
0 
0 
0 
0 
0 
0 
0 
0 
0 
0 
0 
0 
0 
0 
0 
0 
0 
0 
0 
0 
0 
0 
0 
0 
0 
0 
0 
0 
0 
0 
0 
0 
0 
0 
0 
0 
0 
0 
0 
0 
0 
0 
0 
0 
0 
0 
0 
0 
0 
0 
0 
0 
0 
0 
0 
0 
0 
0 
0 
0 
0 
0 
0 
0 
0 
0 
0 
0 
0 
0 
0 
0 
0 
0 
0 
0 
0 
0 
0 
0 
0 
0 
0 
0 
0 
0 
0 
0 
0 
0 
0 
0 
0 
0 
0 
0 
0 
0 
0 
0 
0 
0 
0 
0 
0 
0 
0 
0 
0 
0 
0 
0 
0 
0 
0 
0 
0 
0 
0 
0 
0 
0 
0 
0 
0 
0 
0 
0 
0 
0 
0 
0 
0 
0 
0 
0 
0 
0 
0 
0 
0 
0 
0 
0 
0 
0 
0 
0 
0 
0 
0 
0 
0 
0 
0 
0 
0 
0 
0 
0 
0 
0 
0 
0 
0 
0 
0 
0 
0 
0 
0 
0 
0 
0 
0 
0 
0 
0 
0 
0 
0 
0 
0 
0 
0 
0 
0 
0 
0 
0 
0 
0 
0 
0 
0 
0 
0 
0 
0 
0 
0 
0 
0 
0 
0 
0 
0 
0 
0 
0 
0 
0 
0 
0 
0 
0 
0 
0 
0 
0 
0 
0 
0 
0 
0 
0 
0 
0 
0 
0 
0 
0 
0 
0 
0 
0 
0 
0 
0 
0 
0 
0 
0 
0 
0 
0 
0 
0 
0 
0 
0 
0 
0 
0 
0 
0 
0 
0 
0 
0 
0 
0 
0 
0 
0 
0 
0 
0 
0 
0 
0 
0 
0 
0 
0 
0 
0 
0 
0 
0 
0 
0 
0 
0 
0 
0 
0 
0 
0 
0 
0 
0 
0 
0 
0 
0 
0 
0 
0 
0 
0 
0 
0 
0 
0 
0 
0 
0 
0 
0 
0 
0 
0 
0 
0 
0 
0 
0 
0 
0 
0 
0 
0 
0 
0 
0 
0 
0 
0 
0 
0 
0 
0 
0 
0 
0 
0 
0 
0 
0 
0 
0 
0 
0 
0 
0 
0 
0 
0 
0 
0 
0 
0 
0 
0 
0 
0 
0 
0 
0 
0 
0 
0 
0 
0 
0 
0 
0 
0 
0 
0 
0 
0 
0 
0 
0 
0 
0 
0 
0 
0 
0 
0 
0 
0 
0 
0 
0 
0 
0 
0 
0 
0 
0 
0 
0 
0 
0 
0 
0 
0 
0 
0 
0 
0 
0 
0 
0 
0 
0 
0 
0 
0 
0 
0 
0 
0 
0 
0 
0 
0 
0 
0 
0 
0 
0 
0 
0 
0 
0 
0 
0 
0 
0 
0 
0 
0 
0 
0 
0 
0 
0 
0 
0 
0 
0 
0 
0 
0 
0 
0 
0 
0 
0 
0 
0 
0 
0 
0 
0 
0 
0 
0 
0 
0 
0 
0 
0 
0 
0 
0 
0 
0 
0 
0 
0 
0 
0 
0 
0 
0 
0 
0 
0 
0 
0 
0 
0 
0 
0 
0 
0 
0 
0 
0 
0 
0 
0 
0 
0 
0 
0 
0 
0 
0 
0 
0 
0 
0 
0 
0 
0 
0 
0 
0 
0 
0 
0 
0 
0 
0 
0 
0 
0 
0 
0 
0 
0 
0 
0 
0 
0 
0 
0 
0 
0 
0 
0 
0 
0 
0 
0 
0 
0 
0 
0 
0 
0 
0 
0 
0 
0 
0 
0 
0 
0 
0 
0 
0 
0 
0 
0 
0 
0 
0 
0 
0 
0 
0 
0 
0 
0 
0 
0 
0 
0 
0 
0 
0 
0 
0 
0 
0 
0 
0 
0 
0 
0 
0 
0 
0 
0 
0 
0 
0 
0 
0 
0 
0 
0 
0 
0 
0 
0 
0 
0 
0 
0 
0 
0 
0 
0 
0 
0 
0 
0 
0 
0 
0 
0 
0 
0 
0 
0 
0 
0 
0 
0 
0 
0 
0 
0 
0 
0 
0 
0 
0 
0 
0 
0 
0 
0 
0 
0 
0 
0 
0 
0 
0 
0 
0 
0 
0 
0 
0 
0 
0 
0 
0 
0 
0 
0 
0 
0 
0 
0 
0 
0 
0 
0 
0 
0 
0 
0 
0 
0 
0 
0 
0 
0 
0 
0 
0 
0 
0 
0 
0 
0 
0 
0 
0 
0 
0 
0 
0 
0 
0 
0 
0 
0 
0 
0 
0 
0 
0 
0 
0 
0 
0 
0 
0 
0 
0 
0 
0 
0 
0 
0 
0 
0 
0 
0 
0 
0 
0 
0 
0 
0 
0 
0 
0 
0 
0 
0 
0 
0 
0 
0 
0 
0 
0 
0 
0 
0 
0 
0 
0 
0 
0 
0 
0 
0 
0 
0 
0 
0 
0 
0 
0 
0 
0 
0 
0 
0 
0 
0 
0 
0 
0 
0 
0 
0 
0 
0 
0 
0 
0 
0 
0 
0 
0 
0 
0 
0 
0 
0 
0 
0 
0 
0 
0 
0 
0 
0 
0 
0 
0 
0 
0 
0 
0 
0 
0 
0 
0 
0 
0 
0 
0 
0 
0 
0 
0 
0 
0 
0 
0 
0 
0 
0 
0 
0 
0 
0 
0 
0 
0 
0 
0 
0 
0 
0 
0 
0 
0 
0 
0 
0 
0 
0 
0 
0 
0 
0 
0 
0 
0 
0 
0 
0 
0 
0 
0 
0 
0 
0 
0 
0 
0 
0 
0 
0 
0 
0 
0 
0 
0 
0 
0 
0 
0 
0 
0 
0 
0 
0 
0 
0 
0 
0 
0 
0 
0 
0 
0 
0 
0 
0 
0 
0 
0 
0 
0 
0 
0 
0 
0 
0 
0 
0 
0 
0 
0 
0 
0 
0 
0 
0 
0 
0 
0 
0 
0 
0 
0 
0 
0 
0 
0 
0 
0 
0 
0 
0 
0 
0 
0 
0 
0 
0 
0 
0 
0 
0 
0 
0 
0 
0 
0 
0 
0 
0 
0 
0 
0 
0 
0 
0 
0 
0 
0 
0 
0 
0 
0 
0 
0 
0 
0 
0 
0 
0 
0 
0 
0 
0 
0 
0 
0 
0 
0 
0 
0 
0 
0 
0 
0 
0 
0 
0 
0 
0 
0 
0 
0 
0 
0 
0 
0 
0 
0 
0 
0 
0 
0 
0 
0 
0 
0 
0 
0 
0 
0 
0 
0 
0 
0 
0 
0 
0 
0 
0 
0 
0 
0 
0 
0 
0 
0 
0 
0 
0 
0 
0 
0 
0 
0 
0 
0 
0 
0 
0 
0 
0 
0 
0 
0 
0 
0 
0 
0 
0 
0 
0 
0 
0 
0 
0 
0 
0 
0 
0 
0 
0 
0 
0 
0 
0 
0 
0 
0 
0 
0 
0 
0 
0 
0 
0 
0 
0 
0 
0 
0 
0 
0 
0 
0 
0 
0 
0 
0 
0 
0 
0 
0 
0 
0 
0 
0 
0 
0 
0 
0 
0 
0 
0 
0 
0 
0 
0 
0 
0 
0 
0 
0 
0 
0 
0 
0 
0 
0 
0 
0 
0 
0 
0 
0 
0 
0 
0 
0 
0 
0 
0 
0 
0 
0 
0 
0 
0 
0 
0 
0 
0 
0 
0 
0 
0 
0 
0 
0 
0 
0 
0 
0 
0 
0 
0 
0 
0 
0 
0 
0 
0 
0 
0 
0 
0 
0 
0 
0 
0 
0 
0 
0 
0 
0 
0 
0 
0 
0 
0 
0 
0 
0 
0 
0 
0 
0 
0 
0 
0 
0 
0 
0 
0 
0 
0 
0 
0 
0 
0 
0 
0 
0 
0 
0 
0 
0 
0 
0 
0 
0 
0 
0 
0 
0 
0 
0 
0 
0 
0 
0 
0 
0 
0 
0 
0 
0 
0 
0 
0 
0 
0 
0 
0 
0 
0 
0 
0 
0 
0 
0 
0 
0 
0 
0 
0 
0 
0 
0 
0 
0 
0 
0 
0 
0 
0 
0 
0 
0 
0 
0 
0 
0 
0 
0 
0 
0 
0 
0 
0 
0 
0 
0 
0 
0 
0 
0 
0 
0 
0 
0 
0 
0 
0 
0 
0 
0 
0 
0 
0 
0 
0 
0 
0 
0 
0 
0 
0 
0 
0 
0 
0 
0 
0 
0 
0 
0 
0 
0 
0 
0 
0 
0 
0 
0 
0 
0 
0 
0 
0 
0 
0 
0 
0 
0 
0 
0 
0 
0 
0 
0 
0 
0 
0 
0 
0 
0 
0 
0 
0 
0 
0 
0 
0 
0 
0 
0 
0 
0 
0 
0 
0 
0 
0 
0 
0 
0 
0 
0 
0 
0 
0 
0 
0 
0 
0 
0 
0 
0 
0 
0 
0 
0 
0 
0 
0 
0 
0 
0 
0 
0 
0 
0 
0 
0 
0 
0 
0 
0 
0 
0 
0 
0 
0 
0 
0 
0 
0 
0 
0 
0 
0 
0 
0 
0 
0 
0 
0 
0 
0 
0 
0 
0 
0 
0 
0 
0 
0 
0 
0 
0 
0 
0 
0 
0 
0 
0 
0 
0 
0 
0 
0 
0 
0 
0 
0 
0 
0 
0 
0 
0 
0 
0 
0 
0 
0 
0 
0 
0 
0 
0 
0 
0 
0 
0 
0 
0 
0 
0 
0 
0 
0 
0 
0 
0 
0 
0 
0 
0 
0 
0 
0 
0 
0 
0 
0 
0 
0 
0 
0 
0 
0 
0 
0 
0 
0 
0 
0 
0 
0 
0 
0 
0 
0 
0 
0 
0 
0 
0 
0 
0 
0 
0 
0 
0 
0 
0 
0 
0 
0 
0 
0 
0 
0 
0 
0 
0 
0 
0 
0 
0 
0 
0 
0 
0 
0 
0 
0 
0 
0 
0 
0 
0 
0 
0 
0 
0 
0 
0 
0 
0 
0 
0 
0 
0 
0 
0 
0 
0 
0 
0 
0 
0 
0 
0 
0 
0 
0 
0 
0 
0 
0 
0 
0 
0 
0 
0 
0 
0 
0 
0 
0 
0 
0 
0 
0 
0 
0 
0 
0 
0 
0 
0 
0 
0 
0 
0 
0 
0 
0 
0 
0 
0 
0 
0 
0 
0 
0 
0 
0 
0 
0 
0 
0 
0 
0 
0 
0 
0 
0 
0 
0 
0 
0 
0 
0 
0 
0 
0 
0 
0 
0 
0 
0 
0 
0 
0 
0 
0 
0 
0 
0 
0 
0 
0 
0 
0 
0 
0 
0 
0 
0 
0 
0 
0 
0 
0 
0 
0 
0 
0 
0 
0 
0 
0 
0 
0 
0 
0 
0 
0 
0 
0 
0 
0 
0 
0 
0 
0 
0 
0 
0 
0 
0 
0 
0 
0 
0 
0 
0 
0 
0 
0 
0 
0 
0 
0 
0 
0 
0 
0 
0 
0 
0 
0 
0 
0 
0 
0 
0 
0 
0 
0 
0 
0 
0 
0 
0 
0 
0 
0 
0 
0 
0 
0 
0 
0 
0 
0 
0 
0 
0 
0 
0 
0 
0 
0 
0 
0 
0 
0 
0 
0 
0 
0 
0 
0 
0 
0 
0 
0 
0 
0 
0 
0 
0 
0 
0 
0 
0 
0 
0 
0 
0 
0 
0 
0 
0 
0 
0 
0 
0 
0 
0 
0 
0 
0 
0 
0 
0 
0 
0 
0 
0 
0 
0 
0 
0 
0 
0 
0 
0 
0 
0 
0 
0 
0 
0 
0 
0 
0 
0 
0 
0 
0 
0 
0 
0 
0 
0 
0 
0 
0 
0 
0 
0 
0 
0 
0 
0 
0 
0 
0 
0 
0 
0 
0 
0 
0 
0 
0 
0 
0 
0 
0 
0 
0 
0 
0 
0 
0 
0 
0 
0 
0 
0 
0 
0 
0 
0 
0 
0 
0 
0 
0 
0 
0 
0 
0 
0 
0 
0 
0 
0 
0 
0 
0 
0 
0 
0 
0 
0 
0 
0 
0 
0 
0 
0 
0 
0 
0 
0 
0 
0 
0 
0 
0 
0 
0 
0 
0 
0 
0 
0 
0 
0 
0 
0 
0 
0 
0 
0 
0 
0 
0 
0 
0 
0 
0 
0 
0 
0 
0 
0 
0 
0 
0 
0 
0 
0 
0 
0 
0 
0 
0 
0 
0 
0 
0 
0 
0 
0 
0 
0 
0 
0 
0 
0 
0 
0 
0 
0 
0 
0 
0 
0 
0 
0 
0 
0 
0 
0 
0 
0 
0 
0 
0 
0 
0 
0 
0 
0 
0 
0 
0 
0 
0 
0 
0 
0 
0 
0 
0 
0 
0 
0 
0 
0 
0 
0 
0 
0 
0 
0 
0 
0 
0 
0 
0 
0 
0 
0 
0 
0 
0 
0 
0 
0 
0 
0 
0 
0 
0 
0 
0 
0 
0 
0 
0 
0 
0 
0 
0 
0 
0 
0 
0 
0 
0 
0 
0 
0 
0 
0 
0 
0 
0 
0 
0 
0 
0 
0 
0 
0 
0 
0 
0 
0 
0 
0 
0 
0 
0 
0 
0 
0 
0 
0 
0 
0 
0 
0 
0 
0 
0 
0 
0 
0 
0 
0 
0 
0 
0 
0 
0 
0 
0 
0 
0 
0 
0 
0 
0 
0 
0 
0 
0 
0 
0 
0 
0 
0 
0 
0 
0 
0 
0 
0 
0 
0 
0 
0 
0 
0 
0 
0 
0 
0 
0 
0 
0 
0 
0 
0 
0 
0 
0 
0 
0 
0 
0 
0 
0 
0 
0 
0 
0 
0 
0 
0 
0 
0 
0 
0 
0 
0 
0 
0 
0 
0 
0 
0 
0 
0 
0 
0 
0 
0 
0 
0 
0 
0 
0 
0 
0 
0 
0 
0 
0 
0 
0 
0 
0 
0 
0 
0 
0 
0 
0 
0 
0 
0 
0 
0 
0 
0 
0 
0 
0 
0 
0 
0 
0 
0 
0 
0 
0 
0 
0 
0 
0 
0 
0 
0 
0 
0 
0 
0 
0 
0 
0 
0 
0 
0 
0 
0 
0 
0 
0 
0 
0 
0 
0 
0 
0 
0 
0 
0 
0 
0 
0 
0 
0 
0 
0 
0 
0 
0 
0 
0 
0 
0 
0 
0 
0 
0 
0 
0 
0 
0 
0 
0 
0 
0 
0 
0 
0 
0 
0 
0 
0 
0 
0 
0 
0 
0 
0 
0 
0 
0 
0 
0 
0 
0 
0 
0 
0 
0 
0 
0 
0 
0 
0 
0 
0 
0 
0 
0 
0 
0 
0 
0 
0 
0 
0 
0 
0 
0 
0 
0 
0 
0 
0 
0 
0 
0 
0 
0 
0 
0 
0 
0 
0 
0 
0 
0 
0 
0 
0 
0 
0 
0 
0 
0 
0 
0 
0 
0 
0 
0 
0 
0 
0 
0 
0 
0 
0 
0 
0 
0 
0 
0 
0 
0 
0 
0 
0 
0 
0 
0 
0 
0 
0 
0 
0 
0 
0 
0 
0 
0 
0 
0 
0 
0 
0 
0 
0 
0 
0 
0 
0 
0 
0 
0 
0 
0 
0 
0 
0 
0 
0 
0 
0 
0 
0 
0 
0 
0 
0 
0 
0 
0 
0 
0 
0 
0 
0 
0 
0 
0 
0 
0 
0 
0 
0 
0 
0 
0 
0 
0 
0 
0 
0 
0 
0 
0 
0 
0 
0 
0 
0 
0 
0 
0 
0 
0 
0 
0 
0 
0 
0 
0 
0 
0 
0 
0 
0 
0 
0 
0 
0 
0 
0 
0 
0 
0 
0 
0 
0 
0 
0 
0 
0 
0 
0 
0 
0 
0 
0 
0 
0 
0 
0 
0 
0 
0 
0 
0 
0 
0 
0 
0 
0 
0 
0 
0 
0 
0 
0 
0 
0 
0 
0 
0 
0 
0 
0 
0 
0 
0 
0 
0 
0 
0 
0 
0 
0 
0 
0 
0 
0 
0 
0 
0 
0 
0 
0 
0 
0 
0 
0 
0 
0 
0 
0 
0 
0 
0 
0 
0 
0 
0 
0 
0 
0 
0 
0 
0 
0 
0 
0 
0 
0 
0 
0 
0 
0 
0 
0 
0 
0 
0 
0 
0 
0 
0 
0 
0 
0 
0 
0 
0 
0 
0 
0 
0 
0 
0 
0 
0 
0 
0 
0 
0 
0 
0 
0 
0 
0 
0 
0 
0 
0 
0 
0 
0 
0 
0 
0 
0 
0 
0 
0 
0 
0 
0 
0 
0 
0 
0 
0 
0 
0 
0 
0 
0 
0 
0 
0 
0 
0 
0 
0 
0 
0 
0 
0 
0 
0 
0 
0 
0 
0 
0 
0 
0 
0 
0 
0 
0 
0 
0 
0 
0 
0 
0 
0 
0 
0 
0 
0 
0 
0 
0 
0 
0 
0 
0 
0 
0 
0 
0 
0 
0 
0 
0 
0 
0 
0 
0 
0 
0 
0 
0 
0 
0 
0 
0 
0 
0 
0 
0 
0 
0 
0 
0 
0 
0 
0 
0 
0 
0 
0 
0 
0 
0 
0 
0 
0 
0 
0 
0 
0 
0 
0 
0 
0 
0 
0 
0 
0 
0 
0 
0 
0 
0 
0 
0 
0 
0 
0 
0 
0 
0 
0 
0 
0 
0 
0 
0 
0 
0 
0 
0 
0 
0 
0 
0 
0 
0 
0 
0 
0 
0 
0 
0 
0 
0 
0 
0 
0 
0 
0 
0 
0 
0 
0 
0 
0 
0 
0 
0 
0 
0 
0 
0 
0 
0 
0 
0 
0 
0 
0 
0 
0 
0 
0 
0 
0 
0 
0 
0 
0 
0 
0 
0 
0 
0 
0 
0 
0 
0 
0 
0 
0 
0 
0 
0 
0 
0 
0 
0 
0 
0 
0 
0 
0 
0 
0 
0 
0 
0 
0 
0 
0 
0 
0 
0 
0 
0 
0 
0 
0 
0 
0 
0 
0 
0 
0 
0 
0 
0 
0 
0 
0 
0 
0 
0 
0 
0 
0 
0 
0 
0 
0 
0 
0 
0 
0 
0 
0 
0 
0 
0 
0 
0 
0 
0 
0 
0 
0 
0 
0 
0 
0 
0 
0 
0 
0 
0 
0 
0 
0 
0 
0 
0 
0 
0 
0 
0 
0 
0 
0 
0 
0 
0 
0 
0 
0 
0 
0 
0 
0 
0 
0 
0 
0 
0 
0 
0 
0 
0 
0 
0 
0 
0 
0 
0 
0 
0 
0 
0 
0 
0 
0 
0 
0 
0 
0 
0 
0 
0 
0 
0 
0 
0 
0 
0 
0 
0 
0 
0 
0 
0 
0 
0 
0 
0 
0 
0 
0 
0 
0 
0 
0 
0 
0 
0 
0 
0 
0 
0 
0 
0 
0 
0 
0 
0 
0 
0 
0 
0 
0 
0 
0 
0 
0 
0 
0 
0 
0 
0 
0 
0 
0 
0 
0 
0 
0 
0 
0 
0 
0 
0 
0 
0 
0 
0 
0 
0 
0 
0 
0 
0 
0 
0 
0 
0 
0 
0 
0 
0 
0 
0 
0 
0 
0 
0 
0 
0 
0 
0 
0 
0 
0 
0 
0 
0 
0 
0 
0 
0 
0 
0 
0 
0 
0 
0 
0 
0 
0 
0 
0 
0 
0 
0 
0 
0 
0 
0 
0 
0 
0 
0 
0 
0 
0 
0 
0 
0 
0 
0 
0 
0 
0 
0 
0 
0 
0 
0 
0 
0 
0 
0 
0 
0 
0 
0 
0 
0 
0 
0 
0 
0 
0 
0 
0 
0 
0 
0 
0 
0 
0 
0 
0 
0 
0 
0 
0 
0 
0 
0 
0 
0 
0 
0 
0 
0 
0 
0 
0 
0 
0 
0 
0 
0 
0 
0 
0 
0 
0 
0 
0 
0 
0 
0 
0 
0 
0 
0 
0 
0 
0 
0 
0 
0 
0 
0 
0 
0 
0 
0 
0 
0 
0 
0 
0 
0 
0 
0 
0 
0 
0 
0 
0 
0 
0 
0 
0 
0 
0 
0 
0 
0 
0 
0 
0 
0 
0 
0 
0 
0 
0 
0 
0 
0 
0 
0 
0 
0 
0 
0 
0 
0 
0 
0 
0 
0 
0 
0 
0 
0 
0 
0 
0 
0 
0 
0 
0 
0 
0 
0 
0 
0 
0 
0 
0 
0 
0 
0 
0 
0 
0 
0 
0 
0 
0 
0 
0 
0 
0 
0 
0 
0 
0 
0 
0 
0 
0 
0 
0 
0 
0 
0 
0 
0 
0 
0 
0 
0 
0 
0 
0 
0 
0 
0 
0 
0 
0 
0 
0 
0 
0 
0 
0 
0 
0 
0 
0 
0 
0 
0 
0 
0 
0 
0 
0 
0 
0 
0 
0 
0 
0 
0 
0 
0 
0 
0 
0 
0 
0 
0 
0 
0 
0 
0 
0 
0 
0 
0 
0 
0 
0 
0 
0 
0 
0 
0 
0 
0 
0 
0 
0 
0 
0 
0 
0 
0 
0 
0 
0 
0 
0 
0 
0 
0 
0 
0 
0 
0 
0 
0 
0 
0 
0 
0 
0 
0 
0 
0 
0 
0 
0 
0 
0 
0 
0 
0 
0 
0 
0 
0 
0 
0 
0 
0 
0 
0 
0 
0 
0 
0 
0 
0 
0 
0 
0 
0 
0 
0 
0 
0 
0 
0 
0 
0 
0 
0 
0 
0 
0 
0 
0 
0 
0 
0 
0 
0 
0 
0 
0 
0 
0 
0 
0 
0 
0 
0 
0 
0 
0 
0 
0 
0 
0 
0 
0 
0 
0 
0 
0 
0 
0 
0 
0 
0 
0 
0 
0 
0 
0 
0 
0 
0 
0 
0 
0 
0 
0 
0 
0 
0 
0 
0 
0 
0 
0 
0 
0 
0 
0 
0 
0 
0 
0 
0 
0 
0 
0 
0 
0 
0 
0 
0 
0 
0 
0 
0 
0 
0 
0 
0 
0 
0 
0 
0 
0 
0 
0 
0 
0 
0 
0 
0 
0 
0 
0 
0 
0 
0 
0 
0 
0 
0 
0 
0 
0 
0 
0 
0 
0 
0 
0 
0 
0 
0 
0 
0 
0 
0 
0 
0 
0 
0 
0 
0 
0 
0 
0 
0 
0 
0 
0 
0 
0 
0 
0 
0 
0 
0 
0 
0 
0 
0 
0 
0 
0 
0 
0 
0 
0 
0 
0 
0 
0 
0 
0 
0 
0 
0 
0 
0 
0 
0 
0 
0 
0 
0 
0 
0 
0 
0 
0 
0 
0 
0 
0 
0 
0 
0 
0 
0 
0 
0 
0 
0 
0 
0 
0 
0 
0 
0 
0 
0 
0 
0 
0 
0 
0 
0 
0 
0 
0 
0 
0 
0 
0 
0 
0 
0 
0 
0 
0 
0 
0 
0 
0 
0 
0 
0 
0 
0 
0 
0 
0 
0 
0 
0 
0 
0 
0 
0 
0 
0 
0 
0 
0 
0 
0 
0 
0 
0 
0 
0 
0 
0 
0 
0 
0 
0 
0 
0 
0 
0 
0 
0 
0 
0 
0 
0 
0 
0 
0 
0 
0 
0 
0 
0 
0 
0 
0 
0 
0 
0 
0 
0 
0 
0 
0 
0 
0 
0 
0 
0 
0 
0 
0 
0 
0 
0 
0 
0 
0 
0 
0 
0 
0 
0 
0 
0 
0 
0 
0 
0 
0 
0 
0 
0 
0 
0 
0 
0 
0 
0 
0 
0 
0 
0 
0 
0 
0 
0 
0 
0 
0 
0 
0 
0 
0 
0 
0 
0 
0 
0 
0 
0 
0 
0 
0 
0 
0 
0 
0 
0 
0 
0 
0 
0 
0 
0 
0 
0 
0 
0 
0 
0 
0 
0 
0 
0 
0 
0 
0 
0 
0 
0 
0 
0 
0 
0 
0 
0 
0 
0 
0 
0 
0 
0 
0 
0 
0 
0 
0 
0 
0 
0 
0 
0 
0 
0 
0 
0 
0 
0 
0 
0 
0 
0 
0 
0 
0 
0 
0 
0 
0 
0 
0 
0 
0 
0 
0 
0 
0 
0 
0 
0 
0 
0 
0 
0 
0 
0 
0 
0 
0 
0 
0 
0 
0 
0 
0 
0 
0 
0 
0 
0 
0 
0 
0 
0 
0 
0 
0 
0 
0 
0 
0 
0 
0 
0 
0 
0 
0 
0 
0 
0 
0 
0 
0 
0 
0 
0 
0 
0 
0 
0 
0 
0 
0 
0 
0 
0 
0 
0 
0 
0 
0 
0 
0 
0 
0 
0 
0 
0 
0 
0 
0 
0 
0 
0 
0 
0 
0 
0 
0 
0 
0 
0 
0 
0 
0 
0 
0 
0 
0 
0 
0 
0 
0 
0 
0 
0 
0 
0 
0 
0 
0 
0 
0 
0 
0 
0 
0 
0 
0 
0 
0 
0 
0 
0 
0 
0 
0 
0 
0 
0 
0 
0 
0 
0 
0 
0 
0 
0 
0 
0 
0 
0 
0 
0 
0 
0 
0 
0 
0 
0 
0 
0 
0 
0 
0 
0 
0 
0 
0 
0 
0 
0 
0 
0 
0 
0 
0 
0 
0 
0 
0 
0 
0 
0 
0 
0 
0 
0 
0 
0 
0 
0 
0 
0 
0 
0 
0 
0 
0 
0 
0 
0 
0 
0 
0 
0 
0 
0 
0 
0 
0 
0 
0 
0 
0 
0 
0 
0 
0 
0 
0 
0 
0 
0 
0 
0 
0 
0 
0 
0 
0 
0 
0 
0 
0 
0 
0 
0 
0 
0 
0 
0 
0 
0 
0 
0 
0 
0 
0 
0 
0 
0 
0 
0 
0 
0 
0 
0 
0 
0 
0 
0 
0 
0 
0 
0 
0 
0 
0 
0 
0 
0 
0 
0 
0 
0 
0 
0 
0 
0 
0 
0 
0 
0 
0 
0 
0 
0 
0 
0 
0 
0 
0 
0 
0 
0 
0 
0 
0 
0 
0 
0 
0 
0 
0 
0 
0 
0 
0 
0 
0 
0 
0 
0 
0 
0 
0 
0 
0 
0 
0 
0 
0 
0 
0 
0 
0 
0 
0 
0 
0 
0 
0 
0 
0 
0 
0 
0 
0 
0 
0 
0 
0 
0 
0 
0 
0 
0 
0 
0 
0 
0 
0 
0 
0 
0 
0 
0 
0 
0 
0 
0 
0 
0 
0 
0 
0 
0 
0 
0 
0 
0 
0 
0 
0 
0 
0 
0 
0 
0 
0 
0 
0 
0 
0 
0 
0 
0 
0 
0 
0 
0 
0 
0 
0 
0 
0 
0 
0 
0 
0 
0 
0 
0 
0 
0 
0 
0 
0 
0 
0 
0 
0 
0 
0 
0 
0 
0 
0 
0 
0 
0 
0 
0 
0 
0 
0 
0 
0 
0 
0 
0 
0 
0 
0 
0 
0 
0 
0 
0 
0 
0 
0 
0 
0 
0 
0 
0 
0 
0 
0 
0 
0 
0 
0 
0 
0 
0 
0 
0 
0 
0 
0 
0 
0 
0 
0 
0 
0 
0 
0 
0 
0 
0 
0 
0 
0 
0 
0 
0 
0 
0 
0 
0 
0 
0 
0 
0 
0 
0 
0 
0 
0 
0 
0 
0 
0 
0 
0 
0 
0 
0 
0 
0 
0 
0 
0 
0 
0 
0 
0 
0 
0 
0 
0 
0 
0 
0 
0 
0 
0 
0 
0 
0 
0 
0 
0 
0 
0 
0 
0 
0 
0 
0 
0 
0 
0 
0 
0 
0 
0 
0 
0 
0 
0 
0 
0 
0 
0 
0 
0 
0 
0 
0 
0 
0 
0 
0 
0 
0 
0 
0 
0 
0 
0 
0 
0 
0 
0 
0 
0 
0 
0 
0 
0 
0 
0 
0 
0 
0 
0 
0 
0 
0 
0 
0 
0 
0 
0 
0 
0 
0 
0 
0 
0 
0 
0 
0 
0 
0 
0 
0 
0 
0 
0 
0 
0 
0 
0 
0 
0 
0 
0 
0 
0 
0 
0 
0 
0 
0 
0 
0 
0 
0 
0 
0 
0 
0 
0 
0 
0 
0 
0 
0 
0 
0 
0 
0 
0 
0 
0 
0 
0 
0 
0 
0 
0 
0 
0 
0 
0 
0 
0 
0 
0 
0 
0 
0 
0 
0 
0 
0 
0 
0 
0 
0 
0 
0 
0 
0 
0 
0 
0 
0 
0 
0 
0 
0 
0 
0 
0 
0 
0 
0 
0 
0 
0 
0 
0 
0 
0 
0 
0 
0 
0 
0 
0 
0 
0 
0 
0 
0 
0 
0 
0 
0 
0 
0 
0 
0 
0 
0 
0 
0 
0 
0 
0 
0 
0 
0 
0 
0 
0 
0 
0 
0 
0 
0 
0 
0 
0 
0 
0 
0 
0 
0 
0 
0 
0 
0 
0 
0 
0 
0 
0 
0 
0 
0 
0 
0 
0 
0 
0 
0 
0 
0 
0 
0 
0 
0 
0 
0 
0 
0 
0 
0 
0 
0 
0 
0 
0 
0 
0 
0 
0 
0 
0 
0 
0 
0 
0 
0 
0 
0 
0 
0 
0 
0 
0 
0 
0 
0 
0 
0 
0 
0 
0 
0 
0 
0 
0 
0 
0 
0 
0 
0 
0 
0 
0 
0 
0 
0 
0 
0 
0 
0 
0 
0 
0 
0 
0 
0 
0 
0 
0 
0 
0 
0 
0 
0 
0 
0 
0 
0 
0 
0 
0 
0 
0 
0 
0 
0 
0 
0 
0 
0 
0 
0 
0 
0 
0 
0 
0 
0 
0 
0 
0 
0 
0 
0 
0 
0 
0 
0 
0 
0 
0 
0 
0 
0 
0 
0 
0 
0 
0 
0 
0 
0 
0 
0 
0 
0 
0 
0 
0 
0 
0 
0 
0 
0 
0 
0 
0 
0 
0 
0 
0 
0 
0 
0 
0 
0 
0 
0 
0 
0 
0 
0 
0 
0 
0 
0 
0 
0 
0 
0 
0 
0 
0 
0 
0 
0 
0 
0 
0 
0 
0 
0 
0 
0 
0 
0 
0 
0 
0 
0 
0 
0 
0 
0 
0 
0 
0 
0 
0 
0 
0 
0 
0 
0 
0 
0 
0 
0 
0 
0 
0 
0 
0 
0 
0 
0 
0 
0 
0 
0 
0 
0 
0 
0 
0 
0 
0 
0 
0 
0 
0 
0 
0 
0 
0 
0 
0 
0 
0 
0 
0 
0 
0 
0 
0 
0 
0 
0 
0 
0 
0 
0 
0 
0 
0 
0 
0 
0 
0 
0 
0 
0 
0 
0 
0 
0 
0 
0 
0 
0 
0 
0 
0 
0 
0 
0 
0 
0 
0 
0 
0 
0 
0 
0 
0 
0 
0 
0 
0 
0 
0 
0 
0 
0 
0 
0 
0 
0 
0 
0 
0 
0 
0 
0 
0 
0 
0 
0 
0 
0 
0 
0 
0 
0 
0 
0 
0 
0 
0 
0 
0 
0 
0 
0 
0 
0 
0 
0 
0 
0 
0 
0 
0 
0 
0 
0 
0 
0 
0 
0 
0 
0 
0 
0 
0 
0 
0 
0 
0 
0 
0 
0 
0 
0 
0 
0 
0 
0 
0 
0 
0 
0 
0 
0 
0 
0 
0 
0 
0 
0 
0 
0 
0 
0 
0 
0 
0 
0 
0 
0 
0 
0 
0 
0 
0 
0 
0 
0 
0 
0 
0 
0 
0 
0 
0 
0 
0 
0 
0 
0 
0 
0 
0 
0 
0 
0 
0 
0 
0 
0 
0 
0 
0 
0 
0 
0 
0 
0 
0 
0 
0 
0 
0 
0 
0 
0 
0 
0 
0 
0 
0 
0 
0 
0 
0 
0 
0 
0 
0 
0 
0 
0 
0 
0 
0 
0 
0 
0 
0 
0 
0 
0 
0 
0 
0 
0 
0 
0 
0 
0 
0 
0 
0 
0 
0 
0 
0 
0 
0 
0 
0 
0 
0 
0 
0 
0 
0 
0 
0 
0 
0 
0 
0 
0 
0 
0 
0 
0 
0 
0 
0 
0 
0 
0 
0 
0 
0 
0 
0 
0 
0 
0 
0 
0 
0 
0 
0 
0 
0 
0 
0 
0 
0 
0 
0 
0 
0 
0 
0 
0 
0 
0 
0 
0 
0 
0 
0 
0 
0 
0 
0 
0 
0 
0 
0 
0 
0 
0 
0 
0 
0 
0 
0 
0 
0 
0 
0 
0 
0 
0 
0 
0 
0 
0 
0 
0 
0 
0 
0 
0 
0 
0 
0 
0 
0 
0 
0 
0 
0 
0 
0 
0 
0 
0 
0 
0 
0 
0 
0 
0 
0 
0 
0 
0 
0 
0 
0 
0 
0 
0 
0 
0 
0 
0 
0 
0 
0 
0 
0 
0 
0 
0 
0 
0 
0 
0 
0 
0 
0 
0 
0 
0 
0 
0 
0 
0 
0 
0 
0 
0 
0 
0 
0 
0 
0 
0 
0 
0 
0 
0 
0 
0 
0 
0 
0 
0 
0 
0 
0 
0 
0 
0 
0 
0 
0 
0 
0 
0 
0 
0 
0 
0 
0 
0 
0 
0 
0 
0 
0 
0 
0 
0 
0 
0 
0 
0 
0 
0 
0 
0 
0 
0 
0 
0 
0 
0 
0 
0 
0 
0 
0 
0 
0 
0 
0 
0 
0 
0 
0 
0 
0 
0 
0 
0 
0 
0 
0 
0 
0 
0 
0 
0 
0 
0 
0 
0 
0 
0 
0 
0 
0 
0 
0 
0 
0 
0 
0 
0 
0 
0 
0 
0 
0 
0 
0 
0 
0 
0 
0 
0 
0 
0 
0 
0 
0 
0 
0 
0 
0 
0 
0 
0 
0 
0 
0 
0 
0 
0 
0 
0 
0 
0 
0 
0 
0 
0 
0 
0 
0 
0 
0 
0 
0 
0 
0 
0 
0 
0 
0 
0 
0 
0 
0 
0 
0 
0 
0 
0 
0 
0 
0 
0 
0 
0 
0 
0 
0 
0 
0 
0 
0 
0 
0 
0 
0 
0 
0 
0 
0 
0 
0 
0 
0 
0 
0 
0 
0 
0 
0 
0 
0 
0 
0 
0 
0 
0 
0 
0 
0 
0 
0 
0 
0 
0 
0 
0 
0 
0 
0 
0 
0 
0 
0 
0 
0 
0 
0 
0 
0 
0 
0 
0 
0 
0 
0 
0 
0 
0 
0 
0 
0 
0 
0 
0 
0 
0 
0 
0 
0 
0 
0 
0 
0 
0 
0 
0 
0 
0 
0 
0 
0 
0 
0 
0 
0 
0 
0 
0 
0 
0 
0 
0 
0 
0 
0 
0 
0 
0 
0 
0 
0 
0 
0 
0 
0 
0 
0 
0 
0 
0 
0 
0 
0 
0 
0 
0 
0 
0 
0 
0 
0 
0 
0 
0 
0 
0 
0 
0 
0 
0 
0 
0 
0 
0 
0 
0 
0 
0 
0 
0 
0 
0 
0 
0 
0 
0 
0 
0 
0 
0 
0 
0 
0 
0 
0 
0 
0 
0 
0 
0 
0 
0 
0 
0 
0 
0 
0 
0 
0 
0 
0 
0 
0 
0 
0 
0 
0 
0 
0 
0 
0 
0 
0 
0 
0 
0 
0 
0 
0 
0 
0 
0 
0 
0 
0 
0 
0 
0 
0 
0 
0 
0 
0 
0 
0 
0 
0 
0 
0 
0 
0 
0 
0 
0 
0 
0 
0 
0 
0 
0 
0 
0 
0 
0 
0 
0 
0 
0 
0 
0 
0 
0 
0 
0 
0 
0 
0 
0 
0 
0 
0 
0 
0 
0 
0 
0 
0 
0 
0 
0 
0 
0 
0 
0 
0 
0 
0 
0 
0 
0 
0 
0 
0 
0 
0 
0 
0 
0 
0 
0 
0 
0 
0 
0 
0 
0 
0 
0 
0 
0 
0 
0 
0 
0 
0 
0 
0 
0 
0 
0 
0 
0 
0 
0 
0 
0 
0 
0 
0 
0 
0 
0 
0 
0 
0 
0 
0 
0 
0 
0 
0 
0 
0 
0 
0 
0 
0 
0 
0 
0 
0 
0 
0 
0 
0 
0 
0 
0 
0 
0 
0 
0 
0 
0 
0 
0 
0 
0 
0 
0 
0 
0 
0 
0 
0 
0 
0 
0 
0 
0 
0 
0 
0 
0 
0 
0 
0 
0 
0 
0 
0 
0 
0 
0 
0 
0 
0 
0 
0 
0 
0 
0 
0 
0 
0 
0 
0 
0 
0 
0 
0 
0 
0 
0 
0 
0 
0 
0 
0 
0 
0 
0 
0 
0 
0 
0 
0 
0 
0 
0 
0 
0 
0 
0 
0 
0 
0 
0 
0 
0 
0 
0 
0 
0 
0 
0 
0 
0 
0 
0 
0 
0 
0 
0 
0 
0 
0 
0 
0 
0 
0 
0 
0 
0 
0 
0 
0 
0 
0 
0 
0 
0 
0 
0 
0 
0 
0 
0 
0 
0 
0 
0 
0 
0 
0 
0 
0 
0 
0 
0 
0 
0 
0 
0 
0 
0 
0 
0 
0 
0 
0 
0 
0 
0 
0 
0 
0 
0 
0 
0 
0 
0 
0 
0 
0 
0 
0 
0 
0 
0 
0 
0 
0 
0 
0 
0 
0 
0 
0 
0 
0 
0 
0 
0 
0 
0 
0 
0 
0 
0 
0 
0 
0 
0 
0 
0 
0 
0 
0 
0 
0 
0 
0 
0 
0 
0 
0 
0 
0 
0 
0 
0 
0 
0 
0 
0 
0 
0 
0 
0 
0 
0 
0 
0 
0 
0 
0 
0 
0 
0 
0 
0 
0 
0 
0 
0 
0 
0 
0 
0 
0 
0 
0 
0 
0 
0 
0 
0 
0 
0 
0 
0 
0 
0 
0 
0 
0 
0 
0 
0 
0 
0 
0 
0 
0 
0 
0 
0 
0 
0 
0 
0 
0 
0 
0 
0 
0 
0 
0 
0 
0 
0 
0 
0 
0 
0 
0 
0 
0 
0 
0 
0 
0 
0 
0 
0 
0 
0 
0 
0 
0 
0 
0 
0 
0 
0 
0 
0 
0 
0 
0 
0 
0 
0 
0 
0 
0 
0 
0 
0 
0 
0 
0 
0 
0 
0 
0 
0 
0 
0 
0 
0 
0 
0 
0 
0 
0 
0 
0 
0 
0 
0 
0 
0 
0 
0 
0 
0 
0 
0 
0 
0 
0 
0 
0 
0 
0 
0 
0 
0 
0 
0 
0 
0 
0 
0 
0 
0 
0 
0 
0 
0 
0 
0 
0 
0 
0 
0 
0 
0 
0 
0 
0 
0 
0 
0 
0 
0 
0 
0 
0 
0 
0 
0 
0 
0 
0 
0 
0 
0 
0 
0 
0 
0 
0 
0 
0 
0 
0 
0 
0 
0 
0 
0 
0 
0 
0 
0 
0 
0 
0 
0 
0 
0 
0 
0 
0 
0 
0 
0 
0 
0 
0 
0 
0 
0 
0 
0 
0 
0 
0 
0 
0 
0 
0 
0 
0 
0 
0 
0 
0 
0 
0 
0 
0 
0 
0 
0 
0 
0 
0 
0 
0 
0 
0 
0 
0 
0 
0 
0 
0 
0 
0 
0 
0 
0 
0 
0 
0 
0 
0 
0 
0 
0 
0 
0 
0 
0 
0 
0 
0 
0 
0 
0 
0 
0 
0 
0 
0 
0 
0 
0 
0 
0 
0 
0 
0 
0 
0 
0 
0 
0 
0 
0 
0 
0 
0 
0 
0 
0 
0 
0 
0 
0 
0 
0 
0 
0 
0 
0 
0 
0 
0 
0 
0 
0 
0 
0 
0 
0 
0 
0 
0 
0 
0 
0 
0 
0 
0 
0 
0 
0 
0 
0 
0 
0 
0 
0 
0 
0 
0 
0 
0 
0 
0 
0 
0 
0 
0 
0 
0 
0 
0 
0 
0 
0 
0 
0 
0 
0 
0 
0 
0 
0 
0 
0 
0 
0 
0 
0 
0 
0 
0 
0 
0 
0 
0 
0 
0 
0 
0 
0 
0 
0 
0 
0 
0 
0 
0 
0 
0 
0 
0 
0 
0 
0 
0 
0 
0 
0 
0 
0 
0 
0 
0 
0 
0 
0 
0 
0 
0 
0 
0 
0 
0 
0 
0 
0 
0 
0 
0 
0 
0 
0 
0 
0 
0 
0 
0 
0 
0 
0 
0 
0 
0 
0 
0 
0 
0 
0 
0 
0 
0 
0 
0 
0 
0 
0 
0 
0 
0 
0 
0 
0 
0 
0 
0 
0 
0 
0 
0 
0 
0 
0 
0 
0 
0 
0 
0 
0 
0 
0 
0 
0 
0 
0 
0 
0 
0 
0 
!IDEND=

