!FILE=Disk 
!KIND=Matrix 
!LABORATORY=Oslo Cyclotron Laboratory (OCL) 
!EXPERIMENT=siri2root 
!COMMENT=none
!TIME=2021-01-12 12:46:13
!CALIBRATION EkeV=6, 0.000000E+00, 1.000000E+00, 0.000000E+00
!PRECISION=16
!DIMENSION=1,0:20999
!CHANNEL=(0:20999)
1186.67 
1011.12 
855.119 
737.152 
665.632 
635.028 
638.183 
665.705 
700.017 
729.283 
748.456 
756.507 
757.679 
754.757 
748.992 
742.755 
738.279 
736.677 
738.268 
742.862 
749.944 
758.93 
769.314 
780.534 
791.891 
802.56 
811.707 
818.662 
823.074 
824.86 
824.029 
821.189 
817.803 
815.191 
814.008 
814.449 
816.431 
819.647 
823.606 
827.88 
832.231 
836.564 
840.801 
844.766 
848.135 
850.479 
851.58 
851.571 
850.581 
848.805 
847.067 
846.462 
847.457 
850.062 
854.19 
859.508 
865.43 
871.288 
876.512 
880.731 
883.778 
885.68 
886.545 
886.418 
885.397 
883.776 
881.954 
880.458 
879.814 
880.245 
882.111 
886.093 
892.451 
900.857 
910.678 
921.075 
931.157 
940.148 
947.217 
951.239 
952.297 
952.057 
951.526 
950.964 
950.692 
951.791 
955.708 
962.106 
969.501 
976.802 
983.299 
988.697 
993.184 
997.384 
1002.14 
1008.22 
1016.02 
1025.51 
1036.23 
1047.42 
1058.27 
1068.26 
1077.28 
1085.69 
1094.17 
1103.43 
1113.83 
1125.31 
1137.32 
1149.04 
1159.73 
1169.14 
1177.61 
1185.97 
1195.1 
1205.51 
1217.15 
1229.38 
1240.97 
1250.44 
1256.66 
1259.11 
1257.72 
1253.54 
1249.21 
1246.88 
1247.14 
1250.58 
1258 
1268.89 
1281.45 
1293.71 
1304.11 
1311.76 
1316.47 
1318.68 
1319.32 
1319.58 
1320.6 
1323.15 
1327.56 
1333.63 
1340.69 
1347.82 
1354.11 
1358.92 
1362.1 
1363.99 
1365.39 
1367.27 
1370.37 
1374.91 
1380.47 
1386.06 
1390.36 
1392.52 
1392.51 
1390.5 
1386.86 
1382.48 
1378.19 
1374.19 
1370.07 
1364.91 
1357.82 
1348.57 
1337.82 
1327.12 
1319.1 
1316.58 
1320.77 
1331.49 
1347.84 
1367.86 
1388.81 
1407.84 
1422.75 
1432.29 
1436.01 
1433.86 
1426.65 
1416.32 
1404.66 
1392.92 
1382.07 
1372.87 
1365.75 
1360.84 
1357.92 
1356.48 
1355.83 
1355.28 
1354.25 
1352.34 
1349.31 
1345.06 
1339.63 
1333.15 
1325.79 
1317.8 
1309.49 
1301.24 
1293.46 
1286.41 
1280.15 
1274.44 
1268.89 
1263.07 
1256.8 
1250.22 
1243.84 
1238.4 
1234.53 
1232.43 
1231.73 
1231.57 
1230.86 
1228.7 
1224.64 
1218.8 
1211.79 
1204.49 
1197.64 
1191.59 
1186.43 
1182 
1178.01 
1174.2 
1170.4 
1166.59 
1162.77 
1158.89 
1154.76 
1149.99 
1144.19 
1137.28 
1129.63 
1122.16 
1116.23 
1113.06 
1113.14 
1117.18 
1126.3 
1140.42 
1158.05 
1177 
1194.61 
1208.07 
1215.3 
1215.6 
1208.92 
1196.03 
1179.32 
1162.12 
1147.21 
1136.18 
1129.45 
1126.72 
1127.72 
1131.06 
1133.95 
1134.68 
1133.02 
1129.2 
1123.97 
1118.31 
1113.05 
1108.57 
1104.9 
1101.73 
1098.59 
1095.03 
1090.88 
1086.29 
1081.63 
1077.31 
1073.54 
1070.32 
1067.42 
1064.46 
1061.07 
1057.04 
1052.29 
1046.9 
1041.03 
1034.87 
1028.58 
1022.3 
1016.18 
1010.44 
1005.32 
1001.03 
997.713 
995.376 
993.931 
993.193 
992.924 
992.865 
992.746 
992.29 
991.261 
989.531 
987.119 
984.253 
981.44 
979.433 
978.895 
980.058 
982.806 
986.659 
990.721 
993.905 
995.406 
994.968 
992.508 
988.048 
982.13 
975.637 
969.387 
963.961 
959.618 
956.288 
953.639 
951.248 
948.772 
946.042 
943.105 
940.247 
938.002 
936.898 
937.153 
939.043 
943.006 
948.82 
954.106 
955.203 
950.366 
939.071 
920.362 
893.967 
861.076 
824.234 
787.063 
753.938 
728.896 
713.517 
706.794 
707.539 
713.357 
719.863 
724.028 
724.556 
720.897 
713.352 
703.044 
691.862 
681.858 
674.607 
670.608 
669.444 
670.732 
673.722 
676.489 
677.203 
675.268 
670.745 
664.012 
655.847 
647.184 
638.789 
631.1 
624.233 
618.088 
612.517 
607.477 
603.134 
599.796 
597.691 
596.882 
597.627 
599.308 
600.025 
598.817 
595.561 
589.933 
581.988 
572.488 
562.775 
554.224 
547.753 
543.7 
542.003 
542.533 
544.794 
547.733 
550.489 
552.525 
553.434 
553.057 
551.084 
547.022 
540.883 
533.294 
525.187 
517.615 
511.469 
507.256 
505.032 
504.35 
504.414 
504.403 
503.454 
500.81 
496.191 
489.957 
483.024 
476.567 
471.561 
468.44 
467.185 
467.69 
469.039 
469.802 
469.726 
468.761 
466.515 
463.613 
461.345 
460.332 
460.277 
461.037 
462.264 
462.787 
461.92 
459.637 
456.01 
451.42 
446.609 
442.45 
439.658 
438.36 
438.129 
438.683 
439.809 
440.953 
441.576 
441.505 
440.581 
438.52 
435.33 
431.309 
426.799 
422.107 
417.509 
413.247 
409.569 
406.74 
404.923 
404.088 
404.152 
404.925 
405.996 
406.935 
407.406 
407.263 
406.37 
404.473 
401.531 
397.761 
393.485 
389.093 
384.978 
381.458 
378.715 
376.776 
375.516 
374.684 
373.987 
373.191 
372.199 
371.064 
369.955 
369.044 
368.38 
367.839 
367.148 
365.967 
364.048 
361.357 
358.133 
354.824 
351.92 
349.764 
348.475 
348.008 
348.302 
349.136 
350.085 
350.796 
351.046 
350.74 
349.8 
347.957 
344.826 
340.083 
333.615 
325.591 
316.444 
306.75 
297.02 
287.509 
278.141 
268.579 
258.477 
247.776 
236.84 
226.389 
217.291 
210.271 
205.69 
203.595 
203.941 
206.194 
209.192 
212.041 
214.375 
216.02 
216.923 
217.096 
216.55 
215.317 
213.509 
211.314 
208.955 
206.637 
204.518 
202.693 
201.2 
200.048 
199.239 
198.763 
198.609 
198.77 
199.193 
199.732 
200.19 
200.382 
200.229 
199.643 
198.44 
196.537 
194.013 
191.063 
187.979 
185.101 
182.761 
181.212 
180.581 
180.896 
182.035 
183.709 
185.64 
187.666 
189.693 
191.649 
193.427 
194.847 
195.675 
195.727 
194.944 
193.39 
191.291 
189.001 
186.865 
185.106 
183.762 
182.675 
181.529 
180.014 
178.019 
175.732 
173.591 
172.115 
171.472 
171.408 
171.77 
172.345 
172.618 
172.304 
171.445 
170.276 
169.255 
168.731 
168.716 
169.136 
169.827 
170.387 
170.464 
169.958 
168.983 
167.904 
167.145 
166.932 
167.31 
168.168 
169.18 
169.992 
170.463 
170.63 
170.529 
170.303 
170.234 
170.462 
170.85 
171.016 
170.719 
169.871 
168.327 
166.076 
163.354 
160.59 
158.247 
156.679 
155.957 
155.901 
156.39 
157.335 
158.514 
159.664 
160.581 
161.14 
161.296 
161.039 
160.387 
159.395 
158.163 
156.819 
155.507 
154.36 
153.459 
152.808 
152.32 
151.828 
151.122 
150.031 
148.494 
146.595 
144.556 
142.696 
141.357 
140.775 
141.023 
142.065 
143.727 
145.655 
147.386 
148.512 
148.809 
148.223 
146.864 
145.093 
143.441 
142.355 
142.03 
142.498 
143.629 
145.016 
146.129 
146.608 
146.349 
145.52 
144.621 
144.159 
144.318 
145.252 
147.128 
149.687 
152.26 
154.136 
154.832 
154.202 
152.355 
149.697 
146.912 
144.72 
143.6 
143.693 
144.859 
146.629 
148.194 
148.772 
148.061 
146.115 
143.183 
139.759 
136.452 
133.778 
132.03 
131.307 
131.616 
132.706 
134.02 
135.126 
135.861 
136.169 
136.046 
135.589 
135.016 
134.5 
134.103 
133.808 
133.537 
133.188 
132.68 
131.992 
131.165 
130.297 
129.504 
128.88 
128.454 
128.179 
127.944 
127.598 
126.99 
126.008 
124.603 
122.8 
120.699 
118.476 
116.364 
114.609 
113.413 
112.888 
113.059 
113.835 
114.951 
116.1 
117.058 
117.722 
118.132 
118.456 
118.931 
119.751 
120.971 
122.466 
123.96 
125.094 
125.601 
125.395 
124.477 
122.951 
121.145 
119.523 
118.473 
118.174 
118.657 
119.815 
121.296 
122.478 
122.739 
121.833 
119.791 
116.788 
113.196 
109.533 
106.337 
104.042 
102.888 
102.938 
104.044 
105.773 
107.551 
108.851 
109.452 
109.481 
109.062 
108.327 
107.497 
106.868 
106.683 
106.794 
106.954 
107.057 
106.808 
106.006 
104.957 
104.145 
104.01 
104.78 
106.414 
108.69 
111.162 
113.278 
114.587 
114.883 
114.133 
112.447 
110.194 
107.889 
105.975 
104.684 
104.001 
103.781 
103.94 
104.341 
104.734 
105.004 
105.174 
105.289 
105.395 
105.52 
105.673 
105.838 
105.982 
106.08 
106.126 
106.124 
106.067 
105.912 
105.506 
104.632 
103.222 
101.604 
100.448 
100.239 
101.556 
105.114 
110.996 
118.893 
128.186 
137.817 
146.595 
153.487 
157.97 
160.251 
160.908 
160.258 
158.683 
156.903 
155.304 
153.896 
152.602 
151.288 
149.854 
148.298 
146.735 
145.408 
144.608 
144.543 
145.277 
146.755 
148.785 
151.059 
153.239 
155.031 
156.229 
156.726 
156.493 
155.548 
153.947 
151.779 
149.173 
146.318 
143.478 
140.972 
139.114 
138.124 
138.081 
138.997 
140.812 
143.324 
146.181 
148.927 
151.04 
152.098 
151.942 
150.482 
147.692 
143.953 
140.003 
136.657 
134.585 
134.128 
135.365 
138.153 
142.016 
146.253 
150.179 
153.273 
155.237 
155.959 
155.421 
153.818 
151.644 
149.438 
147.666 
146.671 
146.574 
147.383 
148.972 
150.91 
152.466 
152.954 
152.116 
150.042 
147.103 
144 
141.554 
140.344 
140.548 
141.992 
144.087 
145.956 
146.926 
146.779 
145.537 
143.463 
141.215 
139.495 
138.579 
138.335 
138.603 
139.141 
139.558 
139.677 
139.516 
139.134 
138.698 
138.37 
138.207 
138.143 
138.026 
137.703 
137.11 
136.3 
135.435 
134.789 
134.642 
135.103 
136.16 
137.739 
139.678 
141.739 
143.648 
145.14 
146.047 
146.323 
145.976 
145.061 
143.743 
142.226 
140.645 
139.04 
137.405 
135.731 
134.015 
132.316 
130.809 
129.767 
129.438 
129.907 
131.132 
132.934 
134.961 
136.76 
137.921 
138.219 
137.602 
136.175 
134.287 
132.457 
131.211 
130.908 
131.66 
133.383 
135.794 
138.47 
140.994 
143.042 
144.418 
145.112 
145.265 
144.968 
144.259 
143.227 
141.979 
140.608 
139.208 
137.858 
136.613 
135.479 
134.402 
133.283 
132.022 
130.565 
128.937 
127.262 
125.789 
124.846 
124.677 
125.363 
126.829 
128.809 
130.861 
132.511 
133.438 
133.564 
132.907 
131.563 
129.801 
127.958 
126.309 
125.033 
124.226 
123.925 
124.138 
124.831 
125.913 
127.248 
128.657 
129.921 
130.837 
131.276 
131.204 
130.689 
129.933 
129.141 
128.561 
128.387 
128.491 
128.663 
128.77 
128.619 
128.112 
127.511 
127.143 
127.123 
127.628 
128.885 
130.746 
132.757 
134.472 
135.57 
135.924 
135.519 
134.441 
132.964 
131.442 
130.144 
129.171 
128.437 
127.717 
126.79 
125.594 
124.275 
123.166 
122.594 
122.691 
123.583 
125.432 
128.077 
131.029 
133.758 
135.873 
137.191 
137.661 
137.281 
136.182 
134.669 
133.033 
131.467 
130.095 
128.98 
128.135 
127.545 
127.179 
127.013 
127.047 
127.276 
127.679 
128.21 
128.793 
129.33 
129.724 
129.912 
129.878 
129.616 
129.119 
128.406 
127.508 
126.456 
125.283 
124.044 
122.834 
121.791 
121.077 
120.81 
121.031 
121.739 
122.879 
124.275 
125.659 
126.763 
127.42 
127.601 
127.319 
126.629 
125.683 
124.676 
123.74 
123.083 
122.888 
122.983 
123.131 
123.228 
123.087 
122.621 
122.036 
121.509 
121.122 
120.97 
121.093 
121.516 
122.253 
123.214 
124.219 
125.07 
125.621 
125.808 
125.62 
125.134 
124.557 
124.129 
124.017 
124.278 
124.873 
125.66 
126.337 
126.562 
126.189 
125.226 
123.736 
121.896 
120.003 
118.41 
117.433 
117.264 
117.953 
119.449 
121.563 
123.978 
126.322 
128.222 
129.413 
129.79 
129.341 
128.13 
126.361 
124.31 
122.214 
120.218 
118.387 
116.753 
115.38 
114.408 
113.987 
114.192 
115.173 
117.145 
120.046 
123.497 
126.968 
129.878 
131.755 
132.354 
131.623 
129.672 
126.88 
123.819 
121.075 
119.103 
118.143 
118.25 
119.278 
120.81 
122.38 
123.66 
124.492 
124.827 
124.664 
124.113 
123.405 
122.71 
122.09 
121.568 
121.15 
120.823 
120.553 
120.273 
119.899 
119.364 
118.662 
117.871 
117.16 
116.721 
116.669 
117.03 
117.735 
118.559 
119.202 
119.455 
119.257 
118.699 
118.053 
117.629 
117.603 
118.022 
118.824 
119.812 
120.717 
121.306 
121.533 
121.536 
121.41 
121.214 
121.054 
120.986 
120.95 
120.824 
120.503 
119.973 
119.323 
118.786 
118.645 
119.025 
119.915 
121.246 
122.834 
124.381 
125.475 
125.75 
125.069 
123.479 
121.167 
118.494 
115.915 
113.874 
112.657 
112.343 
112.926 
114.325 
116.31 
118.575 
120.84 
122.885 
124.573 
125.844 
126.707 
127.23 
127.497 
127.575 
127.488 
127.255 
126.92 
126.519 
126.077 
125.622 
125.181 
124.777 
124.419 
124.103 
123.82 
123.562 
123.329 
123.123 
122.944 
122.779 
122.58 
122.267 
121.758 
121.026 
120.115 
119.155 
118.397 
118.133 
118.49 
119.438 
120.821 
122.331 
123.588 
124.309 
124.403 
123.872 
122.783 
121.35 
119.836 
118.45 
117.314 
116.478 
115.949 
115.709 
115.775 
116.017 
116.143 
116.066 
115.702 
114.796 
113.269 
111.332 
109.385 
107.958 
107.498 
108.165 
109.896 
112.444 
115.342 
118.019 
119.964 
120.944 
121.025 
120.29 
118.861 
117.074 
115.357 
114.088 
113.506 
113.683 
114.625 
116.269 
118.372 
120.543 
122.375 
123.586 
124.163 
124.3 
124.127 
123.77 
123.45 
123.26 
123.105 
122.786 
122.084 
120.876 
119.167 
117.11 
114.982 
113.113 
111.801 
111.233 
111.461 
112.46 
114.114 
116.191 
118.377 
120.334 
121.755 
122.507 
122.664 
122.294 
121.494 
120.535 
119.751 
119.331 
119.279 
119.556 
120.092 
120.734 
121.354 
121.912 
122.412 
122.863 
123.264 
123.577 
123.74 
123.765 
123.732 
123.682 
123.757 
124.302 
125.598 
127.678 
130.308 
133.009 
135.158 
136.249 
136.102 
134.578 
131.515 
127.144 
122.059 
116.921 
112.322 
108.707 
106.35 
105.244 
105.152 
105.93 
107.489 
109.586 
111.917 
114.211 
116.24 
117.806 
118.737 
118.912 
118.293 
116.921 
114.954 
112.686 
110.506 
108.812 
107.845 
107.624 
108.115 
109.222 
110.668 
112.107 
113.28 
114.076 
114.558 
114.916 
115.375 
116.084 
117.07 
118.217 
119.296 
120.049 
120.3 
120 
119.211 
118.139 
117.082 
116.306 
115.908 
115.818 
115.976 
116.316 
116.669 
116.884 
116.92 
116.781 
116.499 
116.165 
115.874 
115.676 
115.584 
115.598 
115.719 
115.973 
116.423 
117.145 
118.167 
119.445 
120.848 
122.168 
123.162 
123.652 
123.586 
123.014 
122.12 
121.196 
120.515 
120.237 
120.402 
120.895 
121.408 
121.673 
121.618 
121.24 
120.601 
119.838 
119.229 
119.057 
119.225 
119.476 
119.633 
119.29 
118.117 
116.395 
114.573 
113.046 
112.192 
112.16 
112.963 
114.482 
116.353 
118.094 
119.332 
119.883 
119.709 
118.927 
117.834 
116.713 
115.744 
115.053 
114.688 
114.63 
114.86 
115.344 
115.971 
116.579 
117.02 
117.232 
117.256 
117.125 
116.88 
116.618 
116.431 
116.365 
116.426 
116.577 
116.726 
116.785 
116.721 
116.531 
116.206 
115.747 
115.186 
114.602 
114.17 
114.094 
114.466 
115.262 
116.354 
117.498 
118.387 
118.788 
118.628 
117.926 
116.831 
115.821 
115.499 
116.128 
117.666 
119.883 
122.309 
124.349 
125.54 
125.707 
124.834 
123.042 
120.709 
118.322 
116.289 
114.918 
114.31 
114.336 
114.89 
115.868 
117.052 
118.243 
119.292 
120.042 
120.362 
120.198 
119.528 
118.353 
116.8 
115.097 
113.469 
112.078 
110.994 
110.195 
109.615 
109.231 
109.066 
109.143 
109.548 
110.424 
111.8 
113.541 
115.397 
117.06 
118.262 
118.853 
118.793 
118.173 
117.241 
116.281 
115.488 
114.95 
114.632 
114.411 
114.16 
113.81 
113.383 
112.988 
112.759 
112.761 
113.08 
113.856 
115.075 
116.544 
117.991 
119.082 
119.538 
119.246 
118.145 
116.232 
113.801 
111.392 
109.578 
108.749 
109.021 
110.299 
112.232 
114.258 
115.811 
116.538 
116.338 
115.364 
114.063 
113.012 
112.619 
113.016 
114.108 
115.551 
116.79 
117.358 
117.086 
115.922 
113.923 
111.519 
109.369 
108.004 
107.668 
108.411 
110.124 
112.462 
114.931 
117.076 
118.591 
119.403 
119.624 
119.335 
118.606 
117.622 
116.628 
115.816 
115.279 
115.014 
114.937 
114.917 
114.844 
114.721 
114.643 
114.678 
114.949 
115.65 
116.796 
118.173 
119.476 
120.455 
121.018 
121.198 
121.045 
120.69 
120.367 
120.193 
120.133 
120.095 
119.95 
119.597 
119.02 
118.31 
117.639 
117.186 
117.049 
117.253 
117.75 
118.394 
118.982 
119.361 
119.478 
119.329 
118.964 
118.558 
118.309 
118.298 
118.574 
119.16 
119.903 
120.499 
120.679 
120.346 
119.535 
118.38 
117.126 
116.029 
115.269 
114.918 
114.984 
115.339 
115.721 
115.971 
116.075 
116.091 
116.123 
116.276 
116.607 
117.104 
117.678 
118.137 
118.285 
118.049 
117.449 
116.56 
115.515 
114.448 
113.459 
112.606 
111.931 
111.475 
111.27 
111.325 
111.638 
112.184 
112.887 
113.632 
114.31 
114.841 
115.187 
115.345 
115.325 
115.165 
114.948 
114.73 
114.529 
114.354 
114.211 
114.104 
114.031 
113.988 
113.964 
113.947 
113.93 
113.913 
113.902 
113.9 
113.934 
114.062 
114.342 
114.8 
115.437 
116.222 
117.074 
117.874 
118.448 
118.617 
118.305 
117.514 
116.266 
114.641 
112.809 
111.04 
109.68 
109.018 
109.165 
110.253 
112.492 
115.804 
119.746 
123.707 
127.062 
129.318 
130.218 
129.701 
127.976 
125.593 
123.155 
121.077 
119.556 
118.577 
117.968 
117.503 
117.036 
116.548 
116.136 
115.941 
116.032 
116.451 
117.2 
118.099 
118.841 
119.188 
119.067 
118.453 
117.352 
115.918 
114.403 
113.056 
112.088 
111.639 
111.756 
112.459 
113.735 
115.441 
117.305 
118.997 
120.217 
120.784 
120.648 
119.912 
118.865 
117.847 
117.102 
116.73 
116.651 
116.676 
116.699 
116.678 
116.562 
116.358 
116.174 
116.149 
116.342 
116.735 
117.253 
117.706 
117.864 
117.628 
117.005 
116.055 
114.927 
113.854 
113.091 
112.81 
113.061 
113.797 
114.864 
116.046 
117.155 
118.067 
118.727 
119.095 
119.12 
118.769 
118.026 
116.895 
115.442 
113.817 
112.259 
111.055 
110.433 
110.471 
111.19 
112.545 
114.307 
116.109 
117.582 
118.455 
118.614 
118.04 
116.803 
115.144 
113.441 
112.107 
111.446 
111.554 
112.436 
113.989 
115.882 
117.654 
118.916 
119.455 
119.221 
118.37 
117.301 
116.422 
115.943 
115.89 
116.238 
116.923 
117.797 
118.696 
119.481 
120.034 
120.27 
120.155 
119.648 
118.689 
117.332 
115.822 
114.514 
113.72 
113.582 
114.121 
115.244 
116.655 
117.965 
118.871 
119.228 
119.012 
118.405 
117.825 
117.589 
117.772 
118.368 
119.289 
120.29 
121.011 
121.157 
120.629 
119.453 
117.738 
115.683 
113.537 
111.555 
109.968 
108.953 
108.599 
108.932 
109.85 
111.048 
112.126 
112.763 
112.805 
112.222 
111.115 
109.806 
108.74 
108.242 
108.415 
109.247 
110.631 
112.297 
113.924 
115.256 
116.146 
116.569 
116.58 
116.212 
115.498 
114.549 
113.558 
112.765 
112.374 
112.459 
113.102 
114.436 
116.418 
118.824 
121.371 
123.781 
125.807 
127.231 
127.899 
127.75 
126.765 
124.985 
122.633 
120.106 
117.863 
116.307 
115.542 
115.386 
115.709 
116.385 
117.094 
117.548 
117.67 
117.473 
117.043 
116.599 
116.342 
116.327 
116.547 
116.935 
117.306 
117.476 
117.38 
117.003 
116.37 
115.648 
115.087 
114.877 
115.079 
115.672 
116.546 
117.48 
118.199 
118.506 
118.34 
117.713 
116.726 
115.629 
114.8 
114.574 
115.073 
116.257 
117.967 
119.911 
121.752 
123.218 
124.171 
124.592 
124.503 
124.067 
123.608 
123.316 
123.197 
123.185 
123.165 
123.002 
122.577 
121.806 
120.653 
119.125 
117.265 
115.131 
112.8 
110.402 
108.143 
106.303 
105.195 
105.047 
105.934 
107.781 
110.322 
113.099 
115.586 
117.338 
118.217 
118.364 
117.887 
116.895 
115.668 
114.509 
113.612 
113.06 
112.854 
112.97 
113.37 
114.002 
114.843 
115.883 
117.056 
118.221 
119.104 
119.393 
118.947 
117.786 
116.04 
113.994 
112.065 
110.717 
110.282 
110.864 
112.368 
114.457 
116.591 
118.205 
118.918 
118.617 
117.406 
115.635 
113.843 
112.585 
112.256 
112.98 
114.678 
117.085 
119.789 
122.363 
124.444 
125.787 
126.274 
125.88 
124.704 
122.985 
120.982 
118.917 
116.994 
115.389 
114.23 
113.596 
113.518 
114.002 
115.036 
116.58 
118.544 
120.788 
123.102 
125.222 
126.868 
127.831 
128.036 
127.476 
126.214 
124.453 
122.479 
120.565 
118.895 
117.545 
116.512 
115.738 
115.134 
114.629 
114.193 
113.826 
113.545 
113.376 
113.33 
113.41 
113.613 
113.848 
113.951 
113.828 
113.442 
112.759 
111.832 
110.847 
110.082 
109.774 
110.008 
110.857 
112.418 
114.603 
117.127 
119.636 
121.778 
123.28 
124.061 
124.212 
123.799 
122.895 
121.695 
120.437 
119.306 
118.409 
117.776 
117.394 
117.24 
117.303 
117.598 
118.18 
119.086 
120.306 
121.749 
123.205 
124.384 
125.06 
125.163 
124.693 
123.726 
122.507 
121.375 
120.613 
120.283 
120.243 
120.39 
120.662 
120.945 
121.163 
121.352 
121.612 
121.982 
122.398 
122.718 
122.809 
122.623 
122.191 
121.637 
121.179 
120.959 
120.938 
121.138 
121.489 
121.631 
121.327 
120.526 
119.19 
117.415 
115.499 
113.864 
112.847 
112.575 
113.056 
114.216 
115.825 
117.59 
119.285 
120.784 
122.044 
123.098 
124.006 
124.788 
125.436 
125.934 
126.271 
126.487 
126.705 
127.066 
127.588 
128.113 
128.423 
128.407 
127.85 
126.391 
123.994 
121.006 
117.958 
115.469 
114.002 
113.696 
114.549 
116.393 
118.659 
120.566 
121.551 
121.442 
120.291 
118.377 
116.261 
114.58 
113.715 
113.705 
114.497 
115.953 
117.712 
119.335 
120.481 
120.962 
120.727 
119.843 
118.534 
117.136 
116.012 
115.426 
115.463 
116.16 
117.524 
119.385 
121.439 
123.387 
125.018 
126.242 
127.065 
127.555 
127.815 
127.921 
127.897 
127.723 
127.344 
126.695 
125.743 
124.495 
123.011 
121.421 
119.907 
118.66 
117.837 
117.518 
117.725 
118.386 
119.292 
120.183 
120.829 
121.079 
120.887 
120.29 
119.412 
118.425 
117.473 
116.627 
115.868 
115.135 
114.395 
113.658 
112.987 
112.516 
112.382 
112.637 
113.247 
114.098 
115 
115.771 
116.291 
116.546 
116.628 
116.724 
117.062 
117.819 
119.028 
120.54 
122.044 
123.154 
123.582 
123.238 
122.195 
120.751 
119.451 
118.789 
118.943 
119.954 
121.717 
123.747 
125.462 
126.56 
126.971 
126.705 
126.006 
125.363 
125.079 
125.195 
125.638 
126.197 
126.626 
126.827 
126.859 
126.776 
126.641 
126.557 
126.573 
126.72 
127.074 
127.726 
128.763 
130.206 
131.945 
133.724 
135.018 
135.209 
134.019 
131.489 
127.868 
123.684 
119.677 
116.62 
115.039 
115.092 
116.661 
119.314 
122.347 
125.04 
126.859 
127.543 
127.04 
125.593 
123.761 
122.064 
120.79 
120.049 
119.815 
120.044 
120.604 
121.243 
121.779 
122.149 
122.338 
122.389 
122.383 
122.379 
122.415 
122.511 
122.658 
122.794 
122.841 
122.761 
122.551 
122.197 
121.691 
121.036 
120.252 
119.387 
118.527 
117.869 
117.662 
118.02 
118.958 
120.477 
122.511 
124.902 
127.431 
129.846 
131.909 
133.425 
134.245 
134.279 
133.502 
131.929 
129.626 
126.731 
123.469 
120.146 
117.128 
114.789 
113.386 
113 
113.631 
115.196 
117.418 
119.899 
122.267 
124.261 
125.763 
126.757 
127.305 
127.528 
127.571 
127.567 
127.616 
127.795 
128.15 
128.672 
129.3 
129.909 
130.33 
130.416 
130.119 
129.464 
128.55 
127.554 
126.665 
126.015 
125.612 
125.324 
124.893 
124.015 
122.465 
120.216 
117.48 
114.69 
112.394 
111.04 
110.812 
111.731 
113.651 
116.101 
118.429 
120.093 
120.937 
121.137 
120.823 
120.118 
119.322 
118.757 
118.624 
118.981 
119.804 
121.025 
122.552 
124.28 
126.071 
127.751 
129.14 
130.092 
130.53 
130.434 
129.834 
128.815 
127.484 
125.94 
124.28 
122.615 
121.077 
119.808 
118.936 
118.539 
118.638 
119.199 
120.114 
121.227 
122.375 
123.411 
124.225 
124.762 
125.005 
124.893 
124.571 
124.449 
124.688 
125.255 
126.13 
127.161 
128.058 
128.544 
128.512 
127.883 
126.582 
124.777 
122.82 
121.038 
119.65 
118.749 
118.326 
118.355 
118.746 
119.352 
120.096 
120.982 
122.01 
123.155 
124.369 
125.594 
126.791 
127.95 
129.077 
130.172 
131.181 
131.967 
132.365 
132.291 
131.702 
130.618 
129.29 
128.184 
127.74 
128.148 
129.419 
131.406 
133.642 
135.363 
135.904 
135.026 
132.843 
129.778 
126.547 
124.038 
122.849 
122.906 
124.011 
125.776 
127.209 
127.434 
126.191 
123.601 
120.127 
116.565 
113.803 
112.461 
112.726 
114.523 
117.505 
121.021 
124.36 
127.003 
128.73 
129.639 
130.082 
130.494 
131.212 
132.37 
133.871 
135.41 
136.55 
136.923 
136.404 
135.074 
133.233 
131.368 
129.919 
129.076 
128.797 
129.057 
129.597 
129.818 
129.466 
128.61 
127.342 
125.871 
124.491 
123.476 
122.981 
123.046 
123.618 
124.544 
125.646 
126.785 
127.851 
128.754 
129.427 
129.839 
129.985 
129.873 
129.543 
129.07 
128.502 
127.843 
127.089 
126.239 
125.299 
124.293 
123.271 
122.294 
121.421 
120.702 
120.189 
119.925 
119.925 
120.209 
120.803 
121.69 
122.798 
124.026 
125.253 
126.363 
127.268 
127.932 
128.375 
128.655 
128.841 
128.98 
129.093 
129.182 
129.246 
129.29 
129.336 
129.419 
129.579 
129.843 
130.222 
130.706 
131.275 
131.911 
132.602 
133.331 
134.06 
134.714 
135.18 
135.358 
135.214 
134.743 
134.175 
133.979 
134.421 
135.564 
137.426 
139.809 
142.245 
144.131 
145.012 
144.742 
143.397 
141.273 
138.873 
136.658 
134.852 
133.4 
132.037 
130.467 
128.535 
126.287 
123.984 
122.205 
121.611 
122.485 
124.768 
128.165 
132.086 
135.77 
138.501 
139.834 
139.645 
138.078 
135.593 
132.825 
130.362 
128.627 
127.772 
127.739 
128.469 
129.882 
131.75 
133.763 
135.626 
137.095 
138.015 
138.323 
138.011 
137.167 
136.019 
134.83 
133.8 
133.045 
132.576 
132.308 
132.083 
131.754 
131.253 
130.618 
130.061 
129.89 
130.259 
131.155 
132.463 
133.908 
135.017 
135.31 
134.6 
132.943 
130.58 
127.949 
125.549 
123.773 
122.766 
122.463 
122.79 
123.598 
124.573 
125.426 
125.997 
126.211 
126.062 
125.723 
125.501 
125.503 
125.823 
126.664 
127.985 
129.513 
130.932 
131.942 
132.346 
132.086 
131.206 
129.872 
128.374 
127.039 
126.139 
125.737 
125.715 
125.989 
126.491 
127.062 
127.557 
127.904 
128.081 
128.083 
127.904 
127.542 
127.016 
126.508 
126.335 
126.661 
127.534 
129.021 
131.112 
133.641 
136.293 
138.705 
140.599 
141.854 
142.455 
142.41 
141.813 
140.832 
139.554 
137.99 
136.175 
134.209 
132.25 
130.492 
129.11 
128.226 
127.895 
128.126 
128.85 
129.902 
131.116 
132.367 
133.547 
134.58 
135.416 
136.036 
136.435 
136.624 
136.663 
136.65 
136.632 
136.608 
136.674 
137.052 
137.918 
139.332 
141.262 
143.55 
145.887 
147.863 
149.109 
149.432 
148.786 
147.257 
145.12 
142.766 
140.552 
138.723 
137.383 
136.489 
135.901 
135.461 
135.059 
134.646 
134.231 
133.863 
133.584 
133.4 
133.26 
133.082 
132.8 
132.4 
131.916 
131.514 
131.468 
131.926 
132.97 
134.683 
136.99 
139.643 
142.303 
144.586 
146.059 
146.371 
145.396 
143.181 
139.927 
136.032 
132.052 
128.59 
126.167 
125.084 
125.424 
126.988 
129.206 
131.375 
132.921 
133.507 
133.045 
131.721 
130.074 
128.748 
128.17 
128.472 
129.62 
131.432 
133.55 
135.592 
137.282 
138.445 
139.026 
139.066 
138.598 
137.675 
136.492 
135.375 
134.668 
134.588 
135.191 
136.366 
137.749 
138.78 
138.993 
138.228 
136.571 
134.326 
131.955 
129.889 
128.408 
127.606 
127.333 
127.307 
127.389 
127.589 
127.994 
128.816 
130.311 
132.588 
135.515 
138.733 
141.763 
144.185 
145.775 
146.485 
146.326 
145.568 
144.795 
144.386 
144.373 
144.724 
145.373 
146.21 
147.166 
148.216 
149.29 
150.186 
150.675 
150.646 
149.898 
148.094 
145.212 
141.588 
137.721 
134.199 
131.601 
130.32 
130.476 
132.02 
134.707 
138.004 
141.222 
143.704 
145.038 
145.126 
143.986 
141.747 
138.8 
135.7 
133 
131.134 
130.245 
130.204 
130.909 
132.243 
133.877 
135.392 
136.423 
136.738 
136.266 
135.064 
133.328 
131.395 
129.657 
128.466 
128.032 
128.41 
129.492 
130.961 
132.427 
133.598 
134.337 
134.692 
134.863 
135.108 
135.622 
136.449 
137.457 
138.362 
138.879 
138.882 
138.355 
137.421 
136.473 
135.931 
135.961 
136.71 
138.376 
140.796 
143.477 
145.895 
147.644 
148.512 
148.448 
147.563 
146.172 
144.643 
143.235 
142.087 
141.235 
140.637 
140.197 
139.827 
139.467 
139.082 
138.633 
138.081 
137.395 
136.575 
135.664 
134.774 
134.107 
133.876 
134.17 
134.984 
136.282 
137.968 
139.903 
141.927 
143.888 
145.658 
147.142 
148.285 
149.073 
149.526 
149.677 
149.539 
149.101 
148.337 
147.222 
145.751 
143.979 
142.07 
140.277 
138.873 
138.028 
137.766 
138.076 
138.864 
139.764 
140.332 
140.377 
139.714 
138.102 
135.662 
132.768 
129.833 
127.344 
125.79 
125.502 
126.58 
128.936 
132.259 
136.043 
139.723 
142.792 
144.894 
145.859 
145.653 
144.451 
142.658 
140.663 
138.71 
136.954 
135.485 
134.371 
133.725 
133.696 
134.356 
135.696 
137.646 
140.048 
142.644 
145.113 
147.135 
148.475 
149.021 
148.754 
147.844 
146.718 
145.808 
145.359 
145.444 
146.04 
147.004 
148.029 
148.721 
148.782 
148.119 
146.804 
145.11 
143.492 
142.464 
142.407 
143.441 
145.476 
148.19 
151.064 
153.543 
155.161 
155.647 
154.926 
153.069 
150.321 
147.081 
143.819 
141.017 
139.104 
138.36 
138.867 
140.528 
142.998 
145.719 
148.144 
149.932 
151.011 
151.466 
151.381 
151 
150.743 
150.725 
150.778 
150.654 
150.012 
148.676 
146.777 
144.69 
142.967 
142.057 
142.111 
143.13 
144.96 
147.087 
148.771 
149.57 
149.546 
148.833 
147.667 
146.615 
146.172 
146.484 
147.428 
148.645 
149.732 
150.465 
150.768 
150.605 
150.195 
149.989 
150.159 
150.733 
151.774 
153.079 
154.167 
154.609 
154.263 
153.084 
151.088 
148.561 
145.95 
143.642 
141.871 
140.747 
140.262 
140.295 
140.749 
141.546 
142.592 
143.836 
145.2 
146.523 
147.613 
148.317 
148.568 
148.357 
147.838 
147.366 
147.195 
147.379 
147.843 
148.33 
148.554 
148.401 
147.801 
146.708 
145.316 
143.972 
142.932 
142.282 
141.922 
141.611 
141.116 
140.389 
139.645 
139.188 
139.166 
139.724 
141.043 
142.992 
145.206 
147.372 
149.286 
150.853 
152.05 
152.905 
153.471 
153.791 
153.89 
153.779 
153.488 
153.107 
152.721 
152.369 
152.037 
151.659 
151.163 
150.528 
149.816 
149.157 
148.68 
148.451 
148.414 
148.447 
148.472 
148.382 
147.999 
147.25 
146.232 
145.153 
144.223 
143.566 
143.206 
143.073 
143.03 
142.924 
142.658 
142.226 
141.683 
141.23 
141.176 
141.686 
142.889 
144.886 
147.513 
150.389 
153.048 
155.025 
155.998 
155.866 
154.672 
152.629 
150.191 
147.914 
146.255 
145.389 
145.236 
145.719 
146.743 
148.053 
149.351 
150.4 
151.036 
151.268 
151.287 
151.153 
150.917 
150.833 
151.058 
151.596 
152.414 
153.361 
154.14 
154.462 
154.208 
153.338 
151.909 
150.268 
148.958 
148.385 
148.677 
149.844 
151.797 
154.19 
156.552 
158.514 
159.913 
160.808 
161.426 
162.002 
162.661 
163.4 
164.108 
164.615 
164.786 
164.579 
164.03 
163.255 
162.411 
161.618 
160.932 
160.359 
159.875 
159.443 
159.045 
158.689 
158.411 
158.252 
158.231 
158.353 
158.59 
158.885 
159.123 
159.151 
158.889 
158.291 
157.317 
156.022 
154.536 
153.032 
151.708 
150.768 
150.348 
150.491 
151.143 
152.122 
153.154 
153.953 
154.321 
154.198 
153.672 
153.013 
152.56 
152.517 
152.938 
153.714 
154.492 
154.887 
154.742 
153.972 
152.559 
150.847 
149.423 
148.721 
148.874 
149.787 
151.12 
152.361 
153.101 
153.177 
152.566 
151.348 
149.767 
148.149 
146.768 
145.791 
145.261 
145.132 
145.362 
145.938 
146.841 
148.056 
149.567 
151.344 
153.33 
155.435 
157.543 
159.52 
161.233 
162.568 
163.443 
163.82 
163.69 
163.089 
162.113 
160.882 
159.522 
158.186 
157.044 
156.252 
155.912 
156.054 
156.63 
157.493 
158.452 
159.346 
160.095 
160.725 
161.332 
161.989 
162.705 
163.356 
163.731 
163.712 
163.171 
161.94 
160.138 
158.196 
156.629 
155.832 
155.947 
157.02 
158.997 
161.485 
163.866 
165.598 
166.396 
166.188 
165.18 
163.899 
162.841 
162.216 
161.96 
161.797 
161.412 
160.645 
159.571 
158.534 
157.966 
158.077 
159.039 
160.981 
163.472 
165.612 
166.672 
166.41 
164.789 
161.968 
158.636 
155.774 
154.082 
153.771 
154.836 
157.103 
160.036 
162.928 
165.194 
166.531 
166.929 
166.439 
165.171 
163.421 
161.579 
160.007 
158.969 
158.588 
158.89 
159.707 
160.646 
161.363 
161.718 
161.779 
161.736 
161.697 
161.776 
162.168 
162.95 
163.995 
165.058 
165.885 
166.337 
166.461 
166.433 
166.422 
166.618 
167.243 
168.42 
170.121 
172.163 
174.195 
175.78 
176.591 
176.521 
175.555 
173.763 
171.449 
169.074 
167.081 
165.798 
165.247 
165.183 
165.451 
165.952 
166.45 
166.737 
166.757 
166.519 
166.078 
165.578 
165.181 
164.99 
165.033 
165.286 
165.661 
166.033 
166.301 
166.437 
166.501 
166.639 
167.028 
167.816 
169.052 
170.67 
172.496 
174.294 
175.82 
176.859 
177.276 
177.027 
176.103 
174.525 
172.431 
170.089 
167.876 
166.299 
165.818 
166.605 
168.598 
171.523 
174.838 
177.857 
179.986 
181.05 
181.258 
180.767 
179.724 
178.492 
177.426 
176.671 
176.138 
175.588 
174.805 
173.724 
172.458 
171.249 
170.343 
169.839 
169.692 
169.852 
170.2 
170.481 
170.523 
170.293 
169.849 
169.439 
169.387 
169.833 
170.762 
172.086 
173.621 
175.133 
176.427 
177.404 
178.078 
178.561 
179.011 
179.573 
180.328 
181.28 
182.354 
183.398 
184.216 
184.65 
184.638 
184.147 
183.164 
181.822 
180.371 
179.072 
178.12 
177.59 
177.416 
177.426 
177.45 
177.31 
176.813 
175.892 
174.671 
173.414 
172.441 
171.981 
172.107 
172.786 
173.893 
175.238 
176.666 
178.103 
179.522 
180.885 
182.104 
182.989 
183.303 
182.948 
181.956 
180.515 
179.045 
178.09 
178.042 
179.024 
180.884 
183.136 
185.092 
186.233 
186.371 
185.491 
183.718 
181.438 
179.146 
177.219 
175.824 
174.892 
174.234 
173.776 
173.579 
173.698 
174.319 
175.704 
177.811 
180.228 
182.383 
183.768 
184.143 
183.467 
181.897 
179.941 
178.295 
177.466 
177.609 
178.685 
180.475 
182.53 
184.362 
185.622 
186.14 
185.883 
184.989 
183.758 
182.459 
181.235 
180.14 
179.137 
178.125 
177.001 
175.736 
174.386 
173.088 
172.101 
171.74 
172.149 
173.335 
175.266 
177.77 
180.479 
182.914 
184.655 
185.538 
185.663 
185.116 
184.007 
182.646 
181.414 
180.614 
180.404 
180.825 
181.832 
183.274 
184.915 
186.493 
187.754 
188.5 
188.625 
188.108 
187 
185.475 
183.805 
182.271 
181.09 
180.36 
180.086 
180.249 
180.697 
181.101 
181.228 
181.03 
180.555 
179.894 
179.32 
179.246 
179.893 
181.429 
183.989 
187.38 
191.183 
194.972 
198.37 
201.054 
202.8 
203.625 
203.759 
203.336 
202.441 
201.289 
200.138 
199.184 
198.555 
198.256 
198.184 
198.333 
198.63 
198.77 
198.56 
197.905 
196.62 
194.648 
192.198 
189.7 
187.777 
187.048 
187.778 
189.949 
193.377 
197.583 
201.844 
205.404 
207.727 
208.8 
209.029 
208.674 
208.024 
207.574 
207.543 
207.924 
208.535 
208.951 
208.917 
208.023 
205.565 
201.433 
196.206 
190.704 
185.835 
182.421 
180.97 
181.629 
184.189 
187.995 
192.126 
195.69 
198.002 
198.971 
199.041 
198.503 
197.558 
196.722 
196.497 
197.047 
198.282 
199.902 
201.459 
202.535 
202.877 
202.418 
201.249 
199.666 
198.184 
197.32 
197.289 
198.194 
200.067 
202.544 
205.035 
206.955 
207.888 
207.706 
206.407 
204.092 
201.13 
198.038 
195.279 
193.153 
191.771 
191.15 
191.284 
192.154 
193.742 
196.058 
199.113 
202.808 
206.812 
210.605 
213.636 
215.531 
216.159 
215.519 
213.823 
211.558 
209.208 
207.097 
205.385 
204.032 
202.885 
201.864 
201.039 
200.568 
200.553 
201.079 
202.192 
203.68 
205.122 
206.086 
206.309 
205.729 
204.49 
203.049 
201.984 
201.648 
202.133 
203.295 
204.707 
205.897 
206.632 
206.92 
206.942 
206.986 
207.323 
208.1 
209.301 
210.78 
212.255 
213.236 
213.494 
213.399 
213.275 
213.188 
213.462 
214.433 
215.778 
216.855 
217.29 
216.957 
215.814 
213.954 
211.835 
210.135 
209.346 
209.619 
210.877 
212.809 
214.903 
216.693 
217.943 
218.636 
218.945 
219.149 
219.438 
219.792 
220.04 
220.06 
219.635 
218.457 
216.574 
214.376 
212.332 
210.918 
210.457 
211.044 
212.574 
214.703 
216.97 
219.015 
220.695 
222.118 
223.558 
225.257 
227.246 
229.297 
230.967 
231.845 
231.773 
230.664 
228.49 
225.584 
222.514 
219.756 
217.567 
216.007 
214.987 
214.319 
213.819 
213.44 
213.281 
213.423 
213.986 
215.183 
217.078 
219.464 
221.937 
224 
225.269 
225.595 
224.964 
223.502 
221.612 
219.858 
218.743 
218.567 
219.416 
221.208 
223.676 
226.427 
229.059 
231.219 
232.648 
233.297 
233.301 
232.749 
231.725 
230.463 
229.255 
228.341 
227.867 
227.875 
228.375 
229.35 
230.68 
232.145 
233.462 
234.304 
234.408 
233.679 
232.165 
230.051 
227.709 
225.633 
224.298 
224.002 
224.828 
226.669 
229.174 
231.818 
234.082 
235.579 
236.117 
235.649 
234.285 
232.346 
230.276 
228.686 
228.219 
229.149 
231.455 
234.979 
239.304 
243.743 
247.505 
249.964 
250.812 
249.986 
247.834 
245.264 
243.315 
242.709 
243.69 
246.113 
249.459 
252.899 
255.583 
256.948 
256.826 
255.296 
252.659 
249.417 
246.071 
242.991 
240.403 
238.407 
237.019 
236.19 
235.847 
235.952 
236.387 
236.909 
237.386 
237.85 
238.415 
239.246 
240.501 
242.269 
244.545 
247.192 
249.905 
252.273 
253.947 
254.84 
255.099 
254.789 
254.169 
253.844 
254.135 
255.197 
257.234 
260.077 
263.096 
265.46 
266.543 
266.146 
264.317 
261.378 
258.107 
255.475 
254.031 
253.725 
254.411 
255.826 
257.304 
258.218 
258.341 
257.655 
256.297 
254.665 
253.171 
252.002 
251.165 
250.55 
250.1 
249.944 
250.188 
250.947 
252.455 
254.822 
257.856 
261.081 
263.86 
265.632 
266.354 
266.462 
266.186 
265.723 
265.554 
265.904 
266.668 
267.583 
268.26 
268.419 
267.977 
267.028 
265.873 
264.931 
264.509 
264.7 
265.48 
266.721 
268.168 
269.552 
270.681 
271.421 
271.674 
271.394 
270.585 
269.285 
267.614 
265.814 
264.239 
263.219 
262.926 
263.4 
264.543 
266.052 
267.506 
268.561 
269.037 
268.872 
268.346 
267.994 
267.957 
268.363 
269.457 
271.011 
272.661 
274.188 
275.449 
276.427 
277.23 
278.042 
279.018 
280.189 
281.445 
282.478 
282.912 
282.565 
281.22 
278.499 
274.297 
268.926 
262.997 
257.271 
252.472 
249.161 
247.643 
247.997 
250.139 
253.784 
258.491 
263.754 
269.032 
273.789 
277.534 
279.912 
280.764 
280.064 
278.133 
275.793 
273.907 
273.001 
273.241 
274.7 
277.413 
281.075 
285.122 
288.956 
292.014 
293.832 
294.135 
292.847 
290.08 
286.235 
281.972 
278.053 
275.157 
273.586 
273.24 
274.002 
275.708 
277.908 
280.054 
281.706 
282.607 
282.663 
281.863 
280.248 
277.963 
275.265 
272.495 
270.036 
268.25 
267.373 
267.474 
268.503 
270.281 
272.507 
274.838 
276.937 
278.495 
279.298 
279.276 
278.372 
276.52 
273.828 
270.613 
267.315 
264.428 
262.425 
261.616 
262.097 
263.838 
266.66 
270.141 
273.697 
276.732 
278.774 
279.577 
279.081 
277.515 
275.522 
273.846 
272.968 
273.041 
274.045 
275.801 
277.871 
279.749 
281.083 
281.718 
281.636 
281.035 
280.292 
279.631 
279.02 
278.296 
277.282 
275.91 
274.279 
272.631 
271.245 
270.313 
269.884 
269.817 
269.871 
269.866 
269.634 
269.063 
268.24 
267.462 
267.067 
267.205 
267.985 
269.484 
271.414 
273.263 
274.699 
275.714 
276.738 
278.716 
282.843 
290.076 
300.76 
314.499 
330.258 
346.705 
362.717 
377.766 
392.041 
406.241 
421.023 
436.502 
452.091 
466.652 
478.949 
488.139 
494.003 
496.978 
498.006 
498.159 
498.221 
498.553 
499.223 
500.113 
500.992 
501.647 
501.966 
501.932 
501.528 
500.704 
499.436 
497.753 
495.762 
493.712 
492.136 
491.681 
492.644 
495 
498.544 
502.785 
506.971 
510.267 
512.138 
512.512 
511.451 
509.145 
506.111 
502.99 
500.309 
498.417 
497.481 
497.54 
498.536 
500.282 
502.507 
504.937 
507.343 
509.581 
511.573 
513.245 
514.453 
515.034 
514.894 
513.816 
511.483 
507.972 
503.823 
499.807 
496.769 
495.313 
495.626 
497.687 
501.21 
505.395 
509.213 
511.944 
513.427 
513.886 
513.472 
512.639 
512.268 
512.705 
513.837 
515.512 
517.395 
519.049 
520.141 
520.641 
520.757 
520.639 
520.429 
520.329 
520.315 
520.076 
519.145 
517.1 
513.844 
509.73 
505.486 
502.196 
500.946 
502.189 
505.983 
512.202 
520.021 
527.823 
533.812 
536.793 
536.412 
533.038 
527.898 
522.788 
519.361 
518.584 
520.715 
525.424 
531.625 
537.726 
542.22 
544.168 
543.302 
539.914 
534.96 
529.85 
525.977 
524.269 
525.005 
528.141 
533.326 
539.703 
546.166 
551.711 
555.626 
557.569 
557.46 
555.477 
552.129 
548.048 
543.823 
540.003 
537.077 
535.365 
534.945 
535.81 
537.84 
540.615 
543.544 
546.119 
548.065 
549.392 
550.376 
551.448 
552.965 
555 
557.256 
559.126 
560.024 
559.723 
557.992 
554.509 
549.497 
543.771 
538.334 
534.134 
531.701 
531.051 
532.092 
534.604 
537.953 
541.364 
544.279 
546.516 
548.301 
550.2 
552.892 
556.87 
562.187 
568.364 
574.462 
579.451 
582.685 
584.095 
584.286 
584.116 
584.006 
584.34 
585.719 
588.31 
591.552 
594.3 
595.492 
594.752 
591.954 
587.172 
581.271 
575.63 
571.482 
569.559 
570.06 
572.694 
576.585 
580.607 
583.89 
586.016 
586.904 
586.576 
585.428 
584.246 
583.493 
583.19 
583.287 
583.623 
583.934 
584.146 
584.42 
584.994 
586.084 
587.792 
590.075 
592.735 
595.43 
597.734 
599.242 
599.692 
599.009 
597.292 
594.898 
592.431 
590.592 
589.894 
590.501 
592.348 
595.09 
598.017 
600.375 
601.755 
602.229 
602.223 
602.224 
602.628 
603.665 
605.296 
607.153 
608.68 
609.48 
609.626 
609.519 
609.397 
609.42 
610.023 
611.563 
613.803 
616.058 
617.702 
618.467 
618.57 
618.464 
618.361 
618.446 
619.133 
620.653 
622.8 
625.05 
626.755 
627.446 
626.981 
625.537 
623.692 
622.318 
622.134 
623.391 
625.938 
629.226 
632.382 
634.61 
635.515 
635.031 
633.852 
633.173 
633.362 
634.742 
637.982 
642.619 
647.247 
650.581 
651.885 
650.969 
648.203 
644.659 
641.649 
640.047 
640.115 
641.951 
645.592 
650.586 
656.169 
661.659 
666.591 
670.758 
674.21 
677.181 
679.941 
682.671 
685.427 
688.138 
690.621 
692.65 
694.041 
694.706 
694.626 
693.941 
693.147 
692.832 
693.223 
694.37 
696.373 
699.292 
703.072 
707.525 
712.291 
716.821 
720.456 
722.704 
723.424 
722.616 
720.508 
717.874 
715.877 
715.481 
717.026 
720.345 
724.81 
729.341 
732.75 
734.464 
734.721 
733.781 
732.023 
730.527 
730.401 
732.025 
735.172 
738.246 
738.704 
735.315 
727.848 
716.047 
700.162 
681.296 
661.264 
642.154 
625.752 
613.171 
604.77 
600.18 
598.434 
598.194 
598.268 
597.932 
596.715 
594.515 
591.777 
589.426 
588.471 
589.372 
592.135 
596.378 
600.998 
604.332 
605.014 
602.581 
597.32 
590.208 
582.694 
576.087 
571.171 
568.13 
566.584 
565.704 
564.51 
562.238 
558.58 
553.75 
548.428 
543.546 
539.963 
538.179 
538.326 
540.03 
541.956 
542.535 
541.144 
537.811 
532.803 
526.801 
520.841 
516.067 
513.313 
512.86 
514.721 
518.624 
523.682 
528.601 
532.141 
533.51 
532.476 
529.273 
524.655 
519.67 
515.199 
511.697 
509.104 
506.931 
504.509 
501.291 
497.073 
492.048 
486.746 
481.841 
477.91 
475.257 
473.86 
473.397 
473.379 
473.44 
473.416 
473.13 
472.412 
471.208 
469.554 
467.543 
465.33 
463.13 
461.205 
459.813 
459.122 
459.18 
459.858 
460.787 
461.53 
461.88 
461.906 
461.66 
461.27 
461.093 
461.336 
461.99 
462.946 
463.861 
464.298 
464.048 
462.917 
460.677 
457.565 
454.166 
450.956 
448.168 
445.843 
443.882 
442.117 
440.474 
439.055 
438.134 
437.997 
438.753 
440.355 
442.618 
445.222 
447.824 
450.174 
452.17 
453.857 
455.353 
456.721 
457.948 
458.879 
459.252 
458.918 
457.742 
455.571 
452.515 
449.009 
445.652 
443.046 
441.57 
441.293 
442.186 
444.114 
446.667 
449.299 
451.556 
453.187 
454.144 
454.561 
454.704 
454.839 
455.113 
455.511 
455.892 
456.108 
456.113 
455.904 
455.543 
455.18 
454.879 
454.504 
453.636 
451.707 
448.559 
445.005 
442.558 
442.199 
444.978 
452.106 
463.381 
477.857 
494.428 
511.736 
528.718 
544.819 
559.931 
574.111 
587.384 
599.588 
610.214 
618.487 
623.717 
626.031 
626.315 
625.081 
622.632 
619.681 
616.953 
614.864 
613.571 
613.062 
613.286 
614.161 
615.521 
617.169 
618.905 
620.574 
622.165 
623.849 
625.882 
628.427 
631.446 
634.591 
637.123 
638.298 
637.816 
635.604 
631.872 
627.571 
624.063 
622.136 
621.726 
622.624 
624.461 
626.178 
626.671 
625.549 
622.97 
619.485 
615.931 
613.044 
611.191 
610.307 
610.084 
610.332 
610.888 
611.483 
611.989 
612.44 
612.92 
613.558 
614.505 
615.887 
617.731 
619.928 
622.226 
624.278 
625.762 
626.517 
626.683 
626.6 
626.566 
627 
628.455 
631.224 
635.182 
639.835 
644.448 
648.315 
650.975 
652.236 
652.082 
650.745 
648.68 
646.19 
643.372 
640.306 
637.142 
634.109 
631.449 
629.329 
627.794 
626.774 
626.116 
625.738 
625.691 
626.024 
626.799 
628.131 
630.059 
632.45 
635.028 
637.448 
639.421 
640.811 
641.669 
642.204 
642.711 
643.443 
644.528 
645.957 
647.617 
649.356 
651.056 
652.669 
654.193 
655.632 
656.956 
658.079 
658.854 
659.155 
658.938 
658.261 
657.324 
656.42 
655.792 
655.524 
655.518 
655.583 
655.424 
654.61 
652.906 
650.447 
647.71 
645.472 
644.433 
644.853 
646.905 
650.721 
655.839 
661.275 
665.983 
669.129 
670.272 
669.303 
666.47 
662.49 
658.269 
654.629 
652.254 
651.567 
652.694 
655.549 
659.846 
665.147 
670.955 
676.735 
681.928 
685.984 
688.474 
689.478 
689.534 
688.949 
687.932 
687.034 
686.785 
687.359 
688.661 
690.479 
692.675 
695.273 
698.457 
702.53 
707.707 
713.964 
720.946 
727.92 
734.011 
738.561 
741.316 
742.329 
741.702 
739.85 
737.596 
735.46 
733.53 
731.735 
729.928 
728.009 
725.979 
723.943 
722.122 
720.847 
720.422 
720.97 
722.454 
724.703 
727.378 
730.003 
732.058 
733.203 
733.396 
732.672 
731.181 
729.41 
728.027 
727.505 
727.99 
729.388 
731.375 
733.499 
735.429 
737.065 
738.549 
740.202 
742.365 
745.228 
748.771 
752.737 
756.612 
759.724 
761.525 
761.801 
760.53 
757.927 
754.696 
751.895 
750.378 
750.454 
752.408 
756.642 
762.902 
770.308 
777.867 
784.634 
789.786 
792.728 
793.712 
793.748 
793.293 
792.584 
792.336 
792.914 
794.236 
796.07 
798.055 
799.95 
801.758 
803.712 
806.111 
809.06 
812.353 
815.505 
817.886 
819.009 
818.704 
816.947 
813.849 
809.969 
806.425 
804.373 
804.323 
806.623 
811.469 
816.464 
817.377 
812.161 
800.263 
780.856 
753.945 
721.288 
686.437 
653.714 
626.622 
606.965 
594.898 
589.153 
587.367 
586.904 
585.803 
583.205 
579.14 
574.288 
569.737 
566.497 
564.949 
564.891 
566.134 
568.454 
571.295 
574.072 
576.452 
578.339 
579.834 
581.163 
582.503 
583.865 
584.896 
585.017 
583.943 
581.63 
578.093 
573.529 
568.37 
563.194 
558.584 
554.989 
552.646 
551.622 
551.918 
553.279 
555.083 
556.532 
556.894 
555.852 
553.36 
549.369 
543.974 
537.541 
530.74 
524.384 
519.147 
515.384 
513.111 
512.168 
512.676 
514.004 
514.471 
513.471 
511.248 
507.897 
503.604 
498.574 
493.046 
487.319 
481.746 
476.833 
473.241 
471.448 
472.182 
474.515 
475.248 
473.138 
468.693 
462.308 
454.671 
446.346 
437.666 
428.881 
420.233 
411.999 
404.504 
398.08 
392.965 
389.214 
386.663 
384.959 
383.645 
382.284 
380.54 
378.211 
375.211 
371.556 
367.335 
362.662 
357.686 
352.591 
347.561 
342.7 
337.996 
333.287 
328.265 
322.609 
316.155 
308.968 
301.362 
293.861 
286.993 
281.055 
276.029 
271.586 
267.181 
262.313 
256.749 
250.602 
244.248 
238.096 
232.393 
227.176 
222.295 
217.476 
212.47 
207.168 
201.576 
195.765 
189.821 
183.791 
177.677 
171.5 
165.351 
159.411 
153.916 
149.078 
145.004 
141.675 
138.95 
136.594 
134.339 
131.938 
129.192 
125.969 
122.212 
117.943 
113.261 
108.34 
103.39 
98.6163 
94.1801 
90.1772 
86.6476 
83.5957 
81.001 
78.8145 
76.9439 
75.2385 
73.4879 
71.4448 
68.8974 
65.7697 
62.1707 
58.3946 
54.8693 
52.0139 
50.0773 
49.0675 
48.7515 
48.7471 
48.6933 
48.3543 
47.6587 
46.7147 
45.7563 
45.0058 
44.5534 
44.3725 
44.5231 
44.8804 
44.9686 
44.5748 
43.7342 
42.4352 
40.7209 
38.7138 
36.6018 
34.5908 
32.8371 
31.4115 
30.3172 
29.5102 
28.9176 
28.4726 
28.1418 
27.9385 
27.9033 
28.0582 
28.3986 
28.8985 
29.5032 
30.1312 
30.6827 
31.0467 
31.1339 
30.9127 
30.3954 
29.6278 
28.6897 
27.6713 
26.6447 
25.6458 
24.6688 
23.676 
22.626 
21.5029 
20.3259 
19.1473 
18.0369 
17.0911 
16.4284 
16.1149 
16.222 
16.5714 
16.685 
16.4192 
15.9034 
15.2352 
14.5237 
13.8331 
13.1847 
12.5778 
11.9856 
11.3621 
10.6629 
9.86635 
8.98053 
8.04349 
7.11715 
6.26946 
5.55332 
4.9959 
4.59972 
4.34547 
4.19478 
4.09656 
3.99462 
3.83568 
3.57911 
3.20548 
2.72016 
2.1552 
1.5672 
1.02327 
0.579282 
0.265185 
0.0831098 
0.0095364 
0 
0 
0 
0 
0 
0 
0 
0 
0 
0 
0 
0 
0 
0 
0 
0 
0 
0 
0 
0 
0 
0 
0 
0 
0 
0 
0 
0 
0 
0 
0 
0 
0 
0 
0 
0 
0 
0 
0 
0 
0 
0 
0 
0 
0 
0 
0 
0 
0 
0 
0 
0 
0 
0 
0 
0 
0 
0 
0 
0 
0 
0 
0 
0 
0 
0 
0 
0 
0 
0 
0 
0 
0 
0 
0 
0 
0 
0 
0 
0 
0 
0 
0 
0 
0 
0 
0 
0 
0 
0 
0 
0 
0 
0 
0 
0 
0 
0 
0 
0 
0 
0 
0 
0 
0 
0 
0 
0 
0 
0 
0 
0 
0 
0 
0 
0 
0 
0 
0 
0 
0 
0 
0 
0 
0 
0 
0 
0 
0 
0 
0 
0 
0 
0 
0 
0 
0 
0 
0 
0 
0 
0 
0 
0 
0 
0 
0 
0 
0 
0 
0 
0 
0 
0 
0 
0 
0 
0 
0 
0 
0 
0 
0 
0 
0 
0 
0 
0 
0 
0 
0 
0 
0 
0 
0 
0 
0 
0 
0 
0 
0 
0 
0 
0 
0 
0 
0 
0 
0 
0 
0 
0 
0 
0 
0 
0 
0 
0 
0 
0 
0 
0 
0 
0 
0 
0 
0 
0 
0 
0 
0 
0 
0 
0 
0 
0 
0 
0 
0 
0 
0 
0 
0 
0 
0 
0 
0 
0 
0 
0 
0 
0 
0 
0 
0 
0 
0 
0 
0 
0 
0 
0 
0 
0 
0 
0 
0 
0 
0 
0 
0 
0 
0 
0 
0 
0 
0 
0 
0 
0 
0 
0 
0 
0 
0 
0 
0 
0 
0 
0 
0 
0 
0 
0 
0 
0 
0 
0 
0 
0 
0 
0 
0 
0 
0 
0 
0 
0 
0 
0 
0 
0 
0 
0 
0 
0 
0 
0 
0 
0 
0 
0 
0 
0 
0 
0 
0 
0 
0 
0 
0 
0 
0 
0 
0 
0 
0 
0 
0 
0 
0 
0 
0 
0 
0 
0 
0 
0 
0 
0 
0 
0 
0 
0 
0 
0 
0 
0 
0 
0 
0 
0 
0 
0 
0 
0 
0 
0 
0 
0 
0 
0 
0 
0 
0 
0 
0 
0 
0 
0 
0 
0 
0 
0 
0 
0 
0 
0 
0 
0 
0 
0 
0 
0 
0 
0 
0 
0 
0 
0 
0 
0 
0 
0 
0 
0 
0 
0 
0 
0 
0 
0 
0 
0 
0 
0 
0 
0 
0 
0 
0 
0 
0 
0 
0 
0 
0 
0 
0 
0 
0 
0 
0 
0 
0 
0 
0 
0 
0 
0 
0 
0 
0 
0 
0 
0 
0 
0 
0 
0 
0 
0 
0 
0 
0 
0 
0 
0 
0 
0 
0 
0 
0 
0 
0 
0 
0 
0 
0 
0 
0 
0 
0 
0 
0 
0 
0 
0 
0 
0 
0 
0 
0 
0 
0 
0 
0 
0 
0 
0 
0 
0 
0 
0 
0 
0 
0 
0 
0 
0 
0 
0 
0 
0 
0 
0 
0 
0 
0 
0 
0 
0 
0 
0 
0 
0 
0 
0 
0 
0 
0 
0 
0 
0 
0 
0 
0 
0 
0 
0 
0 
0 
0 
0 
0 
0 
0 
0 
0 
0 
0 
0 
0 
0 
0 
0 
0 
0 
0 
0 
0 
0 
0 
0 
0 
0 
0 
0 
0 
0 
0 
0 
0 
0 
0 
0 
0 
0 
0 
0 
0 
0 
0 
0 
0 
0 
0 
0 
0 
0 
0 
0 
0 
0 
0 
0 
0 
0 
0 
0 
0 
0 
0 
0 
0 
0 
0 
0 
0 
0 
0 
0 
0 
0 
0 
0 
0 
0 
0 
0 
0 
0 
0 
0 
0 
0 
0 
0 
0 
0 
0 
0 
0 
0 
0 
0 
0 
0 
0 
0 
0 
0 
0 
0 
0 
0 
0 
0 
0 
0 
0 
0 
0 
0 
0 
0 
0 
0 
0 
0 
0 
0 
0 
0 
0 
0 
0 
0 
0 
0 
0 
0 
0 
0 
0 
0 
0 
0 
0 
0 
0 
0 
0 
0 
0 
0 
0 
0 
0 
0 
0 
0 
0 
0 
0 
0 
0 
0 
0 
0 
0 
0 
0 
0 
0 
0 
0 
0 
0 
0 
0 
0 
0 
0 
0 
0 
0 
0 
0 
0 
0 
0 
0 
0 
0 
0 
0 
0 
0 
0 
0 
0 
0 
0 
0 
0 
0 
0 
0 
0 
0 
0 
0 
0 
0 
0 
0 
0 
0 
0 
0 
0 
0 
0 
0 
0 
0 
0 
0 
0 
0 
0 
0 
0 
0 
0 
0 
0 
0 
0 
0 
0 
0 
0 
0 
0 
0 
0 
0 
0 
0 
0 
0 
0 
0 
0 
0 
0 
0 
0 
0 
0 
0 
0 
0 
0 
0 
0 
0 
0 
0 
0 
0 
0 
0 
0 
0 
0 
0 
0 
0 
0 
0 
0 
0 
0 
0 
0 
0 
0 
0 
0 
0 
0 
0 
0 
0 
0 
0 
0 
0 
0 
0 
0 
0 
0 
0 
0 
0 
0 
0 
0 
0 
0 
0 
0 
0 
0 
0 
0 
0 
0 
0 
0 
0 
0 
0 
0 
0 
0 
0 
0 
0 
0 
0 
0 
0 
0 
0 
0 
0 
0 
0 
0 
0 
0 
0 
0 
0 
0 
0 
0 
0 
0 
0 
0 
0 
0 
0 
0 
0 
0 
0 
0 
0 
0 
0 
0 
0 
0 
0 
0 
0 
0 
0 
0 
0 
0 
0 
0 
0 
0 
0 
0 
0 
0 
0 
0 
0 
0 
0 
0 
0 
0 
0 
0 
0 
0 
0 
0 
0 
0 
0 
0 
0 
0 
0 
0 
0 
0 
0 
0 
0 
0 
0 
0 
0 
0 
0 
0 
0 
0 
0 
0 
0 
0 
0 
0 
0 
0 
0 
0 
0 
0 
0 
0 
0 
0 
0 
0 
0 
0 
0 
0 
0 
0 
0 
0 
0 
0 
0 
0 
0 
0 
0 
0 
0 
0 
0 
0 
0 
0 
0 
0 
0 
0 
0 
0 
0 
0 
0 
0 
0 
0 
0 
0 
0 
0 
0 
0 
0 
0 
0 
0 
0 
0 
0 
0 
0 
0 
0 
0 
0 
0 
0 
0 
0 
0 
0 
0 
0 
0 
0 
0 
0 
0 
0 
0 
0 
0 
0 
0 
0 
0 
0 
0 
0 
0 
0 
0 
0 
0 
0 
0 
0 
0 
0 
0 
0 
0 
0 
0 
0 
0 
0 
0 
0 
0 
0 
0 
0 
0 
0 
0 
0 
0 
0 
0 
0 
0 
0 
0 
0 
0 
0 
0 
0 
0 
0 
0 
0 
0 
0 
0 
0 
0 
0 
0 
0 
0 
0 
0 
0 
0 
0 
0 
0 
0 
0 
0 
0 
0 
0 
0 
0 
0 
0 
0 
0 
0 
0 
0 
0 
0 
0 
0 
0 
0 
0 
0 
0 
0 
0 
0 
0 
0 
0 
0 
0 
0 
0 
0 
0 
0 
0 
0 
0 
0 
0 
0 
0 
0 
0 
0 
0 
0 
0 
0 
0 
0 
0 
0 
0 
0 
0 
0 
0 
0 
0 
0 
0 
0 
0 
0 
0 
0 
0 
0 
0 
0 
0 
0 
0 
0 
0 
0 
0 
0 
0 
0 
0 
0 
0 
0 
0 
0 
0 
0 
0 
0 
0 
0 
0 
0 
0 
0 
0 
0 
0 
0 
0 
0 
0 
0 
0 
0 
0 
0 
0 
0 
0 
0 
0 
0 
0 
0 
0 
0 
0 
0 
0 
0 
0 
0 
0 
0 
0 
0 
0 
0 
0 
0 
0 
0 
0 
0 
0 
0 
0 
0 
0 
0 
0 
0 
0 
0 
0 
0 
0 
0 
0 
0 
0 
0 
0 
0 
0 
0 
0 
0 
0 
0 
0 
0 
0 
0 
0 
0 
0 
0 
0 
0 
0 
0 
0 
0 
0 
0 
0 
0 
0 
0 
0 
0 
0 
0 
0 
0 
0 
0 
0 
0 
0 
0 
0 
0 
0 
0 
0 
0 
0 
0 
0 
0 
0 
0 
0 
0 
0 
0 
0 
0 
0 
0 
0 
0 
0 
0 
0 
0 
0 
0 
0 
0 
0 
0 
0 
0 
0 
0 
0 
0 
0 
0 
0 
0 
0 
0 
0 
0 
0 
0 
0 
0 
0 
0 
0 
0 
0 
0 
0 
0 
0 
0 
0 
0 
0 
0 
0 
0 
0 
0 
0 
0 
0 
0 
0 
0 
0 
0 
0 
0 
0 
0 
0 
0 
0 
0 
0 
0 
0 
0 
0 
0 
0 
0 
0 
0 
0 
0 
0 
0 
0 
0 
0 
0 
0 
0 
0 
0 
0 
0 
0 
0 
0 
0 
0 
0 
0 
0 
0 
0 
0 
0 
0 
0 
0 
0 
0 
0 
0 
0 
0 
0 
0 
0 
0 
0 
0 
0 
0 
0 
0 
0 
0 
0 
0 
0 
0 
0 
0 
0 
0 
0 
0 
0 
0 
0 
0 
0 
0 
0 
0 
0 
0 
0 
0 
0 
0 
0 
0 
0 
0 
0 
0 
0 
0 
0 
0 
0 
0 
0 
0 
0 
0 
0 
0 
0 
0 
0 
0 
0 
0 
0 
0 
0 
0 
0 
0 
0 
0 
0 
0 
0 
0 
0 
0 
0 
0 
0 
0 
0 
0 
0 
0 
0 
0 
0 
0 
0 
0 
0 
0 
0 
0 
0 
0 
0 
0 
0 
0 
0 
0 
0 
0 
0 
0 
0 
0 
0 
0 
0 
0 
0 
0 
0 
0 
0 
0 
0 
0 
0 
0 
0 
0 
0 
0 
0 
0 
0 
0 
0 
0 
0 
0 
0 
0 
0 
0 
0 
0 
0 
0 
0 
0 
0 
0 
0 
0 
0 
0 
0 
0 
0 
0 
0 
0 
0 
0 
0 
0 
0 
0 
0 
0 
0 
0 
0 
0 
0 
0 
0 
0 
0 
0 
0 
0 
0 
0 
0 
0 
0 
0 
0 
0 
0 
0 
0 
0 
0 
0 
0 
0 
0 
0 
0 
0 
0 
0 
0 
0 
0 
0 
0 
0 
0 
0 
0 
0 
0 
0 
0 
0 
0 
0 
0 
0 
0 
0 
0 
0 
0 
0 
0 
0 
0 
0 
0 
0 
0 
0 
0 
0 
0 
0 
0 
0 
0 
0 
0 
0 
0 
0 
0 
0 
0 
0 
0 
0 
0 
0 
0 
0 
0 
0 
0 
0 
0 
0 
0 
0 
0 
0 
0 
0 
0 
0 
0 
0 
0 
0 
0 
0 
0 
0 
0 
0 
0 
0 
0 
0 
0 
0 
0 
0 
0 
0 
0 
0 
0 
0 
0 
0 
0 
0 
0 
0 
0 
0 
0 
0 
0 
0 
0 
0 
0 
0 
0 
0 
0 
0 
0 
0 
0 
0 
0 
0 
0 
0 
0 
0 
0 
0 
0 
0 
0 
0 
0 
0 
0 
0 
0 
0 
0 
0 
0 
0 
0 
0 
0 
0 
0 
0 
0 
0 
0 
0 
0 
0 
0 
0 
0 
0 
0 
0 
0 
0 
0 
0 
0 
0 
0 
0 
0 
0 
0 
0 
0 
0 
0 
0 
0 
0 
0 
0 
0 
0 
0 
0 
0 
0 
0 
0 
0 
0 
0 
0 
0 
0 
0 
0 
0 
0 
0 
0 
0 
0 
0 
0 
0 
0 
0 
0 
0 
0 
0 
0 
0 
0 
0 
0 
0 
0 
0 
0 
0 
0 
0 
0 
0 
0 
0 
0 
0 
0 
0 
0 
0 
0 
0 
0 
0 
0 
0 
0 
0 
0 
0 
0 
0 
0 
0 
0 
0 
0 
0 
0 
0 
0 
0 
0 
0 
0 
0 
0 
0 
0 
0 
0 
0 
0 
0 
0 
0 
0 
0 
0 
0 
0 
0 
0 
0 
0 
0 
0 
0 
0 
0 
0 
0 
0 
0 
0 
0 
0 
0 
0 
0 
0 
0 
0 
0 
0 
0 
0 
0 
0 
0 
0 
0 
0 
0 
0 
0 
0 
0 
0 
0 
0 
0 
0 
0 
0 
0 
0 
0 
0 
0 
0 
0 
0 
0 
0 
0 
0 
0 
0 
0 
0 
0 
0 
0 
0 
0 
0 
0 
0 
0 
0 
0 
0 
0 
0 
0 
0 
0 
0 
0 
0 
0 
0 
0 
0 
0 
0 
0 
0 
0 
0 
0 
0 
0 
0 
0 
0 
0 
0 
0 
0 
0 
0 
0 
0 
0 
0 
0 
0 
0 
0 
0 
0 
0 
0 
0 
0 
0 
0 
0 
0 
0 
0 
0 
0 
0 
0 
0 
0 
0 
0 
0 
0 
0 
0 
0 
0 
0 
0 
0 
0 
0 
0 
0 
0 
0 
0 
0 
0 
0 
0 
0 
0 
0 
0 
0 
0 
0 
0 
0 
0 
0 
0 
0 
0 
0 
0 
0 
0 
0 
0 
0 
0 
0 
0 
0 
0 
0 
0 
0 
0 
0 
0 
0 
0 
0 
0 
0 
0 
0 
0 
0 
0 
0 
0 
0 
0 
0 
0 
0 
0 
0 
0 
0 
0 
0 
0 
0 
0 
0 
0 
0 
0 
0 
0 
0 
0 
0 
0 
0 
0 
0 
0 
0 
0 
0 
0 
0 
0 
0 
0 
0 
0 
0 
0 
0 
0 
0 
0 
0 
0 
0 
0 
0 
0 
0 
0 
0 
0 
0 
0 
0 
0 
0 
0 
0 
0 
0 
0 
0 
0 
0 
0 
0 
0 
0 
0 
0 
0 
0 
0 
0 
0 
0 
0 
0 
0 
0 
0 
0 
0 
0 
0 
0 
0 
0 
0 
0 
0 
0 
0 
0 
0 
0 
0 
0 
0 
0 
0 
0 
0 
0 
0 
0 
0 
0 
0 
0 
0 
0 
0 
0 
0 
0 
0 
0 
0 
0 
0 
0 
0 
0 
0 
0 
0 
0 
0 
0 
0 
0 
0 
0 
0 
0 
0 
0 
0 
0 
0 
0 
0 
0 
0 
0 
0 
0 
0 
0 
0 
0 
0 
0 
0 
0 
0 
0 
0 
0 
0 
0 
0 
0 
0 
0 
0 
0 
0 
0 
0 
0 
0 
0 
0 
0 
0 
0 
0 
0 
0 
0 
0 
0 
0 
0 
0 
0 
0 
0 
0 
0 
0 
0 
0 
0 
0 
0 
0 
0 
0 
0 
0 
0 
0 
0 
0 
0 
0 
0 
0 
0 
0 
0 
0 
0 
0 
0 
0 
0 
0 
0 
0 
0 
0 
0 
0 
0 
0 
0 
0 
0 
0 
0 
0 
0 
0 
0 
0 
0 
0 
0 
0 
0 
0 
0 
0 
0 
0 
0 
0 
0 
0 
0 
0 
0 
0 
0 
0 
0 
0 
0 
0 
0 
0 
0 
0 
0 
0 
0 
0 
0 
0 
0 
0 
0 
0 
0 
0 
0 
0 
0 
0 
0 
0 
0 
0 
0 
0 
0 
0 
0 
0 
0 
0 
0 
0 
0 
0 
0 
0 
0 
0 
0 
0 
0 
0 
0 
0 
0 
0 
0 
0 
0 
0 
0 
0 
0 
0 
0 
0 
0 
0 
0 
0 
0 
0 
0 
0 
0 
0 
0 
0 
0 
0 
0 
0 
0 
0 
0 
0 
0 
0 
0 
0 
0 
0 
0 
0 
0 
0 
0 
0 
0 
0 
0 
0 
0 
0 
0 
0 
0 
0 
0 
0 
0 
0 
0 
0 
0 
0 
0 
0 
0 
0 
0 
0 
0 
0 
0 
0 
0 
0 
0 
0 
0 
0 
0 
0 
0 
0 
0 
0 
0 
0 
0 
0 
0 
0 
0 
0 
0 
0 
0 
0 
0 
0 
0 
0 
0 
0 
0 
0 
0 
0 
0 
0 
0 
0 
0 
0 
0 
0 
0 
0 
0 
0 
0 
0 
0 
0 
0 
0 
0 
0 
0 
0 
0 
0 
0 
0 
0 
0 
0 
0 
0 
0 
0 
0 
0 
0 
0 
0 
0 
0 
0 
0 
0 
0 
0 
0 
0 
0 
0 
0 
0 
0 
0 
0 
0 
0 
0 
0 
0 
0 
0 
0 
0 
0 
0 
0 
0 
0 
0 
0 
0 
0 
0 
0 
0 
0 
0 
0 
0 
0 
0 
0 
0 
0 
0 
0 
0 
0 
0 
0 
0 
0 
0 
0 
0 
0 
0 
0 
0 
0 
0 
0 
0 
0 
0 
0 
0 
0 
0 
0 
0 
0 
0 
0 
0 
0 
0 
0 
0 
0 
0 
0 
0 
0 
0 
0 
0 
0 
0 
0 
0 
0 
0 
0 
0 
0 
0 
0 
0 
0 
0 
0 
0 
0 
0 
0 
0 
0 
0 
0 
0 
0 
0 
0 
0 
0 
0 
0 
0 
0 
0 
0 
0 
0 
0 
0 
0 
0 
0 
0 
0 
0 
0 
0 
0 
0 
0 
0 
0 
0 
0 
0 
0 
0 
0 
0 
0 
0 
0 
0 
0 
0 
0 
0 
0 
0 
0 
0 
0 
0 
0 
0 
0 
0 
0 
0 
0 
0 
0 
0 
0 
0 
0 
0 
0 
0 
0 
0 
0 
0 
0 
0 
0 
0 
0 
0 
0 
0 
0 
0 
0 
0 
0 
0 
0 
0 
0 
0 
0 
0 
0 
0 
0 
0 
0 
0 
0 
0 
0 
0 
0 
0 
0 
0 
0 
0 
0 
0 
0 
0 
0 
0 
0 
0 
0 
0 
0 
0 
0 
0 
0 
0 
0 
0 
0 
0 
0 
0 
0 
0 
0 
0 
0 
0 
0 
0 
0 
0 
0 
0 
0 
0 
0 
0 
0 
0 
0 
0 
0 
0 
0 
0 
0 
0 
0 
0 
0 
0 
0 
0 
0 
0 
0 
0 
0 
0 
0 
0 
0 
0 
0 
0 
0 
0 
0 
0 
0 
0 
0 
0 
0 
0 
0 
0 
0 
0 
0 
0 
0 
0 
0 
0 
0 
0 
0 
0 
0 
0 
0 
0 
0 
0 
0 
0 
0 
0 
0 
0 
0 
0 
0 
0 
0 
0 
0 
0 
0 
0 
0 
0 
0 
0 
0 
0 
0 
0 
0 
0 
0 
0 
0 
0 
0 
0 
0 
0 
0 
0 
0 
0 
0 
0 
0 
0 
0 
0 
0 
0 
0 
0 
0 
0 
0 
0 
0 
0 
0 
0 
0 
0 
0 
0 
0 
0 
0 
0 
0 
0 
0 
0 
0 
0 
0 
0 
0 
0 
0 
0 
0 
0 
0 
0 
0 
0 
0 
0 
0 
0 
0 
0 
0 
0 
0 
0 
0 
0 
0 
0 
0 
0 
0 
0 
0 
0 
0 
0 
0 
0 
0 
0 
0 
0 
0 
0 
0 
0 
0 
0 
0 
0 
0 
0 
0 
0 
0 
0 
0 
0 
0 
0 
0 
0 
0 
0 
0 
0 
0 
0 
0 
0 
0 
0 
0 
0 
0 
0 
0 
0 
0 
0 
0 
0 
0 
0 
0 
0 
0 
0 
0 
0 
0 
0 
0 
0 
0 
0 
0 
0 
0 
0 
0 
0 
0 
0 
0 
0 
0 
0 
0 
0 
0 
0 
0 
0 
0 
0 
0 
0 
0 
0 
0 
0 
0 
0 
0 
0 
0 
0 
0 
0 
0 
0 
0 
0 
0 
0 
0 
0 
0 
0 
0 
0 
0 
0 
0 
0 
0 
0 
0 
0 
0 
0 
0 
0 
0 
0 
0 
0 
0 
0 
0 
0 
0 
0 
0 
0 
0 
0 
0 
0 
0 
0 
0 
0 
0 
0 
0 
0 
0 
0 
0 
0 
0 
0 
0 
0 
0 
0 
0 
0 
0 
0 
0 
0 
0 
0 
0 
0 
0 
0 
0 
0 
0 
0 
0 
0 
0 
0 
0 
0 
0 
0 
0 
0 
0 
0 
0 
0 
0 
0 
0 
0 
0 
0 
0 
0 
0 
0 
0 
0 
0 
0 
0 
0 
0 
0 
0 
0 
0 
0 
0 
0 
0 
0 
0 
0 
0 
0 
0 
0 
0 
0 
0 
0 
0 
0 
0 
0 
0 
0 
0 
0 
0 
0 
0 
0 
0 
0 
0 
0 
0 
0 
0 
0 
0 
0 
0 
0 
0 
0 
0 
0 
0 
0 
0 
0 
0 
0 
0 
0 
0 
0 
0 
0 
0 
0 
0 
0 
0 
0 
0 
0 
0 
0 
0 
0 
0 
0 
0 
0 
0 
0 
0 
0 
0 
0 
0 
0 
0 
0 
0 
0 
0 
0 
0 
0 
0 
0 
0 
0 
0 
0 
0 
0 
0 
0 
0 
0 
0 
0 
0 
0 
0 
0 
0 
0 
0 
0 
0 
0 
0 
0 
0 
0 
0 
0 
0 
0 
0 
0 
0 
0 
0 
0 
0 
0 
0 
0 
0 
0 
0 
0 
0 
0 
0 
0 
0 
0 
0 
0 
0 
0 
0 
0 
0 
0 
0 
0 
0 
0 
0 
0 
0 
0 
0 
0 
0 
0 
0 
0 
0 
0 
0 
0 
0 
0 
0 
0 
0 
0 
0 
0 
0 
0 
0 
0 
0 
0 
0 
0 
0 
0 
0 
0 
0 
0 
0 
0 
0 
0 
0 
0 
0 
0 
0 
0 
0 
0 
0 
0 
0 
0 
0 
0 
0 
0 
0 
0 
0 
0 
0 
0 
0 
0 
0 
0 
0 
0 
0 
0 
0 
0 
0 
0 
0 
0 
0 
0 
0 
0 
0 
0 
0 
0 
0 
0 
0 
0 
0 
0 
0 
0 
0 
0 
0 
0 
0 
0 
0 
0 
0 
0 
0 
0 
0 
0 
0 
0 
0 
0 
0 
0 
0 
0 
0 
0 
0 
0 
0 
0 
0 
0 
0 
0 
0 
0 
0 
0 
0 
0 
0 
0 
0 
0 
0 
0 
0 
0 
0 
0 
0 
0 
0 
0 
0 
0 
0 
0 
0 
0 
0 
0 
0 
0 
0 
0 
0 
0 
0 
0 
0 
0 
0 
0 
0 
0 
0 
0 
0 
0 
0 
0 
0 
0 
0 
0 
0 
0 
0 
0 
0 
0 
0 
0 
0 
0 
0 
0 
0 
0 
0 
0 
0 
0 
0 
0 
0 
0 
0 
0 
0 
0 
0 
0 
0 
0 
0 
0 
0 
0 
0 
0 
0 
0 
0 
0 
0 
0 
0 
0 
0 
0 
0 
0 
0 
0 
0 
0 
0 
0 
0 
0 
0 
0 
0 
0 
0 
0 
0 
0 
0 
0 
0 
0 
0 
0 
0 
0 
0 
0 
0 
0 
0 
0 
0 
0 
0 
0 
0 
0 
0 
0 
0 
0 
0 
0 
0 
0 
0 
0 
0 
0 
0 
0 
0 
0 
0 
0 
0 
0 
0 
0 
0 
0 
0 
0 
0 
0 
0 
0 
0 
0 
0 
0 
0 
0 
0 
0 
0 
0 
0 
0 
0 
0 
0 
0 
0 
0 
0 
0 
0 
0 
0 
0 
0 
0 
0 
0 
0 
0 
0 
0 
0 
0 
0 
0 
0 
0 
0 
0 
0 
0 
0 
0 
0 
0 
0 
0 
0 
0 
0 
0 
0 
0 
0 
0 
0 
0 
0 
0 
0 
0 
0 
0 
0 
0 
0 
0 
0 
0 
0 
0 
0 
0 
0 
0 
0 
0 
0 
0 
0 
0 
0 
0 
0 
0 
0 
0 
0 
0 
0 
0 
0 
0 
0 
0 
0 
0 
0 
0 
0 
0 
0 
0 
0 
0 
0 
0 
0 
0 
0 
0 
0 
0 
0 
0 
0 
0 
0 
0 
0 
0 
0 
0 
0 
0 
0 
0 
0 
0 
0 
0 
0 
0 
0 
0 
0 
0 
0 
0 
0 
0 
0 
0 
0 
0 
0 
0 
0 
0 
0 
0 
0 
0 
0 
0 
0 
0 
0 
0 
0 
0 
0 
0 
0 
0 
0 
0 
0 
0 
0 
0 
0 
0 
0 
0 
0 
0 
0 
0 
0 
0 
0 
0 
0 
0 
0 
0 
0 
0 
0 
0 
0 
0 
0 
0 
0 
0 
0 
0 
0 
0 
0 
0 
0 
0 
0 
0 
0 
0 
0 
0 
0 
0 
0 
0 
0 
0 
0 
0 
0 
0 
0 
0 
0 
0 
0 
0 
0 
0 
0 
0 
0 
0 
0 
0 
0 
0 
0 
0 
0 
0 
0 
0 
0 
0 
0 
0 
0 
0 
0 
0 
0 
0 
0 
0 
0 
0 
0 
0 
0 
0 
0 
0 
0 
0 
0 
0 
0 
0 
0 
0 
0 
0 
0 
0 
0 
0 
0 
0 
0 
0 
0 
0 
0 
0 
0 
0 
0 
0 
0 
0 
0 
0 
0 
0 
0 
0 
0 
0 
0 
0 
0 
0 
0 
0 
0 
0 
0 
0 
0 
0 
0 
0 
0 
0 
0 
0 
0 
0 
0 
0 
0 
0 
0 
0 
0 
0 
0 
0 
0 
0 
0 
0 
0 
0 
0 
0 
0 
0 
0 
0 
0 
0 
0 
0 
0 
0 
0 
0 
0 
0 
0 
0 
0 
0 
0 
0 
0 
0 
0 
0 
0 
0 
0 
0 
0 
0 
0 
0 
0 
0 
0 
0 
0 
0 
0 
0 
0 
0 
0 
0 
0 
0 
0 
0 
0 
0 
0 
0 
0 
0 
0 
0 
0 
0 
0 
0 
0 
0 
0 
0 
0 
0 
0 
0 
0 
0 
0 
0 
0 
0 
0 
0 
0 
0 
0 
0 
0 
0 
0 
0 
0 
0 
0 
0 
0 
0 
0 
0 
0 
0 
0 
0 
0 
0 
0 
0 
0 
0 
0 
0 
0 
0 
0 
0 
0 
0 
0 
0 
0 
0 
0 
0 
0 
0 
0 
0 
0 
0 
0 
0 
0 
0 
0 
0 
0 
0 
0 
0 
0 
0 
0 
0 
0 
0 
0 
0 
0 
0 
0 
0 
0 
0 
0 
0 
0 
0 
0 
0 
0 
0 
0 
0 
0 
0 
0 
0 
0 
0 
0 
0 
0 
0 
0 
0 
0 
0 
0 
0 
0 
0 
0 
0 
0 
0 
0 
0 
0 
0 
0 
0 
0 
0 
0 
0 
0 
0 
0 
0 
0 
0 
0 
0 
0 
0 
0 
0 
0 
0 
0 
0 
0 
0 
0 
0 
0 
0 
0 
0 
0 
0 
0 
0 
0 
0 
0 
0 
0 
0 
0 
0 
0 
0 
0 
0 
0 
0 
0 
0 
0 
0 
0 
0 
0 
0 
0 
0 
0 
0 
0 
0 
0 
0 
0 
0 
0 
0 
0 
0 
0 
0 
0 
0 
0 
0 
0 
0 
0 
0 
0 
0 
0 
0 
0 
0 
0 
0 
0 
0 
0 
0 
0 
0 
0 
0 
0 
0 
0 
0 
0 
0 
0 
0 
0 
0 
0 
0 
0 
0 
0 
0 
0 
0 
0 
0 
0 
0 
0 
0 
0 
0 
0 
0 
0 
0 
0 
0 
0 
0 
0 
0 
0 
0 
0 
0 
0 
0 
0 
0 
0 
0 
0 
0 
0 
0 
0 
0 
0 
0 
0 
0 
0 
0 
0 
0 
0 
0 
0 
0 
0 
0 
0 
0 
0 
0 
0 
0 
0 
0 
0 
0 
0 
0 
0 
0 
0 
0 
0 
0 
0 
0 
0 
0 
0 
0 
0 
0 
0 
0 
0 
0 
0 
0 
0 
0 
0 
0 
0 
0 
0 
0 
0 
0 
0 
0 
0 
0 
0 
0 
0 
0 
0 
0 
0 
0 
0 
0 
0 
0 
0 
0 
0 
0 
0 
0 
0 
0 
0 
0 
0 
0 
0 
0 
0 
0 
0 
0 
0 
0 
0 
0 
0 
0 
0 
0 
0 
0 
0 
0 
0 
0 
0 
0 
0 
0 
0 
0 
0 
0 
0 
0 
0 
0 
0 
0 
0 
0 
0 
0 
0 
0 
0 
0 
0 
0 
0 
0 
0 
0 
0 
0 
0 
0 
0 
0 
0 
0 
0 
0 
0 
0 
0 
0 
0 
0 
0 
0 
0 
0 
0 
0 
0 
0 
0 
0 
0 
0 
0 
0 
0 
0 
0 
0 
0 
0 
0 
0 
0 
0 
0 
0 
0 
0 
0 
0 
0 
0 
0 
0 
0 
0 
0 
0 
0 
0 
0 
0 
0 
0 
0 
0 
0 
0 
0 
0 
0 
0 
0 
0 
0 
0 
0 
0 
0 
0 
0 
0 
0 
0 
0 
0 
0 
0 
0 
0 
0 
0 
0 
0 
0 
0 
0 
0 
0 
0 
0 
0 
0 
0 
0 
0 
0 
0 
0 
0 
0 
0 
0 
0 
0 
0 
0 
0 
0 
0 
0 
0 
0 
0 
0 
0 
0 
0 
0 
0 
0 
0 
0 
0 
0 
0 
0 
0 
0 
0 
0 
0 
0 
0 
0 
0 
0 
0 
0 
0 
0 
0 
0 
0 
0 
0 
0 
0 
0 
0 
0 
0 
0 
0 
0 
0 
0 
0 
0 
0 
0 
0 
0 
0 
0 
0 
0 
0 
0 
0 
0 
0 
0 
0 
0 
0 
0 
0 
0 
0 
0 
0 
0 
0 
0 
0 
0 
0 
0 
0 
0 
0 
0 
0 
0 
0 
0 
0 
0 
0 
0 
0 
0 
0 
0 
0 
0 
0 
0 
0 
0 
0 
0 
0 
0 
0 
0 
0 
0 
0 
0 
0 
0 
0 
0 
0 
0 
0 
0 
0 
0 
0 
0 
0 
0 
0 
0 
0 
0 
0 
0 
0 
0 
0 
0 
0 
0 
0 
0 
0 
0 
0 
0 
0 
0 
0 
0 
0 
0 
0 
0 
0 
0 
0 
0 
0 
0 
0 
0 
0 
0 
0 
0 
0 
0 
0 
0 
0 
0 
0 
0 
0 
0 
0 
0 
0 
0 
0 
0 
0 
0 
0 
0 
0 
0 
0 
0 
0 
0 
0 
0 
0 
0 
0 
0 
0 
0 
0 
0 
0 
0 
0 
0 
0 
0 
0 
0 
0 
0 
0 
0 
0 
0 
0 
0 
0 
0 
0 
0 
0 
0 
0 
0 
0 
0 
0 
0 
0 
0 
0 
0 
0 
0 
0 
0 
0 
0 
0 
0 
0 
0 
0 
0 
0 
0 
0 
0 
0 
0 
0 
0 
0 
0 
0 
0 
0 
0 
0 
0 
0 
0 
0 
0 
0 
0 
0 
0 
0 
0 
0 
0 
0 
0 
0 
0 
0 
0 
0 
0 
0 
0 
0 
0 
0 
0 
0 
0 
0 
0 
0 
0 
0 
0 
0 
0 
0 
0 
0 
0 
0 
0 
0 
0 
0 
0 
0 
0 
0 
0 
0 
0 
0 
0 
0 
0 
0 
0 
0 
0 
0 
0 
0 
0 
0 
0 
0 
0 
0 
0 
0 
0 
0 
0 
0 
0 
0 
0 
0 
0 
0 
0 
0 
0 
0 
0 
0 
0 
0 
0 
0 
0 
0 
0 
0 
0 
0 
0 
0 
0 
0 
0 
0 
0 
0 
0 
0 
0 
0 
0 
0 
0 
0 
0 
0 
0 
0 
0 
0 
0 
0 
0 
0 
0 
0 
0 
0 
0 
0 
0 
0 
0 
0 
0 
0 
0 
0 
0 
0 
0 
0 
0 
0 
0 
0 
0 
0 
0 
0 
0 
0 
0 
0 
0 
0 
0 
0 
0 
0 
0 
0 
0 
0 
0 
0 
0 
0 
0 
0 
0 
0 
0 
0 
0 
0 
0 
0 
0 
0 
0 
0 
0 
0 
0 
0 
0 
0 
0 
0 
0 
0 
0 
0 
0 
0 
0 
0 
0 
0 
0 
0 
0 
0 
0 
0 
0 
0 
0 
0 
0 
0 
0 
0 
0 
0 
0 
0 
0 
0 
0 
0 
0 
0 
0 
0 
0 
0 
0 
0 
0 
0 
0 
0 
0 
0 
0 
0 
0 
0 
0 
0 
0 
0 
0 
0 
0 
0 
0 
0 
0 
0 
0 
0 
0 
0 
0 
0 
0 
0 
0 
0 
0 
0 
0 
0 
0 
0 
0 
0 
0 
0 
0 
0 
0 
0 
0 
0 
0 
0 
0 
0 
0 
0 
0 
0 
0 
0 
0 
0 
0 
0 
0 
0 
0 
0 
0 
0 
0 
0 
0 
0 
0 
0 
0 
0 
0 
0 
0 
0 
0 
0 
0 
0 
0 
0 
0 
0 
0 
0 
0 
0 
0 
0 
0 
0 
0 
0 
0 
0 
0 
0 
0 
0 
0 
0 
0 
0 
0 
0 
0 
0 
0 
0 
0 
0 
0 
0 
0 
0 
0 
0 
0 
0 
0 
0 
0 
0 
0 
0 
0 
0 
0 
0 
0 
0 
0 
0 
0 
0 
0 
0 
0 
0 
0 
0 
0 
0 
0 
0 
0 
0 
0 
0 
0 
0 
0 
0 
0 
0 
0 
0 
0 
0 
0 
0 
0 
0 
0 
0 
0 
0 
0 
0 
0 
0 
0 
0 
0 
0 
0 
0 
0 
0 
0 
0 
0 
0 
0 
0 
0 
0 
0 
0 
0 
0 
0 
0 
0 
0 
0 
0 
0 
0 
0 
0 
0 
0 
0 
0 
0 
0 
0 
0 
0 
0 
0 
0 
0 
0 
0 
0 
0 
0 
0 
0 
0 
0 
0 
0 
0 
0 
0 
0 
0 
0 
0 
0 
0 
0 
0 
0 
0 
0 
0 
0 
0 
0 
0 
0 
0 
0 
0 
0 
0 
0 
0 
0 
0 
0 
0 
0 
0 
0 
0 
0 
0 
0 
0 
0 
0 
0 
0 
0 
0 
0 
0 
0 
0 
0 
0 
0 
0 
0 
0 
0 
0 
0 
0 
0 
0 
0 
0 
0 
0 
0 
0 
0 
0 
0 
0 
0 
0 
0 
0 
0 
0 
0 
0 
0 
0 
0 
0 
0 
0 
0 
0 
0 
0 
0 
0 
0 
0 
0 
0 
0 
0 
0 
0 
0 
0 
0 
0 
0 
0 
0 
0 
0 
0 
0 
0 
0 
0 
0 
0 
0 
0 
0 
0 
0 
0 
0 
0 
0 
0 
0 
0 
0 
0 
0 
0 
0 
0 
0 
0 
0 
0 
0 
0 
0 
0 
0 
0 
0 
0 
0 
0 
0 
0 
0 
0 
0 
0 
0 
0 
0 
0 
0 
0 
0 
0 
0 
0 
0 
0 
0 
0 
0 
0 
0 
0 
0 
0 
0 
0 
0 
0 
0 
0 
0 
0 
0 
0 
0 
0 
0 
0 
0 
0 
0 
0 
0 
0 
0 
0 
0 
0 
0 
0 
0 
0 
0 
0 
0 
0 
0 
0 
0 
0 
0 
0 
0 
0 
0 
0 
0 
0 
0 
0 
0 
0 
0 
0 
0 
0 
0 
0 
0 
0 
0 
0 
0 
0 
0 
0 
0 
0 
0 
0 
0 
0 
0 
0 
0 
0 
0 
0 
0 
0 
0 
0 
0 
0 
0 
0 
0 
0 
0 
0 
0 
0 
0 
0 
0 
0 
0 
0 
0 
0 
0 
0 
0 
0 
0 
0 
0 
0 
0 
0 
0 
0 
0 
0 
0 
0 
0 
0 
0 
0 
0 
0 
0 
0 
0 
0 
0 
0 
0 
0 
0 
0 
0 
0 
0 
0 
0 
0 
0 
0 
0 
0 
0 
0 
0 
0 
0 
0 
0 
0 
0 
0 
0 
0 
0 
0 
0 
0 
0 
0 
0 
0 
0 
0 
0 
0 
0 
0 
0 
0 
0 
0 
0 
0 
0 
0 
0 
0 
0 
0 
0 
0 
0 
0 
0 
0 
0 
0 
0 
0 
0 
0 
0 
0 
0 
0 
0 
0 
0 
0 
0 
0 
0 
0 
0 
0 
0 
0 
0 
0 
0 
0 
0 
0 
0 
0 
0 
0 
0 
0 
0 
0 
0 
0 
0 
0 
0 
0 
0 
0 
0 
0 
0 
0 
0 
0 
0 
0 
0 
0 
0 
0 
0 
0 
0 
0 
0 
0 
0 
0 
0 
0 
0 
0 
0 
0 
0 
0 
0 
0 
0 
0 
0 
0 
0 
0 
0 
0 
0 
0 
0 
0 
0 
0 
0 
0 
0 
0 
0 
0 
0 
0 
0 
0 
0 
0 
0 
0 
0 
0 
0 
0 
0 
0 
0 
0 
0 
0 
0 
0 
0 
0 
0 
0 
0 
0 
0 
0 
0 
0 
0 
0 
0 
0 
0 
0 
0 
0 
0 
0 
0 
0 
0 
0 
0 
0 
0 
0 
0 
0 
0 
0 
0 
0 
0 
0 
0 
0 
0 
0 
0 
0 
0 
0 
0 
0 
0 
0 
0 
0 
0 
0 
0 
0 
0 
0 
0 
0 
0 
0 
0 
0 
0 
0 
0 
0 
0 
0 
0 
0 
0 
0 
0 
0 
0 
0 
0 
0 
0 
0 
0 
0 
0 
0 
0 
0 
0 
0 
0 
0 
0 
0 
0 
0 
0 
0 
0 
0 
0 
0 
0 
0 
0 
0 
0 
0 
0 
0 
0 
0 
0 
0 
0 
0 
0 
0 
0 
0 
0 
0 
0 
0 
0 
0 
0 
0 
0 
0 
0 
0 
0 
0 
0 
0 
0 
0 
0 
0 
0 
0 
0 
0 
0 
0 
0 
0 
0 
0 
0 
0 
0 
0 
0 
0 
0 
0 
0 
0 
0 
0 
0 
0 
0 
0 
0 
0 
0 
0 
0 
0 
0 
0 
0 
0 
0 
0 
0 
0 
0 
0 
0 
0 
0 
0 
0 
0 
0 
0 
0 
0 
0 
0 
0 
0 
0 
0 
0 
0 
0 
0 
0 
0 
0 
0 
0 
0 
0 
0 
0 
0 
0 
0 
0 
0 
0 
0 
0 
0 
0 
0 
0 
0 
0 
0 
0 
0 
0 
0 
0 
0 
0 
0 
0 
0 
0 
0 
0 
0 
0 
0 
0 
0 
0 
0 
0 
0 
0 
0 
0 
0 
0 
0 
0 
0 
0 
0 
0 
0 
0 
0 
0 
0 
0 
0 
0 
0 
0 
0 
0 
0 
0 
0 
0 
0 
0 
0 
0 
0 
0 
0 
0 
0 
0 
0 
0 
0 
0 
0 
0 
0 
0 
0 
0 
0 
0 
0 
0 
0 
0 
0 
0 
0 
0 
0 
0 
0 
0 
0 
0 
0 
0 
0 
0 
0 
0 
0 
0 
0 
0 
0 
0 
0 
0 
0 
0 
0 
0 
0 
0 
0 
0 
0 
0 
0 
0 
0 
0 
0 
0 
0 
0 
0 
0 
0 
0 
0 
0 
0 
0 
0 
0 
0 
0 
0 
0 
0 
0 
0 
0 
0 
0 
0 
0 
0 
0 
0 
0 
0 
0 
0 
0 
0 
0 
0 
0 
0 
0 
0 
0 
0 
0 
0 
0 
0 
0 
0 
0 
0 
0 
0 
0 
0 
0 
0 
0 
0 
0 
0 
0 
0 
0 
0 
0 
0 
0 
0 
0 
0 
0 
0 
0 
0 
0 
0 
0 
0 
0 
0 
0 
0 
0 
0 
0 
0 
0 
0 
0 
0 
0 
0 
0 
0 
0 
0 
0 
0 
0 
0 
0 
0 
0 
0 
0 
0 
0 
0 
0 
0 
0 
0 
0 
0 
0 
0 
0 
0 
0 
0 
0 
0 
0 
0 
0 
0 
0 
0 
0 
0 
0 
0 
0 
0 
0 
0 
0 
0 
0 
0 
0 
0 
0 
0 
0 
0 
0 
0 
0 
0 
0 
0 
0 
0 
0 
0 
0 
0 
0 
0 
0 
0 
0 
0 
0 
0 
0 
0 
0 
0 
0 
0 
0 
0 
0 
0 
0 
0 
0 
0 
0 
0 
0 
0 
0 
0 
0 
0 
0 
0 
0 
0 
0 
0 
0 
0 
0 
0 
0 
0 
0 
0 
0 
0 
0 
0 
0 
0 
0 
0 
0 
0 
0 
0 
0 
0 
0 
0 
0 
0 
0 
0 
0 
0 
0 
0 
0 
0 
0 
0 
0 
0 
0 
0 
0 
0 
0 
0 
0 
0 
0 
0 
0 
0 
0 
0 
0 
0 
0 
0 
0 
0 
0 
0 
0 
0 
0 
0 
0 
0 
0 
0 
0 
0 
0 
0 
0 
0 
0 
0 
0 
0 
0 
0 
0 
0 
0 
0 
0 
0 
0 
0 
0 
0 
0 
0 
0 
0 
0 
0 
0 
0 
0 
0 
0 
0 
0 
0 
0 
0 
0 
0 
0 
0 
0 
0 
0 
0 
0 
0 
0 
0 
0 
0 
0 
0 
0 
0 
0 
0 
0 
0 
0 
0 
0 
0 
0 
0 
0 
0 
0 
0 
0 
0 
0 
0 
0 
0 
0 
0 
0 
0 
0 
0 
0 
0 
0 
0 
0 
0 
0 
0 
0 
0 
0 
0 
0 
0 
0 
0 
0 
0 
0 
0 
0 
0 
0 
0 
0 
0 
0 
0 
0 
0 
0 
0 
0 
0 
0 
0 
0 
0 
0 
0 
0 
0 
0 
0 
0 
0 
0 
0 
0 
0 
0 
0 
0 
0 
0 
0 
0 
0 
0 
0 
0 
0 
0 
0 
0 
0 
0 
0 
0 
0 
0 
0 
0 
0 
0 
0 
0 
0 
0 
0 
0 
0 
0 
0 
0 
0 
0 
0 
0 
0 
0 
0 
0 
0 
0 
0 
0 
0 
0 
0 
0 
0 
0 
0 
0 
0 
0 
0 
0 
0 
0 
0 
0 
0 
0 
0 
0 
0 
0 
0 
0 
0 
0 
0 
0 
0 
0 
0 
0 
0 
0 
0 
0 
0 
0 
0 
0 
0 
0 
0 
0 
0 
0 
0 
0 
0 
0 
0 
0 
0 
0 
0 
0 
0 
0 
0 
0 
0 
0 
0 
0 
0 
0 
0 
0 
0 
0 
0 
0 
0 
0 
0 
0 
0 
0 
0 
0 
0 
0 
0 
0 
0 
0 
0 
0 
0 
0 
0 
0 
0 
0 
0 
0 
0 
0 
0 
0 
0 
0 
0 
0 
0 
0 
0 
0 
0 
0 
0 
0 
0 
0 
0 
0 
0 
0 
0 
0 
0 
0 
0 
0 
0 
0 
0 
0 
0 
0 
0 
0 
0 
0 
0 
0 
0 
0 
0 
0 
0 
0 
0 
0 
0 
0 
0 
0 
0 
0 
0 
0 
0 
0 
0 
0 
0 
0 
0 
0 
0 
0 
0 
0 
0 
0 
0 
0 
0 
0 
0 
0 
0 
0 
0 
0 
0 
0 
0 
0 
0 
0 
0 
0 
0 
0 
0 
0 
0 
0 
0 
0 
0 
0 
0 
0 
0 
0 
0 
0 
0 
0 
0 
0 
0 
0 
0 
0 
0 
0 
0 
0 
0 
0 
0 
0 
0 
0 
0 
0 
0 
0 
0 
0 
0 
0 
0 
0 
0 
0 
0 
0 
0 
0 
0 
0 
0 
0 
0 
0 
0 
0 
0 
0 
0 
0 
0 
0 
0 
0 
0 
0 
0 
0 
0 
0 
0 
0 
0 
0 
0 
0 
0 
0 
0 
0 
0 
0 
0 
0 
0 
0 
0 
0 
0 
0 
0 
0 
0 
0 
0 
0 
0 
0 
0 
0 
0 
0 
0 
0 
0 
0 
0 
0 
0 
0 
0 
0 
0 
0 
0 
0 
0 
0 
0 
0 
0 
0 
0 
0 
0 
0 
0 
0 
0 
0 
0 
0 
0 
0 
0 
0 
0 
0 
0 
0 
0 
0 
0 
0 
0 
0 
0 
0 
0 
0 
0 
0 
0 
0 
0 
0 
0 
0 
0 
0 
0 
0 
0 
0 
0 
0 
0 
0 
0 
0 
0 
0 
0 
0 
0 
0 
0 
0 
0 
0 
0 
0 
0 
0 
0 
0 
0 
0 
0 
0 
0 
0 
0 
0 
0 
0 
0 
0 
0 
0 
0 
0 
0 
0 
0 
0 
0 
0 
0 
0 
0 
0 
0 
0 
0 
0 
0 
0 
0 
0 
0 
0 
0 
0 
0 
0 
0 
0 
0 
0 
0 
0 
0 
0 
0 
0 
0 
0 
0 
0 
0 
0 
0 
0 
0 
0 
0 
0 
0 
0 
0 
0 
0 
0 
0 
0 
0 
0 
0 
0 
0 
0 
0 
0 
0 
0 
0 
0 
0 
0 
0 
0 
0 
0 
0 
0 
0 
0 
0 
0 
0 
0 
0 
0 
0 
0 
0 
0 
0 
0 
0 
0 
0 
0 
0 
0 
0 
0 
0 
0 
0 
0 
0 
0 
0 
0 
0 
0 
0 
0 
0 
0 
0 
0 
0 
0 
0 
0 
0 
0 
0 
0 
0 
0 
0 
0 
0 
0 
0 
0 
0 
0 
0 
0 
0 
0 
0 
0 
0 
0 
0 
0 
0 
0 
0 
0 
0 
0 
0 
0 
0 
0 
0 
0 
0 
0 
0 
0 
0 
0 
0 
0 
0 
0 
0 
0 
0 
0 
0 
0 
0 
0 
0 
0 
0 
0 
0 
0 
0 
0 
0 
0 
0 
0 
0 
0 
0 
0 
0 
0 
0 
0 
0 
0 
0 
0 
0 
0 
0 
0 
0 
0 
0 
0 
0 
0 
0 
0 
0 
0 
0 
0 
0 
0 
0 
0 
0 
0 
0 
0 
0 
0 
0 
0 
0 
0 
0 
0 
0 
0 
0 
0 
0 
0 
0 
0 
0 
0 
0 
0 
0 
0 
0 
0 
0 
0 
0 
0 
0 
0 
0 
0 
0 
0 
0 
0 
0 
0 
0 
0 
0 
0 
0 
0 
0 
0 
0 
0 
0 
0 
0 
0 
0 
0 
0 
0 
0 
0 
0 
0 
0 
0 
0 
0 
0 
0 
0 
0 
0 
0 
0 
0 
0 
0 
0 
0 
0 
0 
0 
0 
0 
0 
0 
0 
0 
0 
0 
0 
0 
0 
0 
0 
0 
0 
0 
0 
0 
0 
0 
0 
0 
0 
0 
0 
0 
0 
0 
0 
0 
0 
0 
0 
0 
0 
0 
0 
0 
0 
0 
0 
0 
0 
0 
0 
0 
0 
0 
0 
0 
0 
0 
0 
0 
0 
0 
0 
0 
0 
0 
0 
0 
0 
0 
0 
0 
0 
0 
0 
0 
0 
0 
0 
0 
0 
0 
0 
0 
0 
0 
0 
0 
0 
0 
0 
0 
0 
0 
0 
0 
0 
0 
0 
0 
0 
0 
0 
0 
0 
0 
0 
0 
0 
0 
0 
0 
0 
0 
0 
0 
0 
0 
0 
0 
0 
0 
0 
0 
0 
0 
0 
0 
0 
0 
0 
0 
0 
0 
0 
0 
0 
0 
0 
0 
0 
0 
0 
0 
0 
0 
0 
0 
0 
0 
0 
0 
0 
0 
0 
0 
0 
0 
0 
0 
0 
0 
0 
0 
0 
0 
0 
0 
0 
0 
0 
0 
0 
0 
0 
0 
0 
0 
0 
0 
0 
0 
0 
0 
0 
0 
0 
0 
0 
0 
0 
0 
0 
0 
0 
0 
0 
0 
0 
0 
0 
0 
0 
0 
0 
0 
0 
0 
0 
0 
0 
0 
0 
0 
0 
0 
0 
0 
0 
0 
0 
0 
0 
0 
0 
0 
0 
0 
0 
0 
0 
0 
0 
0 
0 
0 
0 
0 
0 
0 
0 
0 
0 
0 
0 
0 
0 
0 
0 
0 
0 
0 
0 
0 
0 
0 
0 
0 
0 
0 
0 
0 
0 
0 
0 
0 
0 
0 
0 
0 
0 
0 
0 
0 
0 
0 
0 
0 
0 
0 
0 
0 
0 
0 
0 
0 
0 
0 
0 
0 
0 
0 
0 
0 
0 
0 
0 
0 
0 
0 
0 
0 
0 
0 
0 
0 
0 
0 
0 
0 
0 
0 
0 
0 
0 
0 
0 
0 
0 
0 
0 
0 
0 
0 
0 
0 
0 
0 
0 
0 
0 
0 
0 
0 
0 
0 
0 
0 
0 
0 
0 
0 
0 
0 
0 
0 
0 
0 
0 
0 
0 
0 
0 
0 
0 
0 
0 
0 
0 
0 
0 
0 
0 
0 
0 
0 
0 
0 
0 
0 
0 
0 
0 
0 
0 
0 
0 
0 
0 
0 
0 
0 
0 
0 
0 
0 
0 
0 
0 
0 
0 
0 
0 
0 
0 
0 
0 
0 
0 
0 
0 
0 
0 
0 
0 
0 
0 
0 
0 
0 
0 
0 
0 
0 
0 
0 
0 
0 
0 
0 
0 
0 
0 
0 
0 
0 
0 
0 
0 
0 
0 
0 
0 
0 
0 
0 
0 
0 
0 
0 
0 
0 
0 
0 
0 
0 
0 
0 
0 
0 
0 
0 
0 
0 
0 
0 
0 
0 
0 
0 
0 
0 
0 
0 
0 
0 
0 
0 
0 
0 
0 
0 
0 
0 
0 
0 
0 
0 
0 
0 
0 
0 
0 
0 
0 
0 
0 
0 
0 
0 
0 
0 
0 
0 
0 
0 
0 
0 
0 
0 
0 
0 
0 
0 
0 
0 
0 
0 
0 
0 
0 
0 
0 
0 
0 
0 
0 
0 
0 
0 
0 
0 
0 
0 
0 
0 
0 
0 
0 
0 
0 
0 
0 
0 
0 
0 
0 
0 
0 
0 
0 
0 
0 
0 
0 
0 
0 
0 
0 
0 
0 
0 
0 
0 
0 
0 
0 
0 
0 
0 
0 
0 
0 
0 
0 
0 
0 
0 
0 
0 
0 
0 
0 
0 
0 
0 
0 
0 
0 
0 
0 
0 
0 
0 
0 
0 
0 
0 
0 
0 
0 
0 
0 
0 
0 
0 
0 
0 
0 
0 
0 
0 
0 
0 
0 
0 
0 
0 
0 
0 
0 
0 
0 
0 
0 
0 
0 
0 
0 
0 
0 
0 
0 
0 
0 
0 
0 
0 
0 
0 
0 
0 
0 
0 
0 
0 
0 
0 
0 
0 
0 
0 
0 
0 
0 
0 
0 
0 
0 
0 
0 
0 
0 
0 
0 
0 
0 
0 
0 
0 
0 
0 
0 
0 
0 
0 
0 
0 
0 
0 
0 
0 
0 
0 
0 
0 
0 
0 
0 
0 
0 
0 
0 
0 
0 
0 
0 
0 
0 
0 
0 
0 
0 
0 
0 
0 
0 
0 
0 
0 
0 
0 
0 
0 
0 
0 
0 
0 
0 
0 
0 
0 
0 
0 
0 
0 
0 
0 
0 
0 
0 
0 
0 
0 
0 
0 
0 
0 
0 
0 
0 
0 
0 
0 
0 
0 
0 
0 
0 
0 
0 
0 
0 
0 
0 
0 
0 
0 
0 
0 
0 
0 
0 
0 
0 
0 
0 
0 
0 
0 
0 
0 
0 
0 
0 
0 
0 
0 
0 
0 
0 
0 
0 
0 
0 
0 
0 
0 
0 
0 
0 
0 
0 
0 
0 
0 
0 
0 
0 
0 
0 
0 
0 
0 
0 
0 
0 
0 
0 
0 
0 
0 
0 
0 
0 
0 
0 
0 
0 
0 
0 
0 
0 
0 
0 
0 
0 
0 
0 
0 
0 
0 
0 
0 
0 
0 
0 
0 
0 
0 
0 
0 
0 
0 
0 
0 
0 
0 
0 
0 
0 
0 
0 
0 
0 
0 
0 
0 
0 
0 
0 
0 
0 
0 
0 
0 
0 
0 
0 
0 
0 
0 
0 
0 
0 
0 
0 
0 
0 
0 
0 
0 
0 
0 
0 
0 
0 
0 
0 
0 
0 
0 
0 
0 
0 
0 
0 
0 
0 
0 
0 
0 
0 
0 
0 
0 
0 
0 
0 
0 
0 
0 
0 
0 
0 
0 
0 
0 
0 
0 
0 
0 
0 
0 
0 
0 
0 
0 
0 
0 
0 
0 
0 
0 
0 
0 
0 
0 
0 
0 
0 
0 
0 
0 
0 
0 
0 
0 
0 
0 
0 
0 
0 
0 
0 
0 
0 
0 
0 
0 
0 
0 
0 
0 
0 
0 
0 
0 
0 
0 
0 
0 
0 
0 
0 
0 
0 
0 
0 
0 
0 
0 
0 
0 
0 
0 
0 
0 
0 
0 
0 
0 
0 
0 
0 
0 
0 
0 
0 
0 
0 
0 
0 
0 
0 
0 
0 
0 
0 
0 
0 
0 
0 
0 
0 
0 
0 
0 
0 
0 
0 
0 
0 
0 
0 
0 
0 
0 
0 
0 
0 
0 
0 
0 
0 
0 
0 
0 
0 
0 
0 
0 
0 
0 
0 
0 
0 
0 
0 
0 
0 
0 
0 
0 
0 
0 
0 
0 
0 
0 
0 
0 
0 
0 
0 
0 
0 
0 
0 
0 
0 
0 
0 
0 
0 
0 
0 
0 
0 
0 
0 
0 
0 
0 
0 
0 
0 
0 
0 
0 
0 
0 
0 
0 
0 
0 
0 
0 
0 
0 
0 
0 
0 
0 
0 
0 
0 
0 
0 
0 
0 
0 
0 
0 
0 
0 
0 
0 
0 
0 
0 
0 
0 
0 
0 
0 
0 
0 
0 
0 
0 
0 
0 
0 
0 
0 
0 
0 
0 
0 
0 
0 
0 
0 
0 
0 
0 
0 
0 
0 
0 
0 
0 
0 
0 
0 
0 
0 
0 
0 
0 
0 
0 
0 
0 
0 
0 
0 
0 
0 
0 
0 
0 
0 
0 
0 
0 
0 
0 
0 
0 
0 
0 
0 
0 
0 
0 
0 
0 
0 
0 
0 
0 
0 
0 
0 
0 
0 
0 
0 
0 
0 
0 
0 
0 
0 
0 
0 
0 
0 
0 
0 
0 
0 
0 
0 
0 
0 
0 
0 
0 
0 
0 
0 
0 
0 
0 
0 
0 
0 
0 
0 
0 
0 
0 
0 
0 
0 
0 
0 
0 
0 
0 
0 
0 
0 
0 
0 
0 
0 
0 
0 
0 
0 
0 
0 
0 
0 
0 
0 
0 
0 
0 
0 
0 
0 
0 
0 
0 
0 
0 
0 
0 
0 
0 
0 
0 
0 
0 
0 
0 
0 
0 
0 
0 
0 
0 
0 
0 
0 
0 
0 
0 
0 
0 
0 
0 
0 
0 
0 
0 
0 
0 
0 
0 
0 
0 
0 
0 
0 
0 
0 
0 
0 
0 
0 
0 
0 
0 
0 
0 
0 
0 
0 
0 
0 
0 
0 
0 
0 
0 
0 
0 
0 
0 
0 
0 
0 
0 
0 
0 
0 
0 
0 
0 
0 
0 
0 
0 
0 
0 
0 
0 
0 
0 
0 
0 
0 
0 
0 
0 
0 
0 
0 
0 
0 
0 
0 
0 
0 
0 
0 
0 
0 
0 
0 
0 
0 
0 
0 
0 
0 
0 
0 
0 
0 
0 
0 
0 
0 
0 
0 
0 
0 
0 
0 
0 
0 
0 
0 
0 
0 
0 
0 
0 
0 
0 
0 
0 
0 
0 
0 
0 
0 
0 
0 
0 
0 
0 
0 
0 
0 
0 
0 
0 
0 
0 
0 
0 
0 
0 
0 
0 
0 
0 
0 
0 
0 
0 
0 
0 
0 
0 
0 
0 
0 
0 
0 
0 
0 
0 
0 
0 
0 
0 
0 
0 
0 
0 
0 
0 
0 
0 
0 
0 
0 
0 
0 
0 
0 
0 
0 
0 
0 
0 
0 
0 
0 
0 
0 
0 
0 
0 
0 
0 
0 
0 
0 
0 
0 
0 
0 
0 
0 
0 
0 
0 
0 
0 
0 
0 
0 
0 
0 
0 
0 
0 
0 
0 
0 
0 
0 
0 
0 
0 
0 
0 
0 
0 
0 
0 
0 
0 
0 
0 
0 
0 
0 
0 
0 
0 
0 
0 
0 
0 
0 
0 
0 
0 
0 
0 
0 
0 
0 
0 
0 
0 
0 
0 
0 
0 
0 
0 
0 
0 
0 
0 
0 
0 
0 
0 
0 
0 
0 
0 
0 
0 
0 
0 
0 
0 
0 
0 
0 
0 
0 
0 
0 
0 
0 
0 
0 
0 
0 
0 
0 
0 
0 
0 
0 
0 
0 
0 
0 
0 
0 
0 
0 
0 
0 
0 
0 
0 
0 
0 
0 
0 
0 
0 
0 
0 
0 
0 
0 
0 
0 
0 
0 
0 
0 
0 
0 
0 
0 
0 
0 
0 
0 
0 
0 
0 
0 
0 
0 
0 
0 
0 
0 
0 
0 
0 
0 
0 
0 
0 
0 
0 
0 
0 
0 
0 
0 
0 
0 
0 
0 
0 
0 
0 
0 
0 
0 
0 
0 
0 
0 
0 
0 
0 
0 
0 
0 
0 
0 
0 
0 
0 
0 
0 
0 
0 
0 
0 
0 
0 
0 
0 
0 
0 
0 
0 
0 
0 
0 
0 
0 
0 
0 
0 
0 
0 
0 
0 
0 
0 
0 
0 
0 
0 
0 
0 
0 
0 
0 
0 
0 
0 
0 
0 
0 
0 
0 
0 
0 
0 
0 
0 
0 
0 
0 
0 
0 
0 
0 
0 
0 
0 
0 
0 
0 
0 
0 
0 
0 
0 
0 
0 
0 
0 
0 
0 
0 
0 
0 
0 
0 
0 
0 
0 
0 
0 
0 
0 
0 
0 
0 
0 
0 
0 
0 
0 
0 
0 
0 
0 
0 
0 
0 
0 
0 
0 
0 
0 
0 
0 
0 
0 
0 
0 
0 
0 
0 
0 
0 
0 
0 
0 
0 
0 
0 
0 
0 
0 
0 
0 
0 
0 
0 
0 
0 
0 
0 
0 
0 
0 
0 
0 
0 
0 
0 
0 
0 
0 
0 
0 
0 
0 
0 
0 
0 
0 
0 
0 
0 
0 
0 
0 
0 
0 
0 
0 
0 
0 
0 
0 
0 
0 
0 
0 
0 
0 
0 
0 
0 
0 
0 
0 
0 
0 
0 
0 
0 
0 
0 
0 
0 
0 
0 
0 
0 
0 
0 
0 
0 
0 
0 
0 
0 
0 
0 
0 
0 
0 
0 
0 
0 
0 
0 
0 
0 
0 
0 
0 
0 
0 
0 
0 
0 
0 
0 
0 
0 
0 
0 
0 
0 
0 
0 
0 
0 
0 
0 
0 
0 
0 
0 
0 
0 
0 
0 
0 
0 
0 
0 
0 
0 
0 
0 
0 
0 
0 
0 
0 
0 
0 
0 
0 
0 
0 
0 
0 
0 
0 
0 
0 
0 
0 
0 
0 
0 
0 
0 
0 
0 
0 
0 
0 
0 
0 
0 
0 
0 
0 
0 
0 
0 
0 
0 
0 
0 
0 
0 
0 
0 
0 
0 
0 
0 
0 
0 
0 
0 
0 
0 
0 
0 
0 
0 
0 
0 
0 
0 
0 
0 
0 
0 
0 
0 
0 
0 
0 
0 
0 
0 
0 
0 
0 
0 
0 
0 
0 
0 
0 
0 
0 
0 
0 
0 
0 
0 
0 
0 
0 
0 
0 
0 
0 
0 
0 
0 
0 
0 
0 
0 
0 
0 
0 
0 
0 
0 
0 
0 
0 
0 
0 
0 
0 
0 
0 
0 
0 
0 
0 
0 
0 
0 
0 
0 
0 
0 
0 
0 
0 
0 
0 
0 
0 
0 
0 
0 
0 
0 
0 
0 
0 
0 
0 
0 
0 
0 
0 
0 
0 
0 
0 
0 
0 
0 
0 
0 
0 
0 
0 
0 
0 
0 
0 
0 
0 
0 
0 
0 
0 
0 
0 
0 
0 
0 
0 
0 
0 
0 
0 
0 
0 
0 
0 
0 
0 
0 
0 
0 
0 
0 
0 
0 
0 
0 
0 
0 
0 
0 
0 
0 
0 
0 
0 
0 
0 
0 
0 
0 
0 
0 
0 
0 
0 
0 
0 
0 
0 
0 
0 
0 
0 
0 
0 
0 
0 
0 
0 
0 
0 
0 
0 
0 
0 
0 
0 
0 
0 
0 
0 
0 
0 
0 
0 
0 
0 
0 
0 
0 
0 
0 
0 
0 
0 
0 
0 
0 
0 
0 
0 
0 
0 
0 
0 
0 
0 
0 
0 
0 
0 
0 
0 
0 
0 
0 
0 
0 
0 
0 
0 
0 
0 
0 
0 
0 
0 
0 
0 
0 
0 
0 
0 
0 
0 
0 
0 
0 
0 
0 
0 
0 
0 
0 
0 
0 
0 
0 
0 
0 
0 
0 
0 
0 
0 
0 
0 
0 
0 
0 
0 
0 
0 
0 
0 
0 
0 
0 
0 
0 
0 
0 
0 
0 
0 
0 
0 
0 
0 
0 
0 
0 
0 
0 
0 
0 
0 
0 
0 
0 
0 
0 
0 
0 
0 
0 
0 
0 
0 
0 
0 
0 
0 
0 
0 
0 
0 
0 
0 
0 
0 
0 
0 
0 
0 
0 
0 
0 
0 
0 
0 
0 
0 
0 
0 
0 
0 
0 
0 
0 
0 
0 
0 
0 
0 
0 
0 
0 
0 
0 
0 
0 
0 
0 
0 
0 
0 
0 
0 
0 
0 
0 
0 
0 
0 
0 
0 
0 
0 
0 
0 
0 
0 
0 
0 
0 
0 
0 
0 
0 
0 
0 
0 
0 
0 
0 
0 
0 
0 
0 
0 
0 
0 
0 
0 
0 
0 
0 
0 
0 
0 
0 
0 
0 
0 
0 
0 
0 
0 
0 
0 
0 
0 
0 
0 
0 
0 
0 
0 
0 
0 
0 
0 
0 
0 
0 
0 
0 
0 
0 
0 
0 
0 
0 
0 
0 
0 
0 
0 
0 
0 
0 
0 
0 
0 
0 
0 
0 
0 
0 
0 
0 
0 
0 
0 
0 
0 
0 
0 
0 
0 
0 
0 
0 
0 
0 
0 
0 
0 
0 
0 
0 
0 
0 
0 
0 
0 
0 
0 
0 
0 
0 
0 
0 
0 
0 
0 
0 
0 
0 
0 
0 
0 
0 
0 
0 
0 
0 
0 
0 
0 
0 
0 
0 
0 
0 
0 
0 
0 
0 
0 
0 
0 
0 
0 
0 
0 
0 
0 
0 
0 
0 
0 
0 
0 
0 
0 
0 
0 
0 
0 
0 
0 
0 
0 
0 
0 
0 
0 
0 
0 
0 
0 
0 
0 
0 
0 
0 
0 
0 
0 
0 
0 
0 
0 
0 
0 
0 
0 
0 
0 
0 
0 
0 
0 
0 
0 
0 
0 
0 
0 
0 
0 
0 
0 
0 
0 
0 
0 
0 
0 
0 
0 
0 
0 
0 
0 
0 
0 
0 
0 
0 
0 
0 
0 
0 
0 
0 
0 
0 
0 
0 
0 
0 
0 
0 
0 
0 
0 
0 
0 
0 
0 
0 
0 
0 
0 
0 
0 
0 
0 
0 
0 
0 
0 
0 
0 
0 
0 
0 
0 
0 
0 
0 
0 
0 
0 
0 
0 
0 
0 
0 
0 
0 
0 
0 
0 
0 
0 
0 
0 
0 
0 
0 
0 
0 
0 
0 
0 
0 
0 
0 
0 
0 
0 
0 
0 
0 
0 
0 
0 
0 
0 
0 
0 
0 
0 
0 
0 
0 
0 
0 
0 
0 
0 
0 
0 
0 
0 
0 
0 
0 
0 
0 
0 
0 
0 
0 
0 
0 
0 
0 
0 
0 
0 
0 
0 
0 
0 
0 
0 
0 
0 
0 
0 
0 
0 
0 
0 
0 
0 
0 
0 
0 
0 
0 
0 
0 
0 
0 
0 
0 
0 
0 
0 
0 
0 
0 
0 
0 
0 
0 
0 
0 
0 
0 
0 
0 
0 
0 
0 
0 
0 
0 
0 
0 
0 
0 
0 
0 
0 
0 
0 
0 
0 
0 
0 
0 
0 
0 
0 
0 
0 
0 
0 
0 
0 
0 
0 
0 
0 
0 
0 
0 
0 
0 
0 
0 
0 
0 
0 
0 
0 
0 
0 
0 
0 
0 
0 
0 
0 
0 
0 
0 
0 
0 
0 
0 
0 
0 
0 
0 
0 
0 
0 
0 
0 
0 
0 
0 
0 
0 
0 
0 
0 
0 
0 
0 
0 
0 
0 
0 
0 
0 
0 
0 
0 
0 
0 
0 
0 
0 
0 
0 
0 
0 
0 
0 
0 
0 
0 
0 
0 
0 
0 
0 
0 
0 
0 
0 
0 
0 
0 
0 
0 
0 
0 
0 
0 
0 
0 
0 
0 
0 
0 
0 
0 
0 
0 
0 
0 
0 
0 
0 
0 
0 
0 
0 
0 
0 
0 
0 
0 
0 
0 
0 
0 
0 
0 
0 
0 
0 
0 
0 
0 
0 
0 
0 
0 
0 
0 
0 
0 
0 
0 
0 
0 
0 
0 
0 
0 
0 
0 
0 
0 
0 
0 
0 
0 
0 
0 
0 
0 
0 
0 
0 
0 
0 
0 
0 
0 
0 
0 
0 
0 
0 
0 
0 
0 
0 
0 
0 
0 
0 
0 
0 
0 
0 
0 
0 
0 
0 
0 
0 
0 
0 
0 
0 
0 
0 
0 
0 
0 
0 
0 
0 
0 
0 
0 
0 
0 
0 
0 
0 
0 
0 
0 
0 
0 
0 
0 
0 
0 
0 
0 
0 
0 
0 
0 
0 
0 
0 
0 
0 
0 
0 
0 
0 
0 
0 
0 
0 
0 
0 
0 
0 
0 
0 
0 
0 
0 
0 
0 
0 
0 
0 
0 
0 
0 
0 
0 
0 
0 
0 
0 
0 
0 
0 
0 
0 
0 
0 
0 
0 
0 
0 
0 
0 
0 
0 
0 
0 
0 
0 
0 
0 
0 
0 
0 
0 
0 
0 
0 
0 
0 
0 
0 
0 
0 
0 
0 
0 
0 
0 
0 
0 
0 
0 
0 
0 
0 
0 
0 
0 
0 
0 
0 
0 
0 
0 
0 
0 
0 
0 
0 
0 
0 
0 
0 
0 
0 
0 
0 
0 
0 
0 
0 
0 
0 
0 
0 
0 
0 
0 
0 
0 
0 
0 
0 
0 
0 
0 
0 
0 
0 
0 
0 
0 
0 
0 
0 
0 
0 
0 
0 
0 
0 
0 
0 
0 
0 
0 
0 
0 
0 
0 
0 
0 
0 
0 
0 
0 
0 
0 
0 
0 
0 
0 
0 
0 
0 
0 
0 
0 
0 
0 
0 
0 
0 
0 
0 
0 
0 
0 
0 
0 
0 
0 
0 
0 
0 
0 
0 
0 
0 
0 
0 
0 
0 
0 
0 
0 
0 
0 
0 
0 
0 
0 
0 
0 
0 
0 
0 
0 
0 
0 
0 
0 
0 
0 
0 
0 
0 
0 
0 
0 
0 
0 
0 
0 
0 
0 
0 
0 
0 
0 
0 
0 
0 
0 
0 
0 
0 
0 
0 
0 
0 
0 
0 
0 
0 
0 
0 
0 
0 
0 
0 
0 
0 
0 
0 
0 
0 
0 
0 
0 
0 
0 
0 
0 
0 
0 
0 
0 
0 
0 
0 
0 
0 
0 
0 
0 
0 
0 
0 
0 
0 
0 
0 
0 
0 
0 
0 
0 
0 
0 
0 
0 
0 
0 
0 
0 
0 
0 
0 
0 
0 
0 
0 
0 
0 
0 
0 
0 
0 
0 
0 
0 
0 
0 
0 
0 
0 
0 
0 
0 
0 
0 
0 
0 
0 
0 
0 
0 
0 
0 
0 
0 
0 
0 
0 
0 
0 
0 
0 
0 
0 
0 
0 
0 
0 
0 
0 
0 
0 
0 
0 
0 
0 
0 
0 
0 
0 
0 
0 
0 
0 
0 
0 
0 
0 
0 
0 
0 
0 
0 
0 
0 
0 
0 
0 
0 
0 
0 
0 
0 
0 
0 
0 
0 
0 
0 
0 
0 
0 
0 
0 
0 
0 
0 
0 
0 
0 
0 
0 
0 
0 
0 
0 
0 
0 
0 
0 
0 
0 
0 
0 
0 
0 
0 
0 
0 
0 
0 
0 
0 
0 
0 
0 
0 
0 
0 
0 
0 
0 
0 
0 
0 
0 
0 
0 
0 
0 
0 
0 
0 
0 
0 
0 
0 
0 
0 
0 
0 
0 
0 
0 
0 
0 
0 
0 
0 
0 
0 
0 
0 
0 
0 
0 
0 
0 
0 
0 
0 
0 
0 
0 
0 
0 
0 
0 
0 
0 
0 
0 
0 
0 
0 
0 
0 
0 
0 
0 
0 
0 
0 
0 
0 
0 
0 
0 
0 
0 
0 
0 
0 
0 
0 
0 
0 
0 
0 
0 
0 
0 
0 
0 
0 
0 
0 
0 
0 
0 
0 
0 
0 
0 
0 
0 
0 
0 
0 
0 
0 
0 
0 
0 
0 
0 
0 
0 
0 
0 
0 
0 
0 
0 
0 
0 
0 
0 
0 
0 
0 
0 
0 
0 
0 
0 
0 
0 
0 
0 
0 
0 
0 
0 
0 
0 
0 
0 
0 
0 
0 
0 
0 
0 
0 
0 
0 
0 
0 
0 
0 
0 
0 
0 
0 
0 
0 
0 
0 
0 
0 
0 
0 
0 
0 
0 
0 
0 
0 
0 
0 
0 
0 
0 
0 
0 
0 
0 
0 
0 
0 
0 
0 
0 
0 
0 
0 
0 
0 
0 
0 
0 
0 
0 
0 
0 
0 
0 
0 
0 
0 
0 
0 
0 
0 
0 
0 
0 
0 
0 
0 
0 
0 
0 
0 
0 
0 
0 
0 
0 
0 
0 
0 
0 
0 
0 
0 
0 
0 
0 
0 
0 
0 
0 
0 
0 
0 
0 
0 
0 
0 
0 
0 
0 
0 
0 
0 
0 
0 
0 
0 
0 
0 
0 
0 
0 
0 
0 
0 
0 
0 
0 
0 
0 
0 
0 
0 
0 
0 
0 
0 
0 
0 
0 
0 
0 
0 
0 
0 
0 
0 
0 
0 
0 
0 
0 
0 
0 
0 
0 
0 
0 
0 
0 
0 
0 
0 
0 
0 
0 
0 
0 
0 
0 
0 
0 
0 
0 
0 
0 
0 
0 
0 
0 
0 
0 
0 
0 
0 
0 
0 
0 
0 
0 
0 
0 
0 
0 
0 
0 
0 
0 
0 
0 
0 
0 
0 
0 
0 
0 
0 
0 
0 
0 
0 
0 
0 
0 
0 
0 
0 
0 
0 
0 
0 
0 
0 
0 
0 
0 
0 
0 
0 
0 
0 
0 
0 
0 
0 
0 
0 
0 
0 
0 
0 
0 
0 
0 
0 
0 
0 
0 
0 
0 
0 
0 
0 
0 
0 
0 
0 
0 
0 
0 
0 
0 
0 
0 
0 
0 
0 
0 
0 
0 
0 
0 
0 
0 
0 
0 
0 
0 
0 
0 
0 
0 
0 
0 
0 
0 
0 
0 
0 
0 
0 
0 
0 
0 
0 
0 
0 
0 
0 
0 
0 
0 
0 
0 
0 
0 
0 
0 
0 
0 
0 
0 
0 
0 
0 
0 
0 
0 
0 
0 
0 
0 
0 
0 
0 
0 
0 
0 
0 
0 
0 
0 
0 
0 
0 
0 
0 
0 
0 
0 
0 
0 
0 
0 
0 
0 
0 
0 
0 
0 
0 
0 
0 
0 
0 
0 
0 
0 
0 
0 
0 
0 
0 
0 
0 
0 
0 
0 
0 
0 
0 
0 
0 
0 
0 
0 
0 
0 
0 
0 
0 
0 
0 
0 
0 
0 
0 
0 
0 
0 
0 
0 
0 
0 
0 
0 
0 
0 
0 
0 
0 
0 
0 
0 
0 
0 
0 
0 
0 
0 
0 
0 
0 
0 
0 
0 
0 
0 
0 
0 
0 
0 
0 
0 
0 
0 
0 
0 
0 
0 
0 
0 
0 
0 
0 
0 
0 
0 
0 
0 
0 
0 
0 
0 
0 
0 
0 
0 
0 
0 
0 
0 
0 
0 
0 
0 
0 
0 
0 
0 
0 
0 
0 
0 
0 
0 
0 
0 
0 
0 
0 
0 
0 
0 
0 
0 
0 
0 
0 
0 
0 
0 
0 
0 
0 
0 
0 
0 
0 
0 
0 
0 
0 
0 
0 
0 
0 
0 
0 
0 
0 
0 
0 
0 
0 
0 
0 
0 
0 
0 
0 
0 
0 
0 
0 
0 
0 
0 
0 
0 
0 
0 
0 
0 
0 
0 
0 
0 
0 
0 
0 
0 
0 
0 
0 
0 
0 
0 
0 
0 
0 
0 
0 
0 
0 
0 
0 
0 
0 
0 
0 
0 
0 
0 
0 
0 
0 
0 
0 
0 
0 
0 
0 
0 
0 
0 
0 
0 
0 
0 
0 
0 
0 
0 
0 
0 
0 
0 
0 
0 
0 
0 
0 
0 
0 
0 
0 
0 
0 
0 
0 
0 
0 
0 
0 
0 
0 
0 
0 
0 
0 
0 
0 
0 
0 
0 
0 
0 
0 
0 
0 
0 
0 
0 
0 
0 
0 
0 
0 
0 
0 
0 
0 
0 
0 
0 
0 
0 
0 
0 
0 
0 
0 
0 
0 
0 
0 
0 
0 
0 
0 
0 
0 
0 
0 
0 
0 
0 
0 
0 
0 
0 
0 
0 
0 
0 
0 
0 
0 
0 
0 
0 
0 
0 
0 
0 
0 
0 
0 
0 
0 
0 
0 
0 
0 
0 
0 
0 
0 
0 
0 
0 
0 
0 
0 
0 
0 
0 
0 
0 
0 
0 
0 
0 
0 
0 
0 
0 
0 
0 
0 
0 
0 
0 
0 
0 
0 
0 
0 
0 
0 
0 
0 
0 
0 
0 
0 
0 
0 
0 
0 
0 
0 
0 
0 
0 
0 
0 
0 
0 
0 
0 
0 
0 
0 
0 
0 
0 
0 
0 
0 
0 
0 
0 
0 
0 
0 
0 
0 
0 
0 
0 
0 
0 
0 
0 
0 
0 
0 
0 
0 
0 
0 
0 
0 
0 
0 
0 
0 
0 
0 
0 
0 
0 
0 
0 
0 
0 
0 
0 
0 
0 
0 
0 
0 
0 
0 
0 
0 
0 
0 
0 
0 
0 
0 
0 
0 
0 
0 
0 
0 
0 
0 
0 
0 
0 
0 
0 
0 
0 
0 
0 
0 
0 
0 
0 
0 
0 
0 
0 
0 
0 
0 
0 
0 
0 
0 
0 
0 
0 
0 
0 
0 
0 
0 
0 
0 
0 
0 
0 
0 
0 
0 
0 
0 
0 
0 
0 
0 
0 
0 
0 
0 
0 
0 
0 
0 
0 
0 
0 
0 
0 
0 
0 
0 
0 
0 
0 
0 
0 
0 
0 
0 
0 
0 
0 
0 
0 
0 
0 
0 
0 
0 
0 
0 
0 
0 
0 
0 
0 
0 
0 
0 
0 
0 
0 
0 
0 
0 
0 
0 
0 
0 
0 
0 
0 
0 
0 
0 
0 
0 
0 
0 
0 
0 
0 
0 
0 
0 
0 
0 
0 
0 
0 
0 
0 
0 
0 
0 
0 
0 
0 
0 
0 
0 
0 
0 
0 
0 
0 
0 
0 
0 
0 
0 
0 
0 
0 
0 
0 
0 
0 
0 
0 
0 
0 
0 
0 
0 
0 
0 
0 
0 
0 
0 
0 
0 
0 
0 
0 
0 
0 
0 
0 
0 
0 
0 
0 
0 
0 
0 
0 
0 
0 
0 
0 
0 
0 
0 
0 
0 
0 
0 
0 
0 
0 
0 
0 
0 
0 
0 
0 
0 
0 
0 
0 
0 
0 
0 
0 
0 
0 
0 
0 
0 
0 
0 
0 
0 
0 
0 
0 
0 
0 
0 
0 
0 
0 
0 
0 
0 
0 
0 
0 
0 
0 
0 
0 
0 
0 
0 
0 
0 
0 
0 
0 
0 
0 
0 
0 
0 
0 
0 
0 
0 
0 
0 
0 
0 
0 
0 
0 
0 
0 
0 
0 
0 
0 
0 
0 
0 
0 
0 
0 
0 
0 
0 
0 
0 
0 
0 
0 
0 
0 
0 
0 
0 
0 
0 
0 
0 
0 
0 
0 
0 
0 
0 
0 
0 
0 
0 
0 
0 
0 
0 
0 
0 
0 
0 
0 
0 
0 
0 
0 
0 
0 
0 
0 
0 
0 
0 
0 
0 
0 
0 
0 
0 
0 
0 
0 
0 
0 
0 
0 
0 
0 
0 
0 
0 
0 
0 
0 
0 
0 
0 
0 
0 
0 
0 
0 
0 
0 
0 
0 
0 
0 
0 
0 
0 
0 
0 
0 
0 
0 
0 
0 
0 
0 
0 
0 
0 
0 
0 
0 
0 
0 
0 
0 
0 
0 
0 
0 
0 
0 
0 
0 
0 
0 
0 
0 
0 
0 
0 
0 
0 
0 
0 
0 
0 
0 
0 
0 
0 
0 
0 
0 
0 
0 
0 
0 
0 
0 
0 
0 
0 
0 
0 
0 
0 
0 
0 
0 
0 
0 
0 
0 
0 
0 
0 
0 
0 
0 
0 
0 
0 
0 
0 
0 
0 
0 
0 
0 
0 
0 
0 
0 
0 
0 
0 
0 
0 
0 
0 
0 
0 
0 
0 
0 
0 
0 
0 
0 
0 
0 
0 
0 
0 
0 
0 
0 
0 
0 
0 
0 
0 
0 
0 
0 
0 
0 
0 
0 
0 
0 
0 
0 
0 
0 
0 
0 
0 
0 
0 
0 
0 
0 
0 
0 
0 
0 
0 
0 
0 
0 
0 
0 
0 
0 
0 
0 
0 
0 
0 
0 
0 
0 
0 
0 
0 
0 
0 
0 
0 
0 
0 
0 
0 
0 
0 
0 
0 
0 
0 
0 
0 
0 
0 
0 
0 
0 
0 
0 
0 
0 
0 
0 
0 
0 
0 
0 
0 
0 
0 
0 
0 
0 
0 
0 
0 
0 
0 
0 
0 
0 
0 
0 
0 
0 
0 
0 
0 
0 
0 
0 
0 
0 
0 
0 
0 
0 
0 
0 
0 
0 
0 
0 
0 
0 
0 
0 
0 
0 
0 
0 
0 
0 
0 
0 
0 
0 
0 
0 
0 
0 
0 
0 
0 
0 
0 
0 
0 
0 
0 
0 
0 
0 
0 
0 
0 
0 
0 
0 
0 
0 
0 
0 
0 
0 
0 
0 
0 
0 
0 
0 
0 
0 
0 
0 
0 
0 
0 
0 
0 
0 
0 
0 
0 
0 
0 
0 
0 
0 
0 
0 
0 
0 
0 
0 
0 
0 
0 
0 
0 
0 
0 
0 
0 
0 
0 
0 
0 
0 
0 
0 
0 
0 
0 
0 
0 
0 
0 
0 
0 
0 
0 
0 
0 
0 
0 
0 
0 
0 
0 
0 
0 
0 
0 
0 
0 
0 
0 
0 
0 
0 
0 
0 
0 
0 
0 
0 
0 
0 
0 
0 
0 
0 
0 
0 
0 
0 
0 
0 
0 
0 
0 
0 
0 
0 
0 
0 
0 
0 
0 
0 
0 
0 
0 
0 
0 
0 
0 
0 
0 
0 
0 
0 
0 
0 
0 
0 
0 
0 
0 
0 
0 
0 
0 
0 
0 
0 
0 
0 
0 
0 
0 
0 
0 
0 
0 
0 
0 
0 
0 
0 
0 
0 
0 
0 
0 
0 
0 
0 
0 
0 
0 
0 
0 
0 
0 
0 
0 
0 
0 
0 
0 
0 
0 
0 
0 
0 
0 
0 
0 
0 
0 
0 
0 
0 
0 
0 
0 
0 
0 
0 
0 
0 
0 
0 
0 
0 
0 
0 
0 
0 
0 
0 
0 
0 
0 
0 
0 
0 
0 
0 
0 
0 
0 
0 
0 
0 
0 
0 
0 
0 
0 
0 
0 
0 
0 
0 
0 
0 
0 
0 
0 
0 
0 
0 
0 
0 
0 
0 
0 
0 
0 
0 
0 
0 
0 
0 
0 
0 
0 
0 
0 
0 
0 
0 
0 
0 
0 
0 
0 
0 
0 
0 
0 
0 
0 
0 
0 
0 
0 
0 
0 
0 
0 
0 
0 
0 
0 
0 
0 
0 
0 
0 
0 
0 
0 
0 
0 
0 
0 
0 
0 
0 
0 
0 
0 
0 
0 
0 
0 
0 
0 
0 
0 
0 
0 
0 
0 
0 
0 
0 
0 
0 
0 
0 
0 
0 
0 
0 
0 
0 
0 
0 
0 
0 
0 
0 
0 
0 
0 
0 
0 
0 
0 
0 
0 
0 
0 
0 
0 
0 
0 
0 
0 
0 
0 
0 
0 
0 
0 
0 
0 
0 
0 
0 
0 
0 
0 
0 
0 
0 
0 
0 
0 
0 
0 
0 
0 
0 
0 
0 
0 
0 
0 
0 
0 
0 
0 
0 
0 
0 
0 
0 
0 
0 
0 
0 
0 
0 
0 
0 
0 
0 
0 
0 
0 
0 
0 
0 
0 
0 
0 
0 
0 
0 
0 
0 
0 
0 
0 
0 
0 
0 
0 
0 
0 
0 
0 
0 
0 
0 
0 
0 
0 
0 
0 
0 
0 
0 
0 
0 
0 
0 
0 
0 
0 
0 
0 
0 
0 
0 
0 
0 
0 
0 
0 
0 
0 
0 
0 
0 
0 
0 
0 
0 
0 
0 
0 
0 
0 
0 
0 
0 
0 
0 
0 
0 
0 
0 
0 
0 
0 
0 
0 
0 
0 
0 
0 
0 
0 
0 
0 
0 
0 
0 
0 
0 
0 
0 
0 
0 
0 
0 
0 
0 
0 
0 
0 
0 
0 
0 
0 
0 
0 
0 
0 
0 
0 
0 
0 
0 
0 
0 
0 
0 
0 
0 
0 
0 
0 
0 
0 
0 
0 
0 
0 
0 
0 
0 
0 
0 
0 
0 
0 
0 
0 
0 
0 
0 
0 
0 
0 
0 
0 
0 
0 
0 
0 
0 
0 
0 
0 
0 
0 
0 
0 
0 
0 
0 
0 
0 
0 
0 
0 
0 
0 
0 
0 
0 
0 
0 
0 
0 
0 
0 
0 
0 
0 
0 
0 
0 
0 
0 
0 
0 
0 
0 
0 
0 
0 
0 
0 
0 
0 
0 
0 
0 
0 
0 
0 
0 
0 
0 
0 
0 
0 
0 
0 
0 
0 
0 
0 
0 
0 
0 
0 
0 
0 
0 
0 
0 
0 
0 
0 
0 
0 
0 
0 
0 
0 
0 
0 
0 
0 
0 
0 
0 
0 
0 
0 
0 
0 
0 
0 
0 
0 
0 
0 
0 
0 
0 
0 
0 
0 
0 
0 
0 
0 
0 
0 
0 
0 
0 
0 
0 
0 
0 
0 
0 
0 
0 
0 
0 
0 
0 
0 
0 
0 
0 
0 
0 
0 
0 
0 
0 
0 
0 
0 
0 
0 
0 
0 
0 
0 
0 
0 
0 
0 
0 
0 
0 
0 
0 
0 
0 
0 
0 
0 
0 
0 
0 
0 
0 
0 
0 
0 
0 
0 
0 
0 
0 
0 
0 
0 
0 
0 
0 
0 
0 
0 
0 
0 
0 
0 
0 
0 
0 
0 
0 
0 
0 
0 
0 
0 
0 
0 
0 
0 
0 
0 
0 
0 
0 
0 
0 
0 
0 
0 
0 
0 
0 
0 
0 
0 
0 
0 
0 
0 
0 
0 
0 
0 
0 
0 
0 
0 
0 
0 
0 
0 
0 
0 
0 
0 
0 
0 
0 
0 
0 
0 
0 
0 
0 
0 
0 
0 
0 
0 
0 
0 
0 
0 
0 
0 
0 
0 
0 
0 
0 
0 
0 
0 
0 
0 
0 
0 
0 
0 
0 
0 
0 
0 
0 
0 
0 
0 
0 
0 
0 
0 
0 
0 
0 
0 
0 
0 
0 
0 
0 
0 
0 
0 
0 
0 
0 
0 
0 
0 
0 
0 
0 
0 
0 
0 
0 
0 
0 
0 
0 
0 
0 
0 
0 
0 
0 
0 
0 
0 
0 
0 
0 
0 
0 
0 
0 
0 
0 
0 
0 
0 
0 
0 
0 
0 
0 
0 
0 
0 
0 
0 
0 
0 
0 
0 
0 
0 
0 
0 
0 
0 
0 
0 
0 
0 
0 
0 
0 
0 
0 
0 
0 
0 
0 
0 
0 
0 
0 
0 
0 
0 
0 
0 
0 
0 
0 
0 
0 
0 
0 
0 
0 
0 
0 
0 
0 
0 
0 
0 
0 
0 
0 
0 
0 
0 
0 
0 
0 
0 
0 
0 
0 
0 
0 
0 
0 
0 
0 
0 
0 
0 
0 
0 
0 
0 
0 
0 
0 
0 
0 
0 
0 
0 
0 
0 
0 
0 
0 
0 
0 
0 
0 
0 
0 
0 
0 
0 
0 
0 
0 
0 
0 
0 
0 
0 
0 
0 
0 
0 
0 
0 
0 
0 
0 
0 
0 
0 
0 
0 
0 
0 
0 
0 
0 
0 
0 
0 
0 
0 
0 
0 
0 
0 
0 
0 
0 
0 
0 
0 
0 
0 
0 
0 
0 
0 
0 
0 
0 
0 
0 
0 
0 
0 
0 
0 
0 
0 
0 
0 
0 
0 
0 
0 
0 
0 
0 
0 
0 
0 
0 
0 
0 
0 
0 
0 
0 
0 
0 
0 
0 
0 
0 
0 
0 
0 
0 
0 
0 
0 
0 
0 
0 
0 
0 
0 
0 
0 
0 
0 
0 
0 
0 
0 
0 
0 
0 
0 
0 
0 
0 
0 
0 
0 
0 
0 
0 
0 
0 
0 
0 
0 
0 
0 
0 
0 
0 
0 
0 
0 
0 
0 
0 
0 
0 
0 
0 
0 
0 
0 
0 
0 
0 
0 
0 
0 
0 
0 
0 
0 
0 
0 
0 
0 
0 
0 
0 
0 
0 
0 
0 
0 
0 
0 
0 
0 
0 
0 
0 
0 
0 
0 
0 
0 
0 
0 
0 
0 
0 
0 
0 
0 
0 
0 
0 
0 
0 
0 
0 
0 
0 
0 
0 
0 
0 
0 
0 
0 
0 
0 
0 
0 
0 
0 
0 
0 
0 
0 
0 
0 
0 
0 
0 
0 
0 
0 
0 
0 
0 
0 
0 
0 
0 
0 
0 
0 
0 
0 
0 
0 
0 
0 
0 
0 
0 
0 
0 
0 
0 
0 
0 
0 
0 
0 
0 
0 
0 
0 
0 
0 
0 
0 
0 
0 
0 
0 
0 
0 
0 
0 
0 
0 
0 
0 
0 
0 
0 
0 
0 
0 
0 
0 
0 
0 
0 
0 
0 
0 
0 
0 
0 
0 
0 
0 
0 
0 
0 
0 
0 
0 
0 
0 
0 
0 
0 
0 
0 
0 
0 
0 
0 
0 
0 
0 
0 
0 
0 
0 
0 
0 
0 
0 
0 
0 
0 
0 
0 
0 
0 
0 
0 
0 
0 
0 
0 
0 
0 
0 
0 
0 
0 
0 
0 
0 
0 
0 
0 
0 
0 
0 
0 
0 
0 
0 
0 
0 
0 
0 
0 
0 
0 
0 
0 
0 
0 
0 
0 
0 
0 
0 
0 
0 
0 
0 
0 
0 
0 
0 
0 
0 
0 
0 
0 
0 
0 
0 
0 
0 
0 
0 
0 
0 
0 
0 
0 
0 
0 
0 
0 
0 
0 
0 
0 
0 
0 
0 
0 
0 
0 
0 
0 
0 
0 
0 
0 
0 
0 
0 
0 
0 
0 
0 
0 
0 
0 
0 
0 
0 
0 
0 
0 
0 
0 
0 
0 
0 
0 
0 
0 
0 
0 
0 
0 
0 
0 
0 
0 
0 
0 
0 
0 
0 
0 
0 
0 
0 
0 
0 
0 
0 
0 
0 
0 
0 
0 
0 
0 
0 
0 
0 
0 
0 
0 
0 
0 
0 
0 
0 
0 
0 
0 
0 
0 
0 
0 
0 
0 
0 
0 
0 
0 
0 
0 
0 
0 
0 
0 
0 
0 
0 
0 
0 
0 
0 
0 
0 
0 
0 
0 
0 
0 
0 
0 
0 
0 
0 
0 
0 
0 
0 
0 
0 
0 
0 
0 
0 
0 
0 
0 
0 
0 
0 
0 
0 
0 
0 
0 
0 
0 
0 
0 
0 
0 
0 
0 
0 
0 
0 
0 
0 
0 
0 
0 
0 
0 
0 
0 
0 
0 
0 
0 
0 
0 
0 
0 
0 
0 
0 
0 
0 
0 
0 
0 
0 
0 
0 
0 
0 
0 
0 
0 
0 
0 
0 
0 
0 
0 
0 
0 
0 
0 
0 
0 
0 
0 
0 
0 
0 
0 
0 
0 
0 
0 
0 
0 
0 
0 
0 
0 
0 
0 
0 
0 
0 
0 
0 
0 
0 
0 
0 
0 
0 
0 
0 
0 
0 
0 
0 
0 
0 
0 
0 
0 
0 
0 
0 
0 
0 
0 
0 
0 
0 
0 
0 
0 
0 
0 
0 
0 
0 
0 
0 
0 
0 
0 
0 
0 
0 
0 
0 
0 
0 
0 
0 
0 
0 
0 
0 
0 
0 
0 
0 
0 
0 
0 
0 
0 
0 
0 
0 
0 
0 
0 
0 
0 
0 
0 
0 
0 
0 
0 
0 
0 
0 
0 
0 
0 
0 
0 
0 
0 
0 
0 
0 
0 
0 
0 
0 
0 
0 
0 
0 
0 
0 
0 
0 
0 
0 
0 
0 
0 
0 
0 
0 
0 
0 
0 
0 
0 
0 
0 
0 
0 
0 
0 
0 
0 
0 
0 
0 
0 
0 
0 
0 
0 
0 
0 
0 
0 
0 
0 
0 
0 
0 
0 
0 
0 
0 
0 
0 
0 
0 
0 
0 
0 
0 
0 
0 
0 
0 
0 
0 
0 
0 
0 
0 
0 
0 
0 
0 
0 
0 
0 
0 
0 
0 
0 
0 
0 
0 
0 
0 
0 
0 
0 
0 
0 
0 
0 
0 
0 
0 
0 
0 
0 
0 
0 
0 
0 
0 
0 
0 
0 
0 
0 
0 
0 
0 
0 
0 
0 
0 
0 
0 
0 
0 
0 
0 
0 
0 
0 
0 
0 
0 
0 
0 
0 
0 
0 
0 
0 
0 
0 
0 
0 
0 
0 
0 
0 
0 
0 
0 
0 
0 
0 
0 
0 
0 
0 
0 
0 
0 
0 
0 
0 
0 
0 
0 
0 
0 
0 
0 
0 
0 
0 
0 
0 
0 
0 
0 
0 
0 
0 
0 
0 
0 
0 
0 
0 
0 
0 
0 
0 
0 
0 
0 
0 
0 
0 
0 
0 
0 
0 
0 
0 
0 
0 
0 
0 
0 
0 
0 
0 
0 
0 
0 
0 
0 
0 
0 
0 
0 
0 
0 
0 
0 
0 
0 
0 
0 
0 
0 
0 
0 
0 
0 
0 
0 
0 
0 
0 
0 
0 
0 
0 
0 
0 
0 
0 
0 
0 
0 
0 
0 
0 
0 
0 
0 
0 
0 
0 
0 
0 
0 
0 
0 
0 
0 
0 
0 
0 
0 
0 
0 
0 
0 
0 
0 
0 
0 
0 
0 
0 
0 
0 
0 
0 
0 
0 
0 
0 
0 
0 
0 
0 
0 
0 
0 
0 
0 
0 
0 
0 
0 
0 
0 
0 
0 
0 
0 
0 
0 
0 
0 
0 
0 
0 
0 
0 
0 
0 
0 
0 
0 
0 
0 
0 
0 
0 
0 
0 
0 
0 
0 
0 
0 
0 
0 
0 
0 
0 
0 
0 
0 
0 
0 
0 
0 
0 
0 
0 
0 
0 
0 
0 
0 
0 
0 
0 
0 
0 
0 
0 
0 
0 
0 
0 
0 
0 
0 
0 
0 
0 
0 
0 
0 
0 
0 
0 
0 
0 
0 
0 
0 
0 
0 
0 
0 
0 
0 
0 
0 
0 
0 
0 
0 
0 
0 
0 
0 
0 
0 
0 
0 
0 
0 
0 
0 
0 
0 
0 
0 
0 
0 
0 
0 
0 
0 
0 
0 
0 
0 
0 
0 
0 
0 
0 
0 
0 
0 
0 
0 
0 
0 
0 
0 
0 
0 
0 
0 
0 
0 
0 
0 
0 
0 
0 
0 
0 
0 
0 
0 
0 
0 
0 
0 
0 
0 
0 
0 
0 
0 
0 
0 
0 
0 
0 
0 
0 
0 
0 
0 
0 
0 
0 
0 
0 
0 
0 
0 
0 
0 
0 
0 
0 
0 
0 
0 
0 
0 
0 
0 
0 
0 
0 
0 
0 
0 
0 
0 
0 
0 
0 
0 
0 
0 
0 
0 
0 
0 
0 
0 
0 
0 
0 
0 
0 
0 
0 
0 
0 
0 
0 
0 
0 
0 
0 
0 
0 
0 
0 
0 
0 
0 
0 
0 
0 
0 
0 
0 
0 
0 
0 
0 
0 
0 
0 
0 
0 
0 
0 
0 
0 
0 
0 
0 
0 
0 
0 
0 
0 
0 
0 
0 
0 
0 
0 
0 
0 
0 
0 
0 
0 
0 
0 
0 
0 
0 
0 
0 
0 
0 
0 
0 
0 
0 
0 
0 
0 
0 
0 
0 
0 
0 
0 
0 
0 
0 
0 
0 
0 
0 
0 
0 
0 
0 
0 
0 
0 
0 
0 
0 
0 
0 
0 
0 
0 
0 
0 
0 
0 
0 
0 
0 
0 
0 
0 
0 
0 
0 
0 
0 
0 
0 
0 
0 
0 
0 
0 
0 
0 
0 
0 
0 
0 
0 
0 
0 
0 
0 
0 
0 
0 
0 
0 
0 
0 
0 
0 
0 
0 
0 
0 
0 
0 
0 
0 
0 
0 
0 
0 
0 
0 
0 
0 
0 
0 
0 
0 
0 
0 
0 
0 
0 
0 
0 
0 
0 
0 
0 
0 
0 
0 
0 
0 
0 
0 
0 
0 
0 
0 
0 
0 
0 
0 
0 
0 
0 
0 
0 
0 
0 
0 
0 
0 
0 
0 
0 
0 
0 
0 
0 
0 
0 
0 
0 
0 
0 
0 
0 
0 
0 
0 
0 
0 
0 
0 
0 
0 
0 
0 
0 
0 
0 
0 
0 
0 
0 
0 
0 
0 
0 
0 
0 
0 
0 
0 
0 
0 
0 
0 
0 
0 
0 
0 
0 
0 
0 
0 
0 
0 
0 
0 
0 
0 
0 
0 
0 
0 
0 
0 
0 
0 
0 
0 
0 
0 
0 
0 
0 
0 
0 
0 
0 
0 
0 
0 
0 
0 
0 
0 
0 
0 
0 
0 
0 
0 
0 
0 
0 
0 
0 
0 
0 
0 
0 
0 
0 
0 
0 
0 
0 
0 
0 
0 
0 
0 
0 
0 
0 
0 
0 
0 
0 
0 
0 
0 
0 
0 
0 
0 
0 
0 
0 
0 
0 
0 
0 
0 
0 
0 
0 
0 
0 
0 
0 
0 
0 
0 
0 
0 
0 
0 
0 
0 
0 
0 
0 
0 
0 
0 
0 
0 
0 
0 
0 
0 
0 
0 
0 
0 
0 
0 
0 
0 
0 
0 
0 
0 
0 
0 
0 
0 
0 
0 
0 
0 
0 
0 
0 
0 
0 
0 
0 
0 
0 
0 
0 
0 
0 
0 
0 
0 
0 
0 
0 
0 
0 
0 
0 
0 
0 
0 
0 
0 
0 
0 
0 
0 
0 
0 
0 
0 
0 
0 
0 
0 
0 
0 
0 
0 
0 
0 
0 
0 
0 
0 
0 
0 
0 
0 
0 
0 
0 
0 
0 
0 
0 
0 
0 
0 
0 
0 
0 
0 
0 
0 
0 
0 
0 
0 
0 
0 
0 
0 
0 
0 
0 
0 
0 
0 
0 
0 
0 
0 
0 
0 
0 
0 
0 
0 
0 
0 
0 
0 
0 
0 
0 
0 
0 
0 
0 
0 
0 
0 
0 
0 
0 
0 
0 
0 
0 
0 
0 
0 
0 
0 
0 
0 
0 
0 
0 
0 
0 
0 
0 
0 
0 
0 
0 
0 
0 
0 
0 
0 
0 
0 
0 
0 
0 
0 
0 
0 
0 
0 
0 
0 
0 
0 
0 
0 
0 
0 
0 
0 
0 
0 
0 
0 
0 
0 
0 
0 
0 
0 
0 
0 
0 
0 
0 
0 
0 
0 
0 
0 
0 
0 
0 
0 
0 
0 
0 
0 
0 
0 
0 
0 
0 
0 
0 
0 
0 
0 
0 
0 
0 
0 
0 
0 
0 
0 
0 
0 
0 
0 
0 
0 
0 
0 
0 
0 
0 
0 
0 
0 
0 
0 
0 
0 
0 
0 
0 
0 
0 
0 
0 
0 
0 
0 
0 
0 
0 
0 
0 
0 
0 
0 
0 
0 
0 
0 
0 
0 
0 
0 
0 
0 
0 
0 
0 
0 
0 
0 
0 
0 
0 
0 
0 
0 
0 
0 
0 
0 
0 
0 
0 
0 
0 
0 
0 
0 
0 
0 
0 
0 
0 
0 
0 
0 
0 
0 
0 
0 
0 
0 
0 
0 
0 
0 
0 
0 
0 
0 
0 
0 
0 
0 
0 
0 
0 
0 
0 
0 
0 
0 
0 
0 
0 
0 
0 
0 
0 
0 
0 
0 
0 
0 
0 
0 
0 
0 
0 
0 
0 
0 
0 
0 
0 
0 
0 
0 
0 
0 
0 
0 
0 
0 
0 
0 
0 
0 
0 
0 
0 
0 
0 
0 
0 
0 
0 
0 
0 
0 
0 
0 
0 
0 
0 
0 
0 
0 
0 
0 
0 
0 
0 
0 
0 
0 
0 
0 
0 
0 
0 
0 
0 
0 
0 
0 
0 
0 
0 
0 
0 
0 
0 
0 
0 
0 
0 
0 
0 
0 
0 
0 
0 
0 
0 
0 
0 
0 
0 
0 
0 
0 
0 
0 
0 
0 
0 
0 
0 
0 
0 
0 
0 
0 
0 
0 
0 
0 
0 
0 
0 
0 
0 
0 
0 
0 
0 
0 
0 
0 
0 
0 
0 
0 
0 
0 
0 
0 
0 
0 
0 
0 
0 
0 
0 
0 
0 
0 
0 
0 
0 
0 
0 
0 
0 
0 
0 
0 
0 
0 
0 
0 
0 
0 
0 
0 
0 
0 
0 
0 
0 
0 
0 
0 
0 
0 
0 
0 
0 
0 
0 
0 
0 
0 
0 
0 
0 
0 
0 
0 
0 
0 
0 
0 
0 
0 
0 
0 
0 
0 
0 
0 
0 
0 
0 
0 
0 
0 
0 
0 
0 
0 
0 
0 
0 
0 
0 
0 
0 
0 
0 
0 
0 
0 
0 
0 
0 
0 
0 
0 
0 
0 
0 
0 
0 
0 
0 
0 
0 
0 
0 
0 
0 
0 
0 
0 
0 
0 
0 
0 
0 
0 
0 
0 
0 
0 
0 
0 
0 
0 
0 
0 
0 
0 
0 
0 
0 
0 
0 
0 
0 
0 
0 
0 
0 
0 
0 
0 
0 
0 
0 
0 
0 
0 
0 
0 
0 
0 
0 
0 
0 
0 
0 
0 
0 
0 
0 
0 
0 
0 
0 
0 
0 
0 
0 
0 
0 
0 
0 
0 
0 
0 
0 
0 
0 
0 
0 
0 
0 
0 
0 
0 
0 
0 
0 
0 
0 
0 
0 
0 
0 
0 
0 
0 
0 
0 
0 
0 
0 
0 
0 
0 
0 
0 
0 
0 
0 
0 
0 
0 
0 
0 
0 
0 
0 
0 
0 
0 
0 
0 
0 
0 
0 
0 
0 
0 
0 
0 
0 
0 
0 
0 
0 
0 
0 
0 
0 
0 
0 
0 
0 
0 
0 
0 
0 
0 
0 
0 
0 
0 
0 
0 
0 
0 
0 
0 
0 
0 
0 
0 
0 
0 
0 
0 
0 
0 
0 
0 
0 
0 
0 
0 
0 
0 
0 
0 
0 
0 
0 
0 
0 
0 
0 
0 
0 
0 
0 
0 
0 
0 
0 
0 
0 
0 
0 
0 
0 
0 
0 
0 
0 
0 
0 
0 
0 
0 
0 
0 
0 
0 
0 
0 
0 
0 
0 
0 
0 
0 
0 
0 
0 
0 
0 
0 
0 
0 
0 
0 
0 
0 
0 
0 
0 
0 
0 
0 
0 
0 
0 
0 
0 
0 
0 
0 
0 
0 
0 
0 
0 
0 
0 
0 
0 
0 
0 
0 
0 
0 
0 
0 
0 
0 
0 
0 
0 
0 
0 
0 
0 
0 
0 
0 
0 
0 
0 
0 
0 
0 
0 
0 
0 
0 
0 
0 
0 
0 
0 
0 
0 
0 
0 
0 
0 
0 
0 
0 
0 
0 
0 
0 
0 
0 
0 
0 
0 
0 
0 
0 
0 
0 
0 
0 
0 
0 
0 
0 
0 
0 
0 
0 
0 
0 
0 
0 
0 
0 
0 
0 
0 
0 
0 
0 
0 
0 
0 
0 
0 
0 
0 
0 
0 
0 
0 
0 
0 
0 
0 
0 
0 
0 
0 
0 
0 
0 
0 
0 
0 
0 
0 
0 
0 
0 
0 
0 
0 
0 
0 
0 
0 
0 
0 
0 
0 
0 
0 
0 
0 
0 
0 
0 
0 
0 
0 
0 
0 
0 
0 
0 
0 
0 
0 
0 
0 
0 
0 
0 
0 
0 
0 
0 
0 
0 
0 
0 
0 
0 
0 
0 
0 
0 
0 
0 
0 
0 
0 
0 
0 
0 
0 
0 
0 
0 
0 
0 
0 
0 
0 
0 
0 
0 
0 
0 
0 
0 
0 
0 
0 
0 
0 
0 
0 
0 
0 
0 
0 
0 
0 
0 
0 
0 
0 
0 
0 
0 
0 
0 
0 
0 
0 
0 
0 
0 
0 
0 
0 
0 
0 
0 
0 
0 
0 
0 
0 
0 
0 
0 
0 
0 
0 
0 
0 
0 
0 
0 
0 
0 
0 
0 
0 
0 
0 
0 
0 
0 
0 
0 
0 
0 
0 
0 
0 
0 
0 
0 
0 
0 
0 
0 
0 
0 
0 
0 
0 
0 
0 
0 
0 
0 
0 
0 
0 
0 
0 
0 
0 
0 
0 
0 
0 
0 
0 
0 
0 
0 
0 
0 
0 
0 
0 
0 
0 
0 
0 
0 
0 
0 
0 
0 
0 
0 
0 
0 
0 
0 
0 
0 
0 
0 
0 
0 
0 
0 
0 
0 
0 
0 
0 
0 
0 
0 
0 
0 
0 
0 
0 
!IDEND=

