!FILE=Disk 
!KIND=Matrix 
!LABORATORY=Oslo Cyclotron Laboratory (OCL) 
!EXPERIMENT=siri2root 
!COMMENT=none
!TIME=2021-01-12 12:48:16
!CALIBRATION EkeV=6, 0.000000E+00, 1.000000E+00, 0.000000E+00
!PRECISION=16
!DIMENSION=1,0:20999
!CHANNEL=(0:20999)
1280.71 
1076.38 
895.583 
756.862 
672.361 
641.298 
646.198 
673.22 
710.807 
742.936 
761.684 
767.659 
763.244 
752.489 
742.151 
735.976 
733.673 
734.744 
738.882 
745.69 
754.891 
766.044 
778.061 
789.551 
799.378 
806.927 
812.053 
815.014 
816.395 
816.922 
817.261 
817.916 
819.215 
821.351 
824.401 
828.339 
832.997 
838.021 
842.886 
847.018 
849.973 
851.594 
852.115 
852.067 
852.059 
852.818 
855.039 
858.945 
864.085 
869.436 
873.715 
875.971 
875.905 
873.611 
869.599 
864.929 
860.804 
858.132 
857.388 
858.694 
861.95 
866.858 
873.013 
879.991 
887.336 
894.559 
901.2 
906.914 
911.566 
915.265 
918.324 
921.148 
924.08 
927.326 
930.95 
934.891 
939.003 
943.096 
946.937 
950.258 
952.854 
954.7 
956.042 
957.478 
959.903 
964.302 
971.402 
981.31 
993.377 
1006.3 
1018.49 
1028.67 
1036.26 
1041.56 
1045.62 
1049.87 
1055.53 
1063.18 
1072.65 
1083.16 
1093.82 
1104.02 
1113.61 
1122.8 
1132.07 
1141.83 
1152.11 
1162.51 
1172.28 
1180.7 
1187.35 
1192.29 
1196.01 
1199.38 
1203.28 
1208.4 
1215 
1222.95 
1231.76 
1240.86 
1249.77 
1258.19 
1265.99 
1273.19 
1279.96 
1286.53 
1293.12 
1299.99 
1307.36 
1315.27 
1323.59 
1331.97 
1339.88 
1346.78 
1352.24 
1356.2 
1358.98 
1361.23 
1363.76 
1367.23 
1372 
1378.07 
1385.13 
1392.67 
1400.1 
1406.93 
1412.79 
1417.39 
1420.44 
1421.84 
1421.81 
1420.51 
1418.14 
1415.33 
1413.04 
1412.06 
1412.72 
1415.25 
1419.81 
1425.62 
1430.91 
1433.94 
1434 
1430.63 
1423.58 
1414.28 
1405.41 
1399.73 
1399.15 
1404.27 
1414.55 
1428.1 
1441.98 
1453.12 
1459.69 
1461.48 
1458.73 
1452.09 
1443.31 
1434.5 
1427.22 
1422.24 
1419.4 
1417.82 
1416.3 
1413.76 
1409.55 
1403.59 
1396.43 
1389.1 
1382.84 
1378.64 
1376.61 
1376.11 
1376.87 
1378.31 
1378.95 
1378 
1375.41 
1370.89 
1364.42 
1356.42 
1347.64 
1338.93 
1330.96 
1324.03 
1318.05 
1312.59 
1307.01 
1300.65 
1293.11 
1284.35 
1274.76 
1265.05 
1256.08 
1248.56 
1242.81 
1238.82 
1236.3 
1234.79 
1233.76 
1232.79 
1231.46 
1229.35 
1226.04 
1221.18 
1214.69 
1206.81 
1198.14 
1189.55 
1181.99 
1176.2 
1172.45 
1170.47 
1169.76 
1170.08 
1171.14 
1172.56 
1174.54 
1177.84 
1183.21 
1190.96 
1200.79 
1211.76 
1222.26 
1230.37 
1234.76 
1235.18 
1231.73 
1224.93 
1216.22 
1207.4 
1200.12 
1195.84 
1194.59 
1194.78 
1195.26 
1195.74 
1195.71 
1194.02 
1189.79 
1183.3 
1175.13 
1165.76 
1155.8 
1146 
1137 
1129.35 
1123.43 
1119.35 
1116.89 
1115.51 
1114.46 
1112.94 
1110.34 
1106.38 
1101.27 
1095.68 
1090.65 
1087.12 
1085.44 
1085.14 
1085.22 
1084.54 
1081.86 
1076.4 
1068.37 
1058.74 
1048.97 
1040.39 
1033.86 
1029.68 
1027.78 
1028.05 
1029.99 
1032.55 
1034.92 
1036.69 
1037.61 
1037.58 
1036.52 
1034.32 
1031.05 
1027.13 
1023.11 
1019.64 
1017.3 
1016.48 
1017.3 
1019.52 
1022.43 
1025 
1026.44 
1026.44 
1024.74 
1020.95 
1015.32 
1008.68 
1002.02 
996.328 
992.483 
991.063 
992.242 
995.831 
1001.16 
1007.13 
1012.45 
1016.07 
1017.39 
1016.28 
1013.2 
1009.39 
1006.11 
1003.74 
1001.72 
998.468 
991.714 
979.236 
959.745 
933.276 
901.423 
867.369 
834.977 
807.364 
786.115 
771.384 
762.129 
756.404 
752.054 
747.537 
742.241 
736.209 
729.863 
723.752 
718.199 
713.235 
708.699 
704.332 
699.913 
695.344 
690.648 
685.945 
681.395 
677.189 
673.523 
670.548 
668.288 
666.606 
665.212 
663.716 
661.713 
658.895 
655.114 
650.383 
644.825 
638.616 
631.906 
624.828 
617.54 
610.281 
603.365 
597.115 
591.758 
587.353 
583.761 
580.678 
577.739 
574.65 
571.277 
567.679 
564.08 
560.803 
558.169 
556.408 
555.626 
555.845 
556.987 
558.293 
558.496 
556.936 
553.227 
546.931 
538.295 
528.293 
518.088 
508.748 
501.26 
496.528 
494.619 
494.7 
496.26 
498.836 
501.177 
502.072 
501.139 
498.44 
494.177 
488.793 
482.919 
477.242 
472.348 
468.6 
466.104 
464.712 
464.068 
463.736 
463.339 
462.653 
461.609 
460.286 
458.896 
457.811 
457.441 
457.968 
459.353 
461.39 
463.643 
465.311 
465.489 
463.786 
460.246 
455.153 
449.137 
443.073 
437.828 
433.994 
431.739 
430.772 
430.427 
429.895 
428.523 
426.02 
422.514 
418.502 
414.695 
411.797 
410.155 
409.691 
410.298 
411.739 
413.303 
414.252 
414.311 
413.246 
410.781 
407.2 
403.189 
399.367 
396.213 
394.038 
392.91 
392.701 
393.327 
394.704 
396.552 
398.432 
399.758 
399.963 
398.823 
396.391 
392.904 
388.832 
384.761 
381.22 
378.549 
376.861 
376.112 
376.324 
377.054 
377.387 
377.093 
376.206 
374.488 
371.915 
368.776 
365.518 
362.59 
360.321 
358.88 
358.262 
358.21 
358.264 
357.779 
355.816 
351.496 
344.388 
334.554 
322.546 
309.307 
295.891 
283.132 
271.455 
260.786 
250.77 
241.249 
232.388 
224.624 
218.564 
214.64 
212.708 
212.203 
212.785 
214.021 
215.029 
215.209 
214.454 
212.888 
210.932 
209.197 
208.136 
207.868 
208.381 
209.508 
210.715 
211.425 
211.415 
210.521 
208.585 
205.93 
203.225 
201.035 
199.648 
199.034 
198.895 
198.825 
198.486 
197.739 
196.692 
195.709 
195.224 
195.451 
196.541 
198.557 
200.997 
202.879 
203.37 
202.183 
199.473 
195.805 
192.094 
189.281 
187.973 
188.343 
190.136 
192.579 
194.664 
195.684 
195.417 
193.906 
191.445 
188.67 
186.253 
184.59 
183.735 
183.42 
183.129 
182.317 
180.649 
178.105 
174.987 
171.839 
169.209 
167.448 
166.682 
166.923 
167.895 
168.989 
169.745 
170.06 
170.085 
170.033 
169.989 
170.023 
170.299 
170.94 
171.927 
173.125 
174.318 
175.286 
175.876 
176.009 
175.667 
174.865 
173.642 
172.056 
170.172 
168.089 
165.949 
163.94 
162.265 
161.093 
160.517 
160.56 
161.148 
162.072 
163.092 
164.008 
164.662 
164.953 
164.848 
164.336 
163.443 
162.293 
161.093 
160.146 
159.778 
160.137 
161.281 
163.216 
165.733 
168.345 
170.385 
171.305 
170.915 
169.079 
165.664 
160.982 
155.786 
150.982 
147.427 
145.499 
145.003 
145.749 
147.473 
149.425 
150.734 
150.881 
149.729 
147.477 
144.769 
142.516 
141.391 
141.599 
143.139 
145.828 
149.069 
152.068 
154.194 
155.126 
154.785 
153.367 
151.41 
149.525 
148.148 
147.499 
147.629 
148.396 
149.403 
150.159 
150.291 
149.667 
148.33 
146.451 
144.359 
142.481 
141.278 
141.091 
142.033 
144.035 
146.817 
149.865 
152.545 
154.289 
154.776 
153.924 
151.848 
148.927 
145.7 
142.668 
140.161 
138.297 
137.074 
136.413 
136.213 
136.435 
137.066 
138.033 
139.161 
140.054 
140.225 
139.453 
137.753 
135.25 
132.272 
129.378 
127.224 
126.173 
126.16 
127.07 
128.711 
130.574 
132.076 
132.861 
132.828 
132.048 
130.749 
129.249 
127.824 
126.655 
125.839 
125.427 
125.346 
125.395 
125.45 
125.477 
125.317 
124.78 
123.976 
123.207 
122.729 
122.704 
123.183 
124.083 
125.148 
126.074 
126.678 
126.902 
126.744 
126.34 
125.963 
125.778 
125.76 
125.761 
125.5 
124.643 
123.002 
120.655 
117.975 
115.594 
114.118 
113.824 
114.758 
116.724 
119.094 
120.929 
121.453 
120.395 
117.88 
114.356 
110.557 
107.26 
105.068 
104.287 
104.986 
106.93 
109.535 
112.18 
114.406 
115.904 
116.538 
116.287 
115.315 
113.977 
112.555 
111.178 
109.904 
108.76 
107.769 
106.973 
106.423 
106.156 
106.245 
106.554 
106.673 
106.438 
105.895 
105.079 
104.232 
103.716 
103.71 
104.395 
106.004 
108.356 
110.917 
113.154 
114.655 
115.2 
114.733 
113.365 
111.414 
109.256 
107.173 
105.327 
103.775 
102.524 
101.604 
101.058 
100.903 
101.146 
101.748 
102.534 
103.226 
103.602 
103.585 
103.138 
102.254 
101.083 
99.8409 
98.6393 
97.4911 
96.3674 
95.2353 
94.3328 
94.1805 
95.0624 
97.1423 
100.747 
106.054 
112.877 
120.689 
128.685 
135.885 
141.465 
144.875 
146.121 
145.924 
144.862 
143.438 
142.328 
141.813 
141.892 
142.41 
142.93 
143.05 
142.646 
141.763 
140.552 
139.274 
138.248 
137.734 
137.829 
138.574 
139.952 
141.7 
143.366 
144.531 
145.065 
145.133 
144.854 
144.346 
143.909 
143.829 
144.202 
144.973 
145.97 
146.953 
147.704 
148.089 
148.066 
147.598 
146.613 
145.112 
143.188 
140.997 
138.756 
136.694 
134.995 
133.739 
132.89 
132.32 
131.882 
131.472 
131.049 
130.61 
130.145 
129.615 
128.975 
128.211 
127.354 
126.596 
126.268 
126.562 
127.693 
129.972 
133.387 
137.433 
141.265 
143.976 
144.96 
144.038 
141.365 
137.529 
133.559 
130.619 
129.528 
130.54 
133.511 
137.837 
142.4 
145.936 
147.581 
147.074 
144.556 
140.568 
136.014 
131.869 
129.017 
127.795 
127.858 
128.912 
130.658 
132.459 
133.779 
134.401 
134.306 
133.648 
132.706 
131.703 
130.765 
129.955 
129.255 
128.596 
127.921 
127.224 
126.653 
126.474 
126.825 
127.711 
129.093 
130.808 
132.529 
133.866 
134.553 
134.512 
133.868 
132.994 
132.34 
132.195 
132.643 
133.601 
134.686 
135.37 
135.412 
134.666 
133.037 
130.841 
128.616 
126.883 
126.024 
126.151 
127.274 
129.304 
131.914 
134.637 
137.021 
138.689 
139.477 
139.459 
138.717 
137.359 
135.65 
133.864 
132.163 
130.627 
129.285 
128.144 
127.213 
126.519 
126.09 
125.899 
125.865 
125.947 
126.119 
126.318 
126.476 
126.56 
126.568 
126.507 
126.382 
126.197 
125.951 
125.639 
125.276 
124.907 
124.611 
124.454 
124.457 
124.619 
124.905 
125.179 
125.255 
125.055 
124.585 
123.891 
123.077 
122.293 
121.701 
121.423 
121.498 
121.989 
123.013 
124.608 
126.7 
129.133 
131.661 
133.965 
135.615 
136.187 
135.502 
133.607 
130.736 
127.356 
124.108 
121.66 
120.465 
120.658 
122.077 
124.189 
126.227 
127.496 
127.606 
126.46 
124.214 
121.372 
118.613 
116.594 
115.667 
115.711 
116.554 
117.94 
119.361 
120.467 
121.176 
121.565 
121.828 
122.143 
122.585 
123.112 
123.565 
123.765 
123.631 
123.063 
121.924 
120.281 
118.427 
116.73 
115.522 
115.003 
115.228 
116.14 
117.563 
119.254 
120.996 
122.641 
124.113 
125.391 
126.468 
127.326 
127.875 
127.978 
127.569 
126.629 
125.145 
123.144 
120.737 
118.166 
115.815 
114.155 
113.549 
114.111 
115.826 
118.479 
121.425 
123.745 
124.734 
124.164 
122.045 
118.657 
114.841 
111.73 
110.062 
109.949 
111.306 
113.878 
117.016 
119.994 
122.326 
123.825 
124.595 
124.936 
125.179 
125.583 
126.311 
127.425 
128.883 
130.534 
132.114 
133.184 
133.265 
132.151 
129.878 
126.658 
122.937 
119.351 
116.593 
115.097 
114.901 
115.947 
118.037 
120.542 
122.616 
123.656 
123.477 
122.15 
120 
117.604 
115.489 
114.061 
113.5 
113.574 
114.026 
114.61 
115.017 
115.186 
115.322 
115.733 
116.675 
118.248 
120.372 
122.791 
125.104 
126.872 
127.785 
127.747 
126.764 
124.94 
122.57 
120.075 
117.889 
116.388 
115.805 
116.205 
117.476 
119.267 
121.084 
122.439 
123.003 
122.677 
121.524 
119.775 
117.799 
115.95 
114.474 
113.477 
112.925 
112.724 
112.83 
113.15 
113.446 
113.498 
113.237 
112.658 
111.771 
110.66 
109.521 
108.697 
108.553 
109.242 
110.725 
112.805 
115.099 
117.122 
118.46 
118.911 
118.434 
117.158 
115.478 
113.926 
112.904 
112.573 
112.953 
113.939 
115.2 
116.27 
116.798 
116.668 
115.818 
114.205 
112.027 
109.68 
107.588 
106.115 
105.483 
105.757 
106.883 
108.677 
110.844 
113.066 
115.063 
116.634 
117.668 
118.121 
117.988 
117.342 
116.366 
115.246 
114.131 
113.148 
112.384 
111.881 
111.624 
111.54 
111.527 
111.491 
111.336 
111.119 
111.077 
111.354 
112.027 
113.184 
114.777 
116.613 
118.417 
119.888 
120.754 
120.857 
120.157 
118.718 
116.755 
114.589 
112.535 
110.823 
109.569 
108.801 
108.503 
108.656 
109.178 
109.9 
110.699 
111.523 
112.313 
112.982 
113.399 
113.441 
113.059 
112.277 
111.191 
110.017 
109.051 
108.54 
108.574 
109.207 
110.466 
112.17 
113.973 
115.531 
116.596 
117.048 
116.866 
116.2 
115.404 
114.813 
114.594 
114.795 
115.353 
116.077 
116.714 
117.098 
117.196 
117.019 
116.624 
116.216 
116.053 
116.246 
116.781 
117.567 
118.422 
119.084 
119.328 
119.08 
118.357 
117.216 
115.755 
114.077 
112.272 
110.465 
108.871 
107.853 
107.77 
108.759 
110.768 
113.566 
116.686 
119.526 
121.529 
122.357 
121.915 
120.321 
117.942 
115.28 
112.791 
110.813 
109.543 
108.956 
108.86 
109.137 
109.722 
110.436 
111.069 
111.482 
111.621 
111.477 
111.073 
110.478 
109.78 
109.041 
108.301 
107.588 
106.956 
106.496 
106.3 
106.408 
106.867 
107.754 
109.032 
110.508 
111.913 
112.977 
113.521 
113.493 
112.937 
112.013 
111.007 
110.262 
110.046 
110.451 
111.423 
112.762 
114.136 
115.174 
115.621 
115.397 
114.533 
113.155 
111.503 
109.832 
108.358 
107.259 
106.668 
106.644 
107.197 
108.268 
109.651 
111.019 
112.016 
112.396 
112.083 
111.183 
110.026 
109.059 
108.604 
108.766 
109.49 
110.548 
111.536 
112.117 
112.189 
111.755 
110.921 
109.969 
109.2 
108.755 
108.606 
108.619 
108.614 
108.381 
107.729 
106.574 
104.985 
103.182 
101.499 
100.284 
99.7596 
99.9879 
100.838 
101.934 
102.828 
103.232 
103.06 
102.425 
101.765 
101.618 
102.207 
103.485 
105.236 
107.039 
108.397 
108.96 
108.624 
107.498 
105.942 
104.468 
103.52 
103.351 
104.025 
105.468 
107.443 
109.602 
111.624 
113.294 
114.519 
115.286 
115.609 
115.503 
115.014 
114.24 
113.258 
112.142 
111.015 
110.079 
109.555 
109.546 
110.096 
111.187 
112.563 
113.784 
114.472 
114.478 
113.747 
112.321 
110.575 
109.074 
108.21 
108.086 
108.692 
109.899 
111.316 
112.437 
112.995 
113.044 
112.679 
112.022 
111.317 
110.759 
110.4 
110.165 
109.909 
109.513 
108.956 
108.331 
107.807 
107.531 
107.551 
107.847 
108.328 
108.825 
109.161 
109.22 
108.968 
108.428 
107.674 
106.805 
105.902 
105.026 
104.213 
103.493 
102.892 
102.441 
102.152 
102.022 
102.104 
102.319 
102.379 
102.16 
101.697 
101.017 
100.216 
99.4828 
99.0363 
99.0202 
99.4747 
100.347 
101.473 
102.631 
103.629 
104.327 
104.656 
104.513 
104.091 
103.962 
104.325 
105.078 
106.14 
107.36 
108.542 
109.417 
109.724 
109.358 
108.339 
106.758 
104.803 
102.719 
100.739 
99.0457 
97.7592 
97.0057 
96.9219 
97.5696 
98.9497 
101.043 
103.759 
106.872 
110.008 
112.697 
114.506 
115.325 
115.372 
114.801 
113.741 
112.482 
111.288 
110.249 
109.292 
108.267 
107.088 
105.786 
104.51 
103.528 
103.089 
103.287 
104.188 
105.846 
108.097 
110.571 
112.825 
114.379 
114.857 
114.131 
112.263 
109.51 
106.359 
103.424 
101.271 
100.236 
100.411 
101.603 
103.266 
104.747 
105.642 
105.858 
105.423 
104.462 
103.312 
102.374 
101.907 
101.985 
102.547 
103.388 
104.227 
104.831 
105.075 
104.93 
104.479 
103.956 
103.606 
103.561 
103.855 
104.431 
105.062 
105.452 
105.469 
105.051 
104.187 
103.106 
102.145 
101.54 
101.389 
101.701 
102.421 
103.38 
104.388 
105.346 
106.285 
107.305 
108.461 
109.713 
110.926 
111.819 
112.108 
111.686 
110.667 
109.499 
108.762 
108.733 
109.67 
111.853 
114.912 
117.987 
120.252 
121.159 
120.542 
118.457 
115.182 
111.268 
107.323 
103.827 
101.08 
99.2393 
98.3674 
98.4764 
99.4933 
101.203 
103.281 
105.308 
106.809 
107.434 
107.073 
105.757 
103.707 
101.474 
99.8049 
99.2707 
100.058 
102.021 
104.671 
107.272 
109.146 
109.904 
109.444 
107.995 
106.193 
104.764 
104.154 
104.494 
105.643 
107.148 
108.386 
108.909 
108.585 
107.381 
105.317 
102.666 
99.8807 
97.444 
95.8465 
95.465 
96.4277 
98.6654 
101.891 
105.555 
108.983 
111.616 
113.192 
113.709 
113.23 
112.029 
110.656 
109.496 
108.634 
108.001 
107.387 
106.559 
105.422 
104.082 
102.823 
101.991 
101.824 
102.394 
103.616 
105.22 
106.828 
108.134 
108.975 
109.302 
109.112 
108.526 
107.813 
107.193 
106.767 
106.563 
106.555 
106.723 
107.053 
107.518 
108.093 
108.758 
109.399 
109.8 
109.833 
109.389 
108.381 
106.966 
105.452 
104.201 
103.52 
103.517 
104.229 
105.623 
107.429 
109.243 
110.739 
111.741 
112.19 
112.082 
111.552 
110.919 
110.481 
110.323 
110.335 
110.446 
110.601 
110.653 
110.532 
110.266 
109.922 
109.587 
109.316 
109.119 
108.967 
108.809 
108.602 
108.334 
108.036 
107.764 
107.573 
107.49 
107.518 
107.624 
107.757 
107.906 
108.114 
108.454 
108.974 
109.665 
110.432 
111.058 
111.32 
111.125 
110.395 
109.033 
107.143 
105.038 
103.064 
101.484 
100.428 
99.9325 
99.996 
100.501 
101.18 
101.815 
102.307 
102.635 
102.857 
103.106 
103.566 
104.398 
105.645 
107.188 
108.762 
110.008 
110.638 
110.551 
109.732 
108.266 
106.474 
104.809 
103.643 
103.165 
103.419 
104.29 
105.479 
106.681 
107.73 
108.57 
109.201 
109.646 
109.938 
110.105 
110.159 
110.102 
109.962 
109.818 
109.751 
109.79 
109.952 
110.157 
110.195 
109.95 
109.389 
108.473 
107.221 
105.758 
104.315 
103.159 
102.47 
102.292 
102.613 
103.388 
104.51 
105.873 
107.411 
109.08 
110.824 
112.533 
114.028 
115.076 
115.486 
115.183 
114.134 
112.346 
110.004 
107.448 
105.02 
102.965 
101.386 
100.285 
99.6011 
99.2559 
99.2081 
99.4496 
100.008 
100.954 
102.329 
104.086 
106.076 
108.052 
109.719 
110.839 
111.29 
111.05 
110.28 
109.386 
108.744 
108.531 
108.792 
109.459 
110.308 
111.024 
111.376 
111.293 
110.776 
109.887 
108.826 
107.857 
107.186 
106.922 
107.086 
107.602 
108.297 
109.024 
109.713 
110.328 
110.777 
110.9 
110.614 
109.888 
108.696 
107.082 
105.227 
103.474 
102.278 
101.995 
102.745 
104.435 
106.735 
109.101 
110.951 
111.885 
111.783 
110.717 
108.951 
106.908 
105.001 
103.514 
102.572 
102.192 
102.365 
102.981 
103.807 
104.65 
105.392 
105.908 
106.094 
105.907 
105.358 
104.512 
103.512 
102.558 
101.871 
101.615 
101.849 
102.583 
103.799 
105.383 
107.14 
108.856 
110.345 
111.475 
112.178 
112.426 
112.217 
111.597 
110.682 
109.607 
108.495 
107.46 
106.583 
105.896 
105.399 
105.073 
104.881 
104.797 
104.812 
104.934 
105.178 
105.553 
106.052 
106.647 
107.294 
107.94 
108.537 
109.042 
109.378 
109.443 
109.185 
108.592 
107.67 
106.484 
105.173 
103.94 
103.022 
102.606 
102.758 
103.508 
104.844 
106.588 
108.394 
109.848 
110.622 
110.592 
109.708 
107.989 
105.748 
103.527 
101.852 
101.054 
101.231 
102.271 
103.825 
105.425 
106.695 
107.471 
107.836 
108.062 
108.452 
109.181 
110.237 
111.411 
112.341 
112.717 
112.439 
111.647 
110.782 
110.314 
110.432 
111.245 
112.782 
114.622 
115.999 
116.299 
115.317 
113.181 
110.319 
107.354 
104.856 
103.208 
102.578 
102.993 
104.251 
105.886 
107.444 
108.604 
109.158 
109.043 
108.275 
106.942 
105.255 
103.476 
101.842 
100.507 
99.5442 
98.9642 
98.708 
98.6721 
98.8059 
99.0995 
99.5355 
100.103 
100.802 
101.626 
102.556 
103.55 
104.544 
105.466 
106.251 
106.85 
107.242 
107.433 
107.448 
107.297 
106.979 
106.489 
105.828 
105.02 
104.135 
103.303 
102.735 
102.654 
103.153 
104.216 
105.764 
107.627 
109.555 
111.261 
112.476 
113.029 
112.868 
112.091 
110.99 
109.963 
109.311 
109.145 
109.469 
110.182 
110.971 
111.508 
111.661 
111.417 
110.876 
110.337 
110.097 
110.25 
110.803 
111.681 
112.633 
113.373 
113.746 
113.716 
113.337 
112.736 
111.998 
111.095 
109.941 
108.472 
106.688 
104.697 
102.79 
101.358 
100.686 
100.859 
101.877 
103.675 
106.027 
108.628 
111.2 
113.524 
115.427 
116.757 
117.448 
117.553 
117.117 
116.208 
115.032 
113.865 
112.925 
112.313 
111.989 
111.804 
111.587 
111.219 
110.668 
109.979 
109.259 
108.621 
108.141 
107.85 
107.744 
107.81 
108.021 
108.331 
108.701 
109.088 
109.412 
109.593 
109.599 
109.396 
108.936 
108.243 
107.402 
106.503 
105.646 
104.996 
104.762 
105.047 
105.831 
106.986 
108.242 
109.236 
109.682 
109.488 
108.708 
107.578 
106.546 
106.007 
106.091 
106.804 
108.035 
109.411 
110.486 
111 
110.883 
110.261 
109.471 
108.848 
108.551 
108.614 
108.958 
109.387 
109.737 
109.951 
110.023 
109.955 
109.741 
109.371 
108.847 
108.209 
107.565 
107.114 
107.043 
107.424 
108.225 
109.314 
110.47 
111.476 
112.211 
112.654 
112.835 
112.782 
112.559 
112.266 
111.904 
111.375 
110.592 
109.527 
108.225 
106.789 
105.337 
103.948 
102.653 
101.491 
100.583 
100.086 
100.08 
100.674 
102.036 
104.131 
106.707 
109.424 
111.89 
113.734 
114.744 
114.911 
114.271 
112.907 
111.042 
108.985 
107.045 
105.488 
104.478 
103.995 
103.88 
104.036 
104.38 
104.749 
105.024 
105.192 
105.324 
105.556 
106.013 
106.736 
107.66 
108.633 
109.492 
110.136 
110.555 
110.834 
111.123 
111.578 
112.288 
113.259 
114.413 
115.599 
116.632 
117.282 
117.323 
116.661 
115.305 
113.32 
110.874 
108.251 
105.829 
104.004 
102.993 
102.772 
103.286 
104.417 
105.801 
106.955 
107.566 
107.577 
107.019 
106.005 
104.846 
103.933 
103.525 
103.701 
104.453 
105.711 
107.299 
109.01 
110.676 
112.172 
113.396 
114.193 
114.389 
113.908 
112.776 
111.12 
109.233 
107.543 
106.472 
106.251 
106.932 
108.382 
110.185 
111.818 
112.91 
113.302 
112.974 
112.161 
111.413 
111.166 
111.53 
112.439 
113.648 
114.771 
115.457 
115.525 
114.935 
113.763 
112.251 
110.726 
109.436 
108.485 
107.87 
107.521 
107.345 
107.282 
107.321 
107.529 
108.079 
109.122 
110.685 
112.679 
114.897 
117.044 
118.791 
119.852 
120.062 
119.377 
117.85 
115.663 
113.099 
110.47 
108.07 
106.143 
104.858 
104.299 
104.488 
105.336 
106.581 
107.882 
108.955 
109.643 
109.904 
109.719 
109.3 
109.078 
109.233 
109.843 
111.038 
112.649 
114.196 
115.205 
115.449 
114.888 
113.651 
112.144 
110.856 
110.061 
109.804 
110.063 
110.701 
111.419 
111.97 
112.245 
112.215 
111.931 
111.609 
111.519 
111.779 
112.404 
113.381 
114.613 
115.888 
116.905 
117.401 
117.272 
116.466 
114.992 
113.12 
111.32 
110.043 
109.57 
109.978 
111.161 
112.783 
114.398 
115.619 
116.264 
116.373 
116.004 
115.242 
114.285 
113.349 
112.578 
112.03 
111.677 
111.436 
111.218 
110.971 
110.676 
110.33 
109.938 
109.496 
108.987 
108.385 
107.678 
106.869 
105.979 
105.197 
104.876 
105.215 
106.322 
108.299 
111.005 
113.973 
116.547 
118.173 
118.602 
117.794 
115.888 
113.334 
110.747 
108.631 
107.242 
106.542 
106.252 
106.021 
105.606 
104.982 
104.352 
103.992 
104.03 
104.663 
106.201 
108.643 
111.624 
114.645 
117.143 
118.637 
118.874 
117.8 
115.568 
112.698 
109.985 
108.208 
107.848 
109.035 
111.58 
114.851 
117.923 
119.979 
120.588 
119.654 
117.362 
114.315 
111.361 
109.239 
108.376 
108.885 
110.611 
113.08 
115.647 
117.716 
118.872 
118.952 
117.935 
115.92 
113.236 
110.381 
107.857 
106.061 
105.199 
105.318 
106.266 
107.675 
109.199 
110.673 
112.067 
113.41 
114.734 
116.049 
117.289 
118.233 
118.6 
118.254 
117.181 
115.464 
113.398 
111.454 
110.084 
109.443 
109.373 
109.75 
110.445 
111.137 
111.555 
111.648 
111.445 
111.027 
110.578 
110.263 
110.151 
110.251 
110.45 
110.548 
110.467 
110.214 
109.874 
109.647 
109.659 
110.094 
111.225 
112.987 
114.953 
116.588 
117.473 
117.455 
116.472 
114.546 
112.062 
109.673 
107.976 
107.187 
107.139 
107.693 
108.702 
109.818 
110.704 
111.213 
111.404 
111.461 
111.555 
111.768 
112.111 
112.541 
112.977 
113.341 
113.599 
113.77 
113.916 
114.126 
114.495 
115.117 
116.064 
117.344 
118.88 
120.507 
121.982 
123.032 
123.464 
123.217 
122.34 
121.015 
119.54 
118.188 
117.103 
116.287 
115.62 
114.911 
114.015 
112.921 
111.783 
110.871 
110.413 
110.486 
111.073 
112.057 
113.157 
114.039 
114.484 
114.425 
113.927 
113.198 
112.531 
112.155 
112.146 
112.568 
113.517 
114.939 
116.657 
118.464 
120.152 
121.537 
122.489 
122.972 
123.018 
122.654 
121.905 
120.844 
119.569 
118.174 
116.739 
115.322 
113.948 
112.604 
111.24 
109.799 
108.251 
106.626 
105.021 
103.602 
102.578 
102.108 
102.241 
102.985 
104.304 
106.054 
108.014 
109.956 
111.684 
113.061 
114.041 
114.679 
115.13 
115.613 
116.323 
117.312 
118.446 
119.42 
119.931 
119.854 
119.098 
117.596 
115.584 
113.531 
111.857 
110.788 
110.316 
110.218 
110.143 
109.73 
108.734 
107.116 
105.077 
103.024 
101.487 
100.887 
101.373 
103.047 
106.01 
110.019 
114.486 
118.689 
121.907 
123.688 
123.963 
122.771 
120.292 
117.107 
114.011 
111.688 
110.43 
110.141 
110.711 
111.991 
113.621 
115.249 
116.721 
118.035 
119.292 
120.635 
122.149 
123.811 
125.484 
126.943 
127.945 
128.328 
128.049 
127.105 
125.526 
123.427 
120.972 
118.323 
115.633 
113.05 
110.729 
108.83 
107.505 
106.792 
106.603 
106.878 
107.553 
108.456 
109.379 
110.16 
110.693 
110.942 
110.851 
110.572 
110.485 
110.7 
111.13 
111.707 
112.337 
112.945 
113.499 
113.995 
114.444 
114.86 
115.244 
115.553 
115.707 
115.656 
115.358 
114.787 
114.202 
114.06 
114.584 
115.779 
117.59 
119.798 
121.995 
123.708 
124.681 
124.95 
124.592 
123.728 
122.642 
121.621 
120.79 
120.088 
119.319 
118.268 
116.815 
114.966 
112.867 
110.784 
109.042 
107.914 
107.55 
107.984 
109.165 
110.917 
112.973 
115.053 
116.911 
118.363 
119.3 
119.734 
119.783 
119.514 
118.968 
118.255 
117.504 
116.807 
116.208 
115.693 
115.205 
114.67 
114.028 
113.263 
112.411 
111.558 
110.822 
110.316 
110.069 
110.017 
110.117 
110.327 
110.558 
110.743 
110.888 
111.086 
111.502 
112.294 
113.495 
114.964 
116.406 
117.467 
117.899 
117.628 
116.789 
115.759 
114.932 
114.484 
114.368 
114.397 
114.396 
114.206 
113.71 
112.944 
112.166 
111.725 
111.792 
112.527 
114.108 
116.32 
118.644 
120.613 
121.912 
122.483 
122.485 
122.031 
121.184 
120.064 
118.764 
117.333 
115.858 
114.509 
113.507 
112.987 
112.934 
113.312 
114.055 
114.985 
115.924 
116.777 
117.529 
118.217 
118.912 
119.668 
120.491 
121.331 
122.093 
122.623 
122.75 
122.391 
121.559 
120.352 
118.993 
117.833 
117.2 
117.225 
118.025 
119.742 
122.205 
124.936 
127.41 
129.198 
130.142 
130.341 
129.886 
128.882 
127.596 
126.276 
125.02 
123.833 
122.657 
121.402 
120.038 
118.649 
117.416 
116.558 
116.228 
116.474 
117.247 
118.381 
119.632 
120.756 
121.561 
121.941 
121.87 
121.399 
120.687 
119.966 
119.47 
119.353 
119.661 
120.329 
121.135 
121.734 
121.833 
121.33 
120.286 
118.931 
117.653 
116.838 
116.692 
117.266 
118.448 
119.889 
121.097 
121.714 
121.632 
120.85 
119.46 
117.772 
116.204 
115.101 
114.654 
114.914 
115.814 
117.156 
118.675 
120.137 
121.389 
122.363 
123.044 
123.454 
123.626 
123.54 
123.3 
123.188 
123.325 
123.752 
124.588 
125.855 
127.345 
128.623 
129.271 
129.128 
128.071 
125.988 
123.169 
120.296 
118.104 
117.101 
117.437 
119.037 
121.589 
124.521 
127.182 
129.02 
129.857 
129.878 
129.226 
128.052 
126.729 
125.61 
124.838 
124.406 
124.219 
124.161 
124.163 
124.211 
124.321 
124.566 
125.057 
125.862 
126.963 
128.244 
129.479 
130.384 
130.746 
130.501 
129.674 
128.407 
127.011 
125.877 
125.289 
125.336 
126.002 
127.148 
128.427 
129.362 
129.579 
128.952 
127.556 
125.661 
123.706 
122.161 
121.324 
121.252 
121.921 
123.225 
124.838 
126.309 
127.212 
127.264 
126.38 
124.625 
122.229 
119.553 
116.99 
114.889 
113.499 
112.851 
112.79 
113.216 
114.049 
115.05 
115.886 
116.289 
116.158 
115.45 
114.188 
112.664 
111.386 
110.781 
111.007 
112.167 
114.339 
117.247 
120.331 
123.063 
124.965 
125.789 
125.722 
124.979 
123.814 
122.643 
121.677 
120.937 
120.372 
119.959 
119.807 
120.001 
120.62 
121.815 
123.633 
125.884 
128.167 
129.954 
130.821 
130.617 
129.286 
126.857 
123.701 
120.436 
117.658 
115.813 
115.127 
115.656 
117.333 
119.939 
123.117 
126.419 
129.327 
131.325 
132.062 
131.43 
129.505 
126.608 
123.345 
120.435 
118.462 
117.737 
118.326 
119.978 
122.067 
123.963 
125.263 
125.765 
125.43 
124.44 
123.249 
122.304 
121.853 
121.97 
122.617 
123.606 
124.542 
125.035 
124.928 
124.105 
122.452 
120.244 
118.087 
116.552 
115.956 
116.376 
117.555 
118.759 
119.249 
118.753 
117.338 
115.378 
113.618 
112.767 
113.092 
114.695 
117.537 
121.102 
124.627 
127.018 
127.706 
127.471 
127.089 
126.826 
127.249 
128.819 
131.045 
133.282 
135.286 
136.758 
137.429 
137.216 
136.141 
134.328 
132.034 
129.589 
127.344 
125.634 
124.651 
124.382 
124.789 
125.77 
126.997 
128.028 
128.549 
128.471 
127.792 
126.582 
125.084 
123.63 
122.494 
121.818 
121.609 
121.845 
122.461 
123.303 
124.183 
124.932 
125.405 
125.504 
125.196 
124.495 
123.446 
122.138 
120.7 
119.284 
118.06 
117.226 
116.871 
116.897 
117.222 
117.745 
118.232 
118.478 
118.424 
118.106 
117.687 
117.402 
117.368 
117.702 
118.556 
119.862 
121.407 
123.002 
124.463 
125.642 
126.47 
126.949 
127.109 
126.97 
126.617 
126.282 
126.187 
126.409 
126.941 
127.739 
128.682 
129.582 
130.252 
130.591 
130.657 
130.614 
130.599 
130.8 
131.453 
132.605 
134.026 
135.272 
135.929 
135.837 
134.902 
133.083 
130.698 
128.305 
126.361 
125.107 
124.613 
124.885 
125.754 
126.864 
127.954 
128.942 
129.805 
130.568 
131.279 
131.955 
132.56 
132.988 
133.105 
132.851 
132.229 
131.266 
130.036 
128.677 
127.373 
126.32 
125.698 
125.628 
126.144 
127.218 
128.735 
130.473 
132.124 
133.344 
133.873 
133.62 
132.558 
130.728 
128.395 
125.988 
123.934 
122.552 
121.992 
122.283 
123.232 
124.362 
125.204 
125.501 
125.176 
124.311 
123.183 
122.228 
121.831 
122.139 
123.261 
125.338 
128.207 
131.365 
134.222 
136.294 
137.315 
137.221 
136.158 
134.552 
132.913 
131.662 
131 
130.886 
131.261 
132.025 
132.926 
133.661 
134.036 
133.998 
133.541 
132.683 
131.533 
130.258 
129.025 
127.993 
127.322 
127.138 
127.484 
128.342 
129.633 
131.197 
132.807 
134.221 
135.235 
135.736 
135.694 
135.169 
134.333 
133.351 
132.555 
132.316 
132.533 
132.879 
133.092 
132.73 
131.471 
129.622 
127.648 
125.979 
125.064 
125.084 
126.116 
128.097 
130.517 
132.59 
133.766 
133.906 
133.036 
131.33 
129.291 
127.555 
126.534 
126.332 
126.923 
128.194 
129.876 
131.657 
133.297 
134.622 
135.51 
135.887 
135.731 
135.052 
133.921 
132.524 
131.148 
130.095 
129.574 
129.647 
130.289 
131.374 
132.659 
133.854 
134.697 
135.02 
134.775 
133.97 
132.669 
131.035 
129.286 
127.648 
126.26 
125.346 
125.084 
125.232 
125.469 
125.619 
125.46 
124.921 
124.253 
123.647 
123.115 
122.623 
122.1 
121.505 
120.84 
120.246 
119.976 
120.182 
121.082 
123.001 
125.945 
129.47 
132.866 
135.383 
136.522 
136.135 
134.342 
131.583 
128.579 
126.066 
124.503 
124.004 
124.546 
125.925 
127.663 
129.242 
130.296 
130.764 
130.85 
130.704 
130.465 
130.345 
130.424 
130.69 
131.105 
131.505 
131.718 
131.689 
131.46 
131.178 
131.009 
131.019 
131.233 
131.533 
131.612 
131.292 
130.549 
129.386 
127.912 
126.346 
124.959 
124.028 
123.65 
123.669 
123.956 
124.41 
124.892 
125.384 
126.054 
127.189 
129.038 
131.661 
134.876 
138.271 
141.296 
143.406 
144.253 
143.738 
142.026 
139.612 
137.129 
135.079 
133.717 
133.006 
132.664 
132.324 
131.701 
130.705 
129.464 
128.391 
128.004 
128.534 
129.951 
132.066 
134.475 
136.643 
138.102 
138.762 
138.883 
138.656 
138.218 
137.82 
137.608 
137.506 
137.306 
136.811 
135.971 
134.923 
133.944 
133.293 
133.086 
133.343 
134.003 
134.898 
135.855 
136.801 
137.735 
138.675 
139.602 
140.379 
140.808 
140.788 
140.16 
138.689 
136.441 
133.795 
131.234 
129.227 
128.092 
127.934 
128.758 
130.482 
132.843 
135.461 
137.958 
140.006 
141.372 
141.935 
141.666 
140.667 
139.225 
137.694 
136.36 
135.401 
134.861 
134.661 
134.623 
134.553 
134.322 
133.904 
133.379 
132.963 
132.909 
133.326 
134.203 
135.48 
137.016 
138.609 
140.03 
141.051 
141.509 
141.343 
140.522 
139.042 
137.052 
134.857 
132.83 
131.339 
130.626 
130.764 
131.678 
133.114 
134.684 
135.989 
136.747 
136.855 
136.3 
135.14 
133.573 
131.882 
130.352 
129.271 
128.89 
129.309 
130.521 
132.471 
134.976 
137.672 
140.077 
141.77 
142.616 
142.747 
142.266 
141.268 
139.984 
138.632 
137.325 
136.143 
135.23 
134.759 
134.813 
135.477 
136.846 
138.75 
140.731 
142.266 
143.06 
143.137 
142.566 
141.489 
140.269 
139.296 
138.757 
138.597 
138.565 
138.352 
137.744 
136.726 
135.518 
134.57 
134.337 
134.987 
136.459 
138.52 
140.777 
142.825 
144.372 
145.303 
145.692 
145.756 
145.753 
145.897 
146.344 
147.161 
148.306 
149.633 
150.76 
151.173 
150.627 
149.083 
146.557 
143.258 
139.628 
136.25 
133.688 
132.262 
131.993 
132.828 
134.648 
137.13 
139.848 
142.407 
144.479 
145.843 
146.391 
146.099 
145.099 
143.772 
142.593 
141.924 
141.919 
142.598 
143.828 
145.189 
146.13 
146.278 
145.527 
143.999 
142.099 
140.516 
139.916 
140.565 
142.404 
145.149 
148.234 
150.94 
152.652 
153.063 
152.111 
149.933 
146.986 
143.936 
141.428 
139.878 
139.404 
139.995 
141.534 
143.682 
145.969 
147.954 
149.316 
149.975 
150.045 
149.605 
148.726 
147.593 
146.402 
145.287 
144.307 
143.631 
143.436 
143.573 
143.794 
143.93 
143.756 
143.168 
142.375 
141.558 
140.771 
140.098 
139.619 
139.4 
139.463 
139.85 
140.641 
141.861 
143.46 
145.322 
147.268 
149.077 
150.508 
151.38 
151.62 
151.223 
150.263 
148.985 
147.752 
146.882 
146.467 
146.38 
146.523 
146.771 
146.916 
146.873 
146.645 
146.315 
146.088 
146.087 
146.447 
147.349 
148.701 
150.195 
151.553 
152.572 
153.173 
153.42 
153.386 
153.169 
152.961 
152.878 
152.934 
153.138 
153.384 
153.458 
153.249 
152.705 
151.718 
150.253 
148.436 
146.558 
145.034 
144.226 
144.276 
145.262 
147.211 
149.811 
152.488 
154.671 
156.002 
156.393 
155.865 
154.519 
152.628 
150.528 
148.502 
146.751 
145.401 
144.522 
144.146 
144.285 
144.902 
145.869 
146.967 
147.92 
148.472 
148.499 
147.978 
147 
145.859 
144.966 
144.618 
144.903 
145.819 
147.293 
149.083 
150.881 
152.46 
153.726 
154.731 
155.626 
156.565 
157.629 
158.797 
159.939 
160.755 
160.895 
160.202 
158.719 
156.665 
154.464 
152.665 
151.706 
151.735 
152.775 
154.714 
157.105 
159.318 
160.847 
161.429 
161 
159.663 
157.714 
155.524 
153.411 
151.606 
150.247 
149.385 
149.031 
149.182 
149.771 
150.629 
151.579 
152.483 
153.228 
153.743 
154.01 
154.043 
153.848 
153.426 
152.772 
151.879 
150.745 
149.428 
148.201 
147.461 
147.417 
148.247 
150.118 
152.775 
155.689 
158.317 
160.155 
160.903 
160.481 
159.091 
157.283 
155.657 
154.584 
154.22 
154.573 
155.465 
156.548 
157.559 
158.41 
159.127 
159.841 
160.705 
161.776 
162.96 
163.919 
164.212 
163.637 
162.189 
159.918 
157.004 
153.803 
150.781 
148.388 
146.923 
146.477 
147.053 
148.582 
150.843 
153.525 
156.331 
159.016 
161.393 
163.298 
164.566 
165.063 
164.733 
163.515 
161.322 
158.255 
154.69 
151.169 
148.246 
146.341 
145.672 
146.289 
148.061 
150.607 
153.429 
156.057 
158.129 
159.48 
160.175 
160.384 
160.193 
159.727 
159.224 
158.864 
158.754 
158.948 
159.463 
160.311 
161.48 
162.882 
164.313 
165.395 
165.733 
165.162 
163.726 
161.634 
159.283 
157.158 
155.679 
155.075 
155.404 
156.527 
158.057 
159.569 
160.775 
161.549 
161.936 
162.109 
162.271 
162.581 
163.132 
163.96 
165.045 
166.34 
167.807 
169.427 
171.17 
172.949 
174.573 
175.695 
175.938 
175.143 
173.36 
170.811 
167.913 
165.166 
162.991 
161.608 
161.063 
161.332 
162.164 
163.019 
163.541 
163.684 
163.461 
162.933 
162.253 
161.608 
161.159 
161.001 
161.161 
161.588 
162.12 
162.517 
162.579 
162.238 
161.572 
160.862 
160.439 
160.449 
161.023 
162.296 
164.025 
165.642 
166.643 
166.796 
166.061 
164.594 
162.888 
161.618 
161.27 
161.995 
163.657 
165.818 
167.865 
169.285 
169.802 
169.35 
168.131 
166.666 
165.52 
165.042 
165.338 
166.376 
167.974 
169.74 
171.206 
172.071 
172.277 
171.847 
170.888 
169.726 
168.813 
168.5 
168.908 
169.965 
171.428 
172.926 
174.134 
174.886 
175.149 
174.929 
174.388 
173.882 
173.661 
173.776 
174.177 
174.645 
174.886 
174.751 
174.048 
172.515 
170.257 
167.78 
165.706 
164.496 
164.316 
165.181 
166.968 
169.294 
171.636 
173.561 
174.846 
175.51 
175.768 
175.91 
176.146 
176.524 
176.917 
177.132 
177.077 
176.657 
175.758 
174.509 
173.267 
172.359 
171.892 
171.774 
171.913 
172.19 
172.408 
172.495 
172.57 
172.855 
173.585 
174.857 
176.561 
178.4 
179.97 
180.951 
181.217 
180.757 
179.644 
178.107 
176.441 
174.879 
173.557 
172.53 
171.783 
171.259 
170.878 
170.506 
169.96 
169.101 
167.934 
166.744 
165.999 
165.95 
166.905 
169.311 
173.049 
177.45 
181.693 
184.902 
186.445 
186.121 
184.05 
180.706 
176.908 
173.519 
171.184 
170.23 
170.729 
172.419 
174.66 
176.808 
178.452 
179.419 
179.728 
179.433 
178.725 
177.99 
177.484 
177.224 
177.066 
176.733 
175.939 
174.543 
172.614 
170.469 
168.671 
167.745 
167.89 
169.231 
171.858 
175.433 
179.297 
182.851 
185.692 
187.622 
188.627 
188.817 
188.265 
186.993 
185.053 
182.563 
179.728 
176.853 
174.304 
172.513 
171.872 
172.543 
174.484 
177.472 
181.055 
184.589 
187.37 
188.898 
189.018 
187.733 
185.202 
181.954 
178.745 
176.286 
174.985 
174.882 
175.922 
177.964 
180.646 
183.511 
186.142 
188.184 
189.366 
189.543 
188.678 
186.848 
184.317 
181.517 
178.926 
177.058 
176.22 
176.273 
177.041 
178.243 
179.246 
179.574 
179.116 
177.969 
176.473 
175.159 
174.466 
174.548 
175.546 
177.65 
180.747 
184.459 
188.36 
192.019 
195.021 
197.006 
197.745 
197.174 
195.444 
193.016 
190.513 
188.532 
187.418 
187.176 
187.74 
188.969 
190.494 
191.878 
192.807 
193.223 
193.287 
193.118 
192.763 
192.29 
191.751 
191.177 
190.637 
190.275 
190.239 
190.582 
191.267 
192.138 
192.925 
193.405 
193.522 
193.288 
192.792 
192.295 
192.056 
192.162 
192.566 
193.018 
193.143 
192.772 
191.927 
190.747 
189.498 
188.497 
187.953 
187.914 
188.364 
189.249 
190.477 
191.974 
193.697 
195.558 
197.348 
198.71 
199.294 
198.943 
197.566 
195.163 
192.157 
189.317 
187.361 
186.688 
187.394 
189.304 
191.867 
194.334 
196.095 
196.84 
196.508 
195.399 
194.2 
193.448 
193.302 
193.78 
194.807 
196.164 
197.585 
198.893 
200.022 
201.02 
201.989 
202.985 
203.979 
204.824 
205.308 
205.324 
204.801 
203.693 
202.19 
200.652 
199.451 
198.852 
198.939 
199.663 
200.826 
202.091 
203.146 
203.832 
204.149 
204.233 
204.301 
204.542 
205.021 
205.65 
206.219 
206.527 
206.496 
206.119 
205.485 
204.859 
204.512 
204.532 
204.922 
205.601 
206.257 
206.508 
206.197 
205.364 
204.2 
203.055 
202.272 
201.965 
201.954 
202.017 
201.982 
201.553 
200.494 
198.894 
197.145 
195.787 
195.237 
195.636 
197.1 
199.784 
203.499 
207.66 
211.522 
214.371 
215.746 
215.512 
213.764 
210.877 
207.506 
204.399 
202.164 
201.131 
201.381 
202.7 
204.484 
206.037 
206.914 
206.982 
206.244 
204.821 
203.097 
201.687 
201.162 
201.743 
203.372 
205.782 
208.459 
210.778 
212.268 
212.756 
212.231 
210.875 
209.186 
207.777 
207.075 
207.213 
208.256 
210.26 
213.022 
216.131 
219.15 
221.692 
223.482 
224.434 
224.602 
224.03 
222.767 
220.934 
218.68 
216.155 
213.559 
211.193 
209.473 
208.762 
209.184 
210.753 
213.303 
216.255 
218.837 
220.51 
221.074 
220.516 
219.193 
218.042 
217.904 
219.033 
221.322 
224.346 
227.353 
229.587 
230.762 
231.06 
230.638 
229.677 
228.582 
227.705 
227.144 
226.755 
226.211 
225.187 
223.527 
221.303 
218.804 
216.472 
214.759 
213.959 
214.159 
215.267 
216.989 
218.905 
220.641 
221.963 
222.799 
223.234 
223.468 
223.709 
224.067 
224.539 
225.021 
225.365 
225.504 
225.51 
225.604 
226.132 
227.44 
229.715 
232.902 
236.649 
240.286 
242.937 
243.892 
242.906 
240.092 
235.921 
231.312 
227.396 
225.025 
224.488 
225.8 
228.727 
232.523 
236.183 
238.881 
240.183 
239.991 
238.69 
237.26 
236.546 
236.803 
238.184 
240.802 
244.212 
247.531 
249.948 
251.141 
251.267 
250.481 
248.947 
247.018 
244.969 
242.861 
240.668 
238.362 
235.989 
233.754 
231.984 
230.938 
230.699 
231.266 
232.602 
234.606 
237.2 
240.374 
244.136 
248.391 
252.805 
256.796 
259.711 
261.264 
261.633 
260.982 
259.511 
257.708 
256.05 
254.712 
253.527 
252.141 
250.308 
248.028 
245.598 
243.616 
242.643 
242.884 
244.4 
247.126 
250.54 
253.81 
256.157 
257.254 
257.274 
256.384 
254.792 
253.03 
251.66 
250.986 
251.084 
251.865 
253.069 
254.388 
255.622 
256.703 
257.722 
258.863 
260.209 
261.628 
262.784 
263.314 
263.063 
261.889 
259.65 
256.668 
253.742 
251.713 
251.086 
251.993 
254.243 
257.209 
260.035 
262.035 
262.942 
263.057 
262.928 
262.807 
262.886 
263.629 
265.334 
267.808 
270.481 
272.659 
273.901 
274.161 
273.502 
272.091 
270.39 
268.976 
268.212 
268.158 
268.782 
269.953 
271.297 
272.339 
272.754 
272.446 
271.487 
270.133 
268.79 
267.879 
267.689 
268.311 
269.68 
271.572 
273.632 
275.475 
276.79 
277.457 
277.534 
277.076 
276.153 
274.968 
273.795 
272.908 
272.51 
272.675 
273.544 
275.358 
278.158 
281.706 
285.553 
289.079 
291.638 
292.889 
292.897 
291.774 
289.695 
287.109 
284.516 
282.258 
280.517 
279.377 
278.878 
279.032 
279.823 
281.176 
282.92 
284.779 
286.424 
287.556 
288 
287.707 
286.778 
285.507 
284.258 
283.322 
282.857 
282.903 
283.368 
284.002 
284.553 
284.896 
285.045 
285.14 
285.408 
286.054 
287.173 
288.717 
290.482 
292.136 
293.272 
293.575 
292.937 
291.42 
289.246 
286.809 
284.566 
282.88 
281.903 
281.603 
281.928 
282.75 
283.754 
284.624 
285.16 
285.257 
284.891 
284.083 
282.882 
281.33 
279.444 
277.249 
274.817 
272.306 
269.965 
268.095 
266.961 
266.706 
267.365 
268.867 
270.967 
273.267 
275.304 
276.644 
277.016 
276.344 
274.732 
272.55 
270.385 
268.866 
268.427 
269.199 
271.053 
273.575 
276.182 
278.312 
279.562 
279.953 
279.93 
279.861 
279.841 
279.884 
279.979 
280.012 
279.569 
278.141 
275.699 
272.699 
269.769 
267.578 
266.611 
267.023 
268.72 
271.382 
274.555 
277.873 
281.136 
284.212 
286.908 
288.907 
289.892 
289.721 
288.344 
285.842 
282.685 
279.622 
277.371 
276.385 
276.793 
278.464 
280.963 
283.635 
285.636 
286.135 
284.781 
281.613 
276.894 
271.272 
266.547 
265.191 
268.374 
276.297 
289.033 
305.941 
325.468 
345.595 
364.573 
381.429 
395.955 
408.591 
420.213 
431.659 
443.33 
455.082 
466.362 
476.519 
485.086 
491.876 
496.896 
500.272 
502.25 
503.099 
502.836 
502.008 
501.729 
502.245 
503.071 
503.682 
503.762 
503.006 
501.083 
498.282 
495.267 
492.893 
492.105 
493.312 
496.475 
501.328 
507.269 
513.401 
518.709 
522.303 
523.659 
522.632 
519.549 
515.362 
511.268 
508.287 
507.036 
507.686 
509.994 
513.226 
516.407 
518.677 
519.505 
518.736 
516.478 
513.148 
509.509 
506.5 
504.873 
504.905 
506.739 
510.397 
515.231 
520.113 
524.068 
526.568 
527.45 
526.704 
524.702 
522.28 
520.105 
518.433 
517.308 
516.606 
516.21 
516.149 
516.477 
517.292 
518.841 
521.315 
524.698 
528.671 
532.55 
535.456 
536.738 
536.194 
533.936 
530.444 
526.624 
523.509 
521.801 
521.703 
523.208 
526.146 
529.997 
534.072 
537.78 
540.696 
542.551 
543.202 
542.613 
540.839 
538.097 
534.786 
531.447 
528.644 
526.812 
526.164 
526.737 
528.315 
530.411 
532.611 
534.758 
536.888 
539.211 
541.984 
545.316 
549.076 
552.905 
556.296 
558.739 
559.906 
559.703 
558.275 
556.069 
553.707 
551.919 
551.356 
552.277 
554.622 
558.115 
562.195 
566.086 
568.978 
570.318 
569.941 
567.987 
564.947 
561.562 
558.508 
556.189 
554.714 
553.932 
553.488 
552.979 
552.111 
550.775 
549.072 
547.29 
545.871 
545.215 
545.49 
546.992 
550.159 
554.886 
560.441 
565.82 
569.98 
572.33 
572.897 
571.813 
569.361 
566.345 
563.756 
562.191 
561.741 
562.333 
563.793 
565.759 
567.887 
570.013 
572.157 
574.458 
577.038 
579.944 
583.173 
586.711 
590.545 
594.665 
599.017 
603.437 
607.612 
611.11 
613.478 
614.403 
613.789 
611.675 
608.234 
603.784 
598.701 
593.363 
588.165 
583.537 
579.905 
577.607 
576.822 
577.593 
579.769 
582.935 
586.619 
590.456 
594.211 
597.768 
601.031 
603.811 
605.768 
606.541 
605.951 
603.872 
600.264 
595.615 
590.947 
587.465 
586.059 
587.01 
590.29 
595.529 
601.703 
607.451 
611.63 
613.622 
613.273 
610.939 
607.608 
604.401 
602.096 
600.926 
600.644 
601.034 
601.958 
603.205 
604.665 
606.407 
608.568 
611.226 
614.34 
617.735 
621.105 
624.115 
626.525 
628.269 
629.466 
630.397 
631.378 
632.606 
633.77 
634.124 
633.261 
630.965 
626.859 
620.842 
613.403 
605.564 
598.662 
593.975 
592.302 
593.866 
598.357 
604.824 
612.015 
618.855 
624.633 
629.069 
632.303 
634.745 
636.79 
638.663 
640.442 
642.153 
643.873 
645.786 
648.104 
650.894 
653.982 
656.947 
659.191 
660.224 
659.883 
658.162 
655.252 
651.781 
648.607 
646.425 
645.586 
646.173 
647.987 
650.479 
653.02 
655.093 
656.317 
656.503 
655.609 
653.751 
651.344 
649.326 
648.807 
650.275 
653.724 
658.997 
665.584 
672.555 
678.774 
683.261 
685.479 
685.294 
683.121 
680.096 
677.624 
676.763 
677.878 
680.878 
685.422 
690.867 
696.45 
701.5 
705.576 
708.507 
710.394 
711.537 
712.29 
712.947 
713.708 
714.682 
715.915 
717.426 
719.243 
721.401 
723.923 
726.8 
729.951 
733.151 
736.04 
738.256 
739.607 
740.134 
740.203 
740.639 
742.42 
745.973 
750.781 
755.3 
757.781 
757.422 
752.878 
741.945 
724.556 
702.991 
680.115 
658.638 
640.544 
626.762 
617.23 
611.099 
607.137 
604.36 
602.324 
600.973 
600.347 
600.475 
601.319 
602.653 
603.921 
604.459 
603.968 
602.306 
599.287 
595.023 
589.968 
584.665 
579.559 
574.933 
570.941 
567.695 
565.328 
563.932 
563.491 
563.989 
565.312 
566.738 
567.185 
566.157 
563.562 
559.298 
553.471 
546.549 
539.298 
532.559 
526.956 
522.782 
520.08 
518.667 
518.256 
518.714 
519.975 
521.886 
524.269 
526.884 
529.362 
531.248 
532.181 
532.031 
530.672 
527.923 
523.878 
518.873 
513.25 
507.261 
501.055 
494.76 
488.593 
482.932 
478.273 
475.057 
473.514 
473.704 
475.282 
477.295 
478.74 
479.082 
478.177 
476.29 
474.262 
472.951 
472.607 
473.217 
474.395 
475.261 
475.293 
473.869 
470.077 
464.162 
457.458 
451.427 
447.377 
446.143 
447.973 
452.587 
459.032 
465.807 
471.339 
474.566 
475.199 
473.274 
469.103 
463.528 
457.566 
451.966 
447.138 
443.226 
440.165 
437.785 
435.975 
434.689 
433.841 
433.219 
432.476 
431.262 
429.46 
427.295 
425.544 
425.227 
426.831 
430.255 
434.932 
439.709 
443.088 
443.913 
441.812 
437.181 
431.359 
426.318 
423.554 
423.513 
426.157 
431.027 
436.855 
442.147 
445.87 
447.565 
447.169 
445.21 
442.811 
440.885 
439.801 
439.613 
440.29 
441.71 
443.486 
445.032 
445.859 
445.778 
444.501 
441.558 
436.957 
431.28 
425.415 
420.457 
417.387 
416.697 
418.489 
422.437 
427.491 
432.169 
435.2 
435.917 
434.168 
430.271 
426.145 
424.697 
427.307 
434.224 
445.631 
460.987 
478.718 
496.651 
512.887 
526.452 
537.253 
545.899 
553.435 
560.815 
568.471 
576.212 
583.411 
589.41 
593.823 
596.604 
598.021 
598.591 
598.77 
598.722 
598.546 
598.339 
597.945 
597.122 
595.813 
594.16 
592.481 
591.183 
590.587 
590.805 
591.893 
593.867 
596.496 
599.337 
601.905 
603.763 
604.631 
604.426 
603.171 
601.015 
598.312 
595.553 
593.228 
591.725 
591.251 
591.86 
593.489 
595.909 
598.731 
601.47 
603.616 
604.817 
604.975 
604.096 
602.305 
600.004 
597.741 
595.945 
594.798 
594.193 
593.795 
593.219 
592.212 
590.76 
589.102 
587.684 
586.912 
586.94 
587.887 
589.889 
592.758 
596.069 
599.461 
602.739 
605.865 
608.93 
612.094 
615.467 
619.048 
622.679 
626.007 
628.425 
629.293 
628.342 
625.618 
621.367 
616.105 
610.539 
605.392 
601.24 
598.404 
596.951 
596.835 
598.029 
600.526 
604.264 
609.045 
614.419 
619.649 
623.814 
626.133 
626.246 
624.087 
619.89 
614.412 
608.732 
603.854 
600.487 
598.802 
598.505 
599.368 
601.317 
604.239 
607.976 
612.254 
616.569 
620.219 
622.573 
623.347 
622.496 
620.231 
617.215 
614.329 
612.267 
611.373 
611.715 
612.923 
614.122 
614.716 
614.731 
614.174 
613.293 
612.886 
613.428 
615.035 
617.882 
621.962 
626.884 
631.858 
635.915 
638.382 
639.104 
638.106 
635.638 
632.532 
629.961 
628.663 
628.666 
629.831 
631.832 
633.799 
634.908 
634.894 
633.787 
632.279 
631.675 
632.662 
635.324 
639.592 
644.926 
650.243 
654.245 
655.998 
655.214 
652.081 
647.322 
642.177 
638.205 
636.759 
638.341 
642.814 
649.586 
657.526 
665.249 
671.583 
675.928 
678.381 
679.588 
680.377 
681.368 
682.784 
684.418 
685.722 
686.179 
685.608 
684.119 
682.125 
680.329 
679.346 
679.4 
680.606 
682.995 
686.101 
689.093 
691.148 
691.702 
690.582 
687.912 
684.157 
680.135 
676.841 
675.055 
675.051 
676.978 
680.918 
686.35 
692.276 
697.655 
701.605 
703.589 
703.453 
701.313 
697.605 
693.07 
688.576 
685.183 
683.935 
685.283 
689.162 
695.16 
702.358 
709.391 
714.76 
717.408 
717.011 
713.714 
708.188 
701.749 
695.95 
692.089 
690.899 
692.572 
696.899 
703.183 
710.382 
717.456 
723.592 
728.303 
731.429 
733.122 
733.791 
733.976 
734.236 
735.05 
736.712 
739.268 
742.494 
745.921 
748.957 
751.087 
752.177 
752.449 
752.068 
751.23 
750.418 
750.049 
750.244 
750.762 
751.162 
751.277 
750.866 
750.003 
749.738 
750.844 
753.181 
755.822 
757.493 
757.532 
754.294 
744.774 
727.81 
704.555 
677.134 
648.39 
621.404 
598.681 
581.554 
570.195 
563.783 
560.753 
559.708 
560.167 
561.722 
563.565 
565.319 
567.024 
568.414 
568.908 
568.18 
566.151 
562.821 
558.479 
553.739 
549.327 
545.809 
543.431 
542.081 
541.416 
541.166 
541.283 
541.813 
542.827 
544.356 
546.207 
547.825 
548.616 
548.343 
546.733 
543.359 
538.362 
532.503 
526.658 
521.485 
517.287 
514.091 
511.711 
509.801 
507.977 
505.937 
503.533 
500.787 
497.864 
495.021 
492.522 
490.569 
489.261 
488.575 
488.357 
488.356 
488.397 
488.385 
488.105 
487.255 
485.621 
483.117 
479.771 
475.74 
471.29 
466.729 
462.305 
458.126 
454.149 
450.206 
446.088 
441.613 
436.665 
431.176 
425.096 
418.381 
411.014 
403.019 
394.483 
385.586 
376.623 
368.017 
360.349 
354.324 
350.59 
349.042 
348.853 
349.569 
350.751 
351.522 
351.422 
349.883 
345.924 
339.491 
331.539 
323.234 
315.641 
309.508 
305.16 
302.464 
300.862 
299.495 
297.447 
294.028 
288.974 
282.509 
275.265 
268.044 
261.509 
255.979 
251.362 
247.254 
243.195 
238.888 
234.262 
229.45 
224.722 
220.318 
216.311 
212.572 
208.819 
204.762 
200.218 
195.132 
189.567 
183.656 
177.527 
171.246 
164.827 
158.275 
151.65 
145.111 
138.895 
133.235 
128.269 
123.993 
120.254 
116.785 
113.321 
109.722 
106.015 
102.382 
99.0936 
96.3802 
94.3328 
92.869 
91.7564 
90.6807 
89.3399 
87.5166 
85.1125 
82.1541 
78.7788 
75.2027 
71.6801 
68.4581 
65.7215 
63.5485 
61.8935 
60.5984 
59.4416 
58.225 
56.8469 
55.3286 
53.7925 
52.3941 
51.2377 
50.3325 
49.5855 
48.8281 
47.8889 
46.6596 
45.1142 
43.304 
41.3391 
39.3437 
37.4138 
35.604 
33.9413 
32.4511 
31.1748 
30.1694 
29.4868 
29.1547 
29.1804 
29.5246 
30.0764 
30.7084 
31.3197 
31.8407 
32.2387 
32.5235 
32.7337 
32.8901 
32.9802 
32.9877 
32.8887 
32.6536 
32.2774 
31.7656 
31.1307 
30.404 
29.6261 
28.8303 
28.0236 
27.1777 
26.2321 
25.121 
23.8204 
22.3708 
20.8831 
19.5452 
18.6004 
18.1477 
18.0632 
18.2472 
18.5754 
18.8115 
18.831 
18.5208 
17.7317 
16.5563 
15.2489 
14.0012 
12.9174 
12.0273 
11.2967 
10.6481 
10.0089 
9.34832 
8.68468 
8.07055 
7.55586 
7.15801 
6.85408 
6.59048 
6.31045 
5.98162 
5.60574 
5.21325 
4.84342 
4.52039 
4.24296 
3.98255 
3.68909 
3.31466 
2.83868 
2.27669 
1.67762 
1.11015 
0.637539 
0.297408 
0.0966558 
0.0129441 
0 
0 
0 
0 
0 
0 
0 
0 
0 
0 
0 
0 
0 
0 
0 
0 
0 
0 
0 
0 
0 
0 
0 
0 
0 
0 
0 
0 
0 
0 
0 
0 
0 
0 
0 
0 
0 
0 
0 
0 
0 
0 
0 
0 
0 
0 
0 
0 
0 
0 
0 
0 
0 
0 
0 
0 
0 
0 
0 
0 
0 
0 
0 
0 
0 
0 
0 
0 
0 
0 
0 
0 
0 
0 
0 
0 
0 
0 
0 
0 
0 
0 
0 
0 
0 
0 
0 
0 
0 
0 
0 
0 
0 
0 
0 
0 
0 
0 
0 
0 
0 
0 
0 
0 
0 
0 
0 
0 
0 
0 
0 
0 
0 
0 
0 
0 
0 
0 
0 
0 
0 
0 
0 
0 
0 
0 
0 
0 
0 
0 
0 
0 
0 
0 
0 
0 
0 
0 
0 
0 
0 
0 
0 
0 
0 
0 
0 
0 
0 
0 
0 
0 
0 
0 
0 
0 
0 
0 
0 
0 
0 
0 
0 
0 
0 
0 
0 
0 
0 
0 
0 
0 
0 
0 
0 
0 
0 
0 
0 
0 
0 
0 
0 
0 
0 
0 
0 
0 
0 
0 
0 
0 
0 
0 
0 
0 
0 
0 
0 
0 
0 
0 
0 
0 
0 
0 
0 
0 
0 
0 
0 
0 
0 
0 
0 
0 
0 
0 
0 
0 
0 
0 
0 
0 
0 
0 
0 
0 
0 
0 
0 
0 
0 
0 
0 
0 
0 
0 
0 
0 
0 
0 
0 
0 
0 
0 
0 
0 
0 
0 
0 
0 
0 
0 
0 
0 
0 
0 
0 
0 
0 
0 
0 
0 
0 
0 
0 
0 
0 
0 
0 
0 
0 
0 
0 
0 
0 
0 
0 
0 
0 
0 
0 
0 
0 
0 
0 
0 
0 
0 
0 
0 
0 
0 
0 
0 
0 
0 
0 
0 
0 
0 
0 
0 
0 
0 
0 
0 
0 
0 
0 
0 
0 
0 
0 
0 
0 
0 
0 
0 
0 
0 
0 
0 
0 
0 
0 
0 
0 
0 
0 
0 
0 
0 
0 
0 
0 
0 
0 
0 
0 
0 
0 
0 
0 
0 
0 
0 
0 
0 
0 
0 
0 
0 
0 
0 
0 
0 
0 
0 
0 
0 
0 
0 
0 
0 
0 
0 
0 
0 
0 
0 
0 
0 
0 
0 
0 
0 
0 
0 
0 
0 
0 
0 
0 
0 
0 
0 
0 
0 
0 
0 
0 
0 
0 
0 
0 
0 
0 
0 
0 
0 
0 
0 
0 
0 
0 
0 
0 
0 
0 
0 
0 
0 
0 
0 
0 
0 
0 
0 
0 
0 
0 
0 
0 
0 
0 
0 
0 
0 
0 
0 
0 
0 
0 
0 
0 
0 
0 
0 
0 
0 
0 
0 
0 
0 
0 
0 
0 
0 
0 
0 
0 
0 
0 
0 
0 
0 
0 
0 
0 
0 
0 
0 
0 
0 
0 
0 
0 
0 
0 
0 
0 
0 
0 
0 
0 
0 
0 
0 
0 
0 
0 
0 
0 
0 
0 
0 
0 
0 
0 
0 
0 
0 
0 
0 
0 
0 
0 
0 
0 
0 
0 
0 
0 
0 
0 
0 
0 
0 
0 
0 
0 
0 
0 
0 
0 
0 
0 
0 
0 
0 
0 
0 
0 
0 
0 
0 
0 
0 
0 
0 
0 
0 
0 
0 
0 
0 
0 
0 
0 
0 
0 
0 
0 
0 
0 
0 
0 
0 
0 
0 
0 
0 
0 
0 
0 
0 
0 
0 
0 
0 
0 
0 
0 
0 
0 
0 
0 
0 
0 
0 
0 
0 
0 
0 
0 
0 
0 
0 
0 
0 
0 
0 
0 
0 
0 
0 
0 
0 
0 
0 
0 
0 
0 
0 
0 
0 
0 
0 
0 
0 
0 
0 
0 
0 
0 
0 
0 
0 
0 
0 
0 
0 
0 
0 
0 
0 
0 
0 
0 
0 
0 
0 
0 
0 
0 
0 
0 
0 
0 
0 
0 
0 
0 
0 
0 
0 
0 
0 
0 
0 
0 
0 
0 
0 
0 
0 
0 
0 
0 
0 
0 
0 
0 
0 
0 
0 
0 
0 
0 
0 
0 
0 
0 
0 
0 
0 
0 
0 
0 
0 
0 
0 
0 
0 
0 
0 
0 
0 
0 
0 
0 
0 
0 
0 
0 
0 
0 
0 
0 
0 
0 
0 
0 
0 
0 
0 
0 
0 
0 
0 
0 
0 
0 
0 
0 
0 
0 
0 
0 
0 
0 
0 
0 
0 
0 
0 
0 
0 
0 
0 
0 
0 
0 
0 
0 
0 
0 
0 
0 
0 
0 
0 
0 
0 
0 
0 
0 
0 
0 
0 
0 
0 
0 
0 
0 
0 
0 
0 
0 
0 
0 
0 
0 
0 
0 
0 
0 
0 
0 
0 
0 
0 
0 
0 
0 
0 
0 
0 
0 
0 
0 
0 
0 
0 
0 
0 
0 
0 
0 
0 
0 
0 
0 
0 
0 
0 
0 
0 
0 
0 
0 
0 
0 
0 
0 
0 
0 
0 
0 
0 
0 
0 
0 
0 
0 
0 
0 
0 
0 
0 
0 
0 
0 
0 
0 
0 
0 
0 
0 
0 
0 
0 
0 
0 
0 
0 
0 
0 
0 
0 
0 
0 
0 
0 
0 
0 
0 
0 
0 
0 
0 
0 
0 
0 
0 
0 
0 
0 
0 
0 
0 
0 
0 
0 
0 
0 
0 
0 
0 
0 
0 
0 
0 
0 
0 
0 
0 
0 
0 
0 
0 
0 
0 
0 
0 
0 
0 
0 
0 
0 
0 
0 
0 
0 
0 
0 
0 
0 
0 
0 
0 
0 
0 
0 
0 
0 
0 
0 
0 
0 
0 
0 
0 
0 
0 
0 
0 
0 
0 
0 
0 
0 
0 
0 
0 
0 
0 
0 
0 
0 
0 
0 
0 
0 
0 
0 
0 
0 
0 
0 
0 
0 
0 
0 
0 
0 
0 
0 
0 
0 
0 
0 
0 
0 
0 
0 
0 
0 
0 
0 
0 
0 
0 
0 
0 
0 
0 
0 
0 
0 
0 
0 
0 
0 
0 
0 
0 
0 
0 
0 
0 
0 
0 
0 
0 
0 
0 
0 
0 
0 
0 
0 
0 
0 
0 
0 
0 
0 
0 
0 
0 
0 
0 
0 
0 
0 
0 
0 
0 
0 
0 
0 
0 
0 
0 
0 
0 
0 
0 
0 
0 
0 
0 
0 
0 
0 
0 
0 
0 
0 
0 
0 
0 
0 
0 
0 
0 
0 
0 
0 
0 
0 
0 
0 
0 
0 
0 
0 
0 
0 
0 
0 
0 
0 
0 
0 
0 
0 
0 
0 
0 
0 
0 
0 
0 
0 
0 
0 
0 
0 
0 
0 
0 
0 
0 
0 
0 
0 
0 
0 
0 
0 
0 
0 
0 
0 
0 
0 
0 
0 
0 
0 
0 
0 
0 
0 
0 
0 
0 
0 
0 
0 
0 
0 
0 
0 
0 
0 
0 
0 
0 
0 
0 
0 
0 
0 
0 
0 
0 
0 
0 
0 
0 
0 
0 
0 
0 
0 
0 
0 
0 
0 
0 
0 
0 
0 
0 
0 
0 
0 
0 
0 
0 
0 
0 
0 
0 
0 
0 
0 
0 
0 
0 
0 
0 
0 
0 
0 
0 
0 
0 
0 
0 
0 
0 
0 
0 
0 
0 
0 
0 
0 
0 
0 
0 
0 
0 
0 
0 
0 
0 
0 
0 
0 
0 
0 
0 
0 
0 
0 
0 
0 
0 
0 
0 
0 
0 
0 
0 
0 
0 
0 
0 
0 
0 
0 
0 
0 
0 
0 
0 
0 
0 
0 
0 
0 
0 
0 
0 
0 
0 
0 
0 
0 
0 
0 
0 
0 
0 
0 
0 
0 
0 
0 
0 
0 
0 
0 
0 
0 
0 
0 
0 
0 
0 
0 
0 
0 
0 
0 
0 
0 
0 
0 
0 
0 
0 
0 
0 
0 
0 
0 
0 
0 
0 
0 
0 
0 
0 
0 
0 
0 
0 
0 
0 
0 
0 
0 
0 
0 
0 
0 
0 
0 
0 
0 
0 
0 
0 
0 
0 
0 
0 
0 
0 
0 
0 
0 
0 
0 
0 
0 
0 
0 
0 
0 
0 
0 
0 
0 
0 
0 
0 
0 
0 
0 
0 
0 
0 
0 
0 
0 
0 
0 
0 
0 
0 
0 
0 
0 
0 
0 
0 
0 
0 
0 
0 
0 
0 
0 
0 
0 
0 
0 
0 
0 
0 
0 
0 
0 
0 
0 
0 
0 
0 
0 
0 
0 
0 
0 
0 
0 
0 
0 
0 
0 
0 
0 
0 
0 
0 
0 
0 
0 
0 
0 
0 
0 
0 
0 
0 
0 
0 
0 
0 
0 
0 
0 
0 
0 
0 
0 
0 
0 
0 
0 
0 
0 
0 
0 
0 
0 
0 
0 
0 
0 
0 
0 
0 
0 
0 
0 
0 
0 
0 
0 
0 
0 
0 
0 
0 
0 
0 
0 
0 
0 
0 
0 
0 
0 
0 
0 
0 
0 
0 
0 
0 
0 
0 
0 
0 
0 
0 
0 
0 
0 
0 
0 
0 
0 
0 
0 
0 
0 
0 
0 
0 
0 
0 
0 
0 
0 
0 
0 
0 
0 
0 
0 
0 
0 
0 
0 
0 
0 
0 
0 
0 
0 
0 
0 
0 
0 
0 
0 
0 
0 
0 
0 
0 
0 
0 
0 
0 
0 
0 
0 
0 
0 
0 
0 
0 
0 
0 
0 
0 
0 
0 
0 
0 
0 
0 
0 
0 
0 
0 
0 
0 
0 
0 
0 
0 
0 
0 
0 
0 
0 
0 
0 
0 
0 
0 
0 
0 
0 
0 
0 
0 
0 
0 
0 
0 
0 
0 
0 
0 
0 
0 
0 
0 
0 
0 
0 
0 
0 
0 
0 
0 
0 
0 
0 
0 
0 
0 
0 
0 
0 
0 
0 
0 
0 
0 
0 
0 
0 
0 
0 
0 
0 
0 
0 
0 
0 
0 
0 
0 
0 
0 
0 
0 
0 
0 
0 
0 
0 
0 
0 
0 
0 
0 
0 
0 
0 
0 
0 
0 
0 
0 
0 
0 
0 
0 
0 
0 
0 
0 
0 
0 
0 
0 
0 
0 
0 
0 
0 
0 
0 
0 
0 
0 
0 
0 
0 
0 
0 
0 
0 
0 
0 
0 
0 
0 
0 
0 
0 
0 
0 
0 
0 
0 
0 
0 
0 
0 
0 
0 
0 
0 
0 
0 
0 
0 
0 
0 
0 
0 
0 
0 
0 
0 
0 
0 
0 
0 
0 
0 
0 
0 
0 
0 
0 
0 
0 
0 
0 
0 
0 
0 
0 
0 
0 
0 
0 
0 
0 
0 
0 
0 
0 
0 
0 
0 
0 
0 
0 
0 
0 
0 
0 
0 
0 
0 
0 
0 
0 
0 
0 
0 
0 
0 
0 
0 
0 
0 
0 
0 
0 
0 
0 
0 
0 
0 
0 
0 
0 
0 
0 
0 
0 
0 
0 
0 
0 
0 
0 
0 
0 
0 
0 
0 
0 
0 
0 
0 
0 
0 
0 
0 
0 
0 
0 
0 
0 
0 
0 
0 
0 
0 
0 
0 
0 
0 
0 
0 
0 
0 
0 
0 
0 
0 
0 
0 
0 
0 
0 
0 
0 
0 
0 
0 
0 
0 
0 
0 
0 
0 
0 
0 
0 
0 
0 
0 
0 
0 
0 
0 
0 
0 
0 
0 
0 
0 
0 
0 
0 
0 
0 
0 
0 
0 
0 
0 
0 
0 
0 
0 
0 
0 
0 
0 
0 
0 
0 
0 
0 
0 
0 
0 
0 
0 
0 
0 
0 
0 
0 
0 
0 
0 
0 
0 
0 
0 
0 
0 
0 
0 
0 
0 
0 
0 
0 
0 
0 
0 
0 
0 
0 
0 
0 
0 
0 
0 
0 
0 
0 
0 
0 
0 
0 
0 
0 
0 
0 
0 
0 
0 
0 
0 
0 
0 
0 
0 
0 
0 
0 
0 
0 
0 
0 
0 
0 
0 
0 
0 
0 
0 
0 
0 
0 
0 
0 
0 
0 
0 
0 
0 
0 
0 
0 
0 
0 
0 
0 
0 
0 
0 
0 
0 
0 
0 
0 
0 
0 
0 
0 
0 
0 
0 
0 
0 
0 
0 
0 
0 
0 
0 
0 
0 
0 
0 
0 
0 
0 
0 
0 
0 
0 
0 
0 
0 
0 
0 
0 
0 
0 
0 
0 
0 
0 
0 
0 
0 
0 
0 
0 
0 
0 
0 
0 
0 
0 
0 
0 
0 
0 
0 
0 
0 
0 
0 
0 
0 
0 
0 
0 
0 
0 
0 
0 
0 
0 
0 
0 
0 
0 
0 
0 
0 
0 
0 
0 
0 
0 
0 
0 
0 
0 
0 
0 
0 
0 
0 
0 
0 
0 
0 
0 
0 
0 
0 
0 
0 
0 
0 
0 
0 
0 
0 
0 
0 
0 
0 
0 
0 
0 
0 
0 
0 
0 
0 
0 
0 
0 
0 
0 
0 
0 
0 
0 
0 
0 
0 
0 
0 
0 
0 
0 
0 
0 
0 
0 
0 
0 
0 
0 
0 
0 
0 
0 
0 
0 
0 
0 
0 
0 
0 
0 
0 
0 
0 
0 
0 
0 
0 
0 
0 
0 
0 
0 
0 
0 
0 
0 
0 
0 
0 
0 
0 
0 
0 
0 
0 
0 
0 
0 
0 
0 
0 
0 
0 
0 
0 
0 
0 
0 
0 
0 
0 
0 
0 
0 
0 
0 
0 
0 
0 
0 
0 
0 
0 
0 
0 
0 
0 
0 
0 
0 
0 
0 
0 
0 
0 
0 
0 
0 
0 
0 
0 
0 
0 
0 
0 
0 
0 
0 
0 
0 
0 
0 
0 
0 
0 
0 
0 
0 
0 
0 
0 
0 
0 
0 
0 
0 
0 
0 
0 
0 
0 
0 
0 
0 
0 
0 
0 
0 
0 
0 
0 
0 
0 
0 
0 
0 
0 
0 
0 
0 
0 
0 
0 
0 
0 
0 
0 
0 
0 
0 
0 
0 
0 
0 
0 
0 
0 
0 
0 
0 
0 
0 
0 
0 
0 
0 
0 
0 
0 
0 
0 
0 
0 
0 
0 
0 
0 
0 
0 
0 
0 
0 
0 
0 
0 
0 
0 
0 
0 
0 
0 
0 
0 
0 
0 
0 
0 
0 
0 
0 
0 
0 
0 
0 
0 
0 
0 
0 
0 
0 
0 
0 
0 
0 
0 
0 
0 
0 
0 
0 
0 
0 
0 
0 
0 
0 
0 
0 
0 
0 
0 
0 
0 
0 
0 
0 
0 
0 
0 
0 
0 
0 
0 
0 
0 
0 
0 
0 
0 
0 
0 
0 
0 
0 
0 
0 
0 
0 
0 
0 
0 
0 
0 
0 
0 
0 
0 
0 
0 
0 
0 
0 
0 
0 
0 
0 
0 
0 
0 
0 
0 
0 
0 
0 
0 
0 
0 
0 
0 
0 
0 
0 
0 
0 
0 
0 
0 
0 
0 
0 
0 
0 
0 
0 
0 
0 
0 
0 
0 
0 
0 
0 
0 
0 
0 
0 
0 
0 
0 
0 
0 
0 
0 
0 
0 
0 
0 
0 
0 
0 
0 
0 
0 
0 
0 
0 
0 
0 
0 
0 
0 
0 
0 
0 
0 
0 
0 
0 
0 
0 
0 
0 
0 
0 
0 
0 
0 
0 
0 
0 
0 
0 
0 
0 
0 
0 
0 
0 
0 
0 
0 
0 
0 
0 
0 
0 
0 
0 
0 
0 
0 
0 
0 
0 
0 
0 
0 
0 
0 
0 
0 
0 
0 
0 
0 
0 
0 
0 
0 
0 
0 
0 
0 
0 
0 
0 
0 
0 
0 
0 
0 
0 
0 
0 
0 
0 
0 
0 
0 
0 
0 
0 
0 
0 
0 
0 
0 
0 
0 
0 
0 
0 
0 
0 
0 
0 
0 
0 
0 
0 
0 
0 
0 
0 
0 
0 
0 
0 
0 
0 
0 
0 
0 
0 
0 
0 
0 
0 
0 
0 
0 
0 
0 
0 
0 
0 
0 
0 
0 
0 
0 
0 
0 
0 
0 
0 
0 
0 
0 
0 
0 
0 
0 
0 
0 
0 
0 
0 
0 
0 
0 
0 
0 
0 
0 
0 
0 
0 
0 
0 
0 
0 
0 
0 
0 
0 
0 
0 
0 
0 
0 
0 
0 
0 
0 
0 
0 
0 
0 
0 
0 
0 
0 
0 
0 
0 
0 
0 
0 
0 
0 
0 
0 
0 
0 
0 
0 
0 
0 
0 
0 
0 
0 
0 
0 
0 
0 
0 
0 
0 
0 
0 
0 
0 
0 
0 
0 
0 
0 
0 
0 
0 
0 
0 
0 
0 
0 
0 
0 
0 
0 
0 
0 
0 
0 
0 
0 
0 
0 
0 
0 
0 
0 
0 
0 
0 
0 
0 
0 
0 
0 
0 
0 
0 
0 
0 
0 
0 
0 
0 
0 
0 
0 
0 
0 
0 
0 
0 
0 
0 
0 
0 
0 
0 
0 
0 
0 
0 
0 
0 
0 
0 
0 
0 
0 
0 
0 
0 
0 
0 
0 
0 
0 
0 
0 
0 
0 
0 
0 
0 
0 
0 
0 
0 
0 
0 
0 
0 
0 
0 
0 
0 
0 
0 
0 
0 
0 
0 
0 
0 
0 
0 
0 
0 
0 
0 
0 
0 
0 
0 
0 
0 
0 
0 
0 
0 
0 
0 
0 
0 
0 
0 
0 
0 
0 
0 
0 
0 
0 
0 
0 
0 
0 
0 
0 
0 
0 
0 
0 
0 
0 
0 
0 
0 
0 
0 
0 
0 
0 
0 
0 
0 
0 
0 
0 
0 
0 
0 
0 
0 
0 
0 
0 
0 
0 
0 
0 
0 
0 
0 
0 
0 
0 
0 
0 
0 
0 
0 
0 
0 
0 
0 
0 
0 
0 
0 
0 
0 
0 
0 
0 
0 
0 
0 
0 
0 
0 
0 
0 
0 
0 
0 
0 
0 
0 
0 
0 
0 
0 
0 
0 
0 
0 
0 
0 
0 
0 
0 
0 
0 
0 
0 
0 
0 
0 
0 
0 
0 
0 
0 
0 
0 
0 
0 
0 
0 
0 
0 
0 
0 
0 
0 
0 
0 
0 
0 
0 
0 
0 
0 
0 
0 
0 
0 
0 
0 
0 
0 
0 
0 
0 
0 
0 
0 
0 
0 
0 
0 
0 
0 
0 
0 
0 
0 
0 
0 
0 
0 
0 
0 
0 
0 
0 
0 
0 
0 
0 
0 
0 
0 
0 
0 
0 
0 
0 
0 
0 
0 
0 
0 
0 
0 
0 
0 
0 
0 
0 
0 
0 
0 
0 
0 
0 
0 
0 
0 
0 
0 
0 
0 
0 
0 
0 
0 
0 
0 
0 
0 
0 
0 
0 
0 
0 
0 
0 
0 
0 
0 
0 
0 
0 
0 
0 
0 
0 
0 
0 
0 
0 
0 
0 
0 
0 
0 
0 
0 
0 
0 
0 
0 
0 
0 
0 
0 
0 
0 
0 
0 
0 
0 
0 
0 
0 
0 
0 
0 
0 
0 
0 
0 
0 
0 
0 
0 
0 
0 
0 
0 
0 
0 
0 
0 
0 
0 
0 
0 
0 
0 
0 
0 
0 
0 
0 
0 
0 
0 
0 
0 
0 
0 
0 
0 
0 
0 
0 
0 
0 
0 
0 
0 
0 
0 
0 
0 
0 
0 
0 
0 
0 
0 
0 
0 
0 
0 
0 
0 
0 
0 
0 
0 
0 
0 
0 
0 
0 
0 
0 
0 
0 
0 
0 
0 
0 
0 
0 
0 
0 
0 
0 
0 
0 
0 
0 
0 
0 
0 
0 
0 
0 
0 
0 
0 
0 
0 
0 
0 
0 
0 
0 
0 
0 
0 
0 
0 
0 
0 
0 
0 
0 
0 
0 
0 
0 
0 
0 
0 
0 
0 
0 
0 
0 
0 
0 
0 
0 
0 
0 
0 
0 
0 
0 
0 
0 
0 
0 
0 
0 
0 
0 
0 
0 
0 
0 
0 
0 
0 
0 
0 
0 
0 
0 
0 
0 
0 
0 
0 
0 
0 
0 
0 
0 
0 
0 
0 
0 
0 
0 
0 
0 
0 
0 
0 
0 
0 
0 
0 
0 
0 
0 
0 
0 
0 
0 
0 
0 
0 
0 
0 
0 
0 
0 
0 
0 
0 
0 
0 
0 
0 
0 
0 
0 
0 
0 
0 
0 
0 
0 
0 
0 
0 
0 
0 
0 
0 
0 
0 
0 
0 
0 
0 
0 
0 
0 
0 
0 
0 
0 
0 
0 
0 
0 
0 
0 
0 
0 
0 
0 
0 
0 
0 
0 
0 
0 
0 
0 
0 
0 
0 
0 
0 
0 
0 
0 
0 
0 
0 
0 
0 
0 
0 
0 
0 
0 
0 
0 
0 
0 
0 
0 
0 
0 
0 
0 
0 
0 
0 
0 
0 
0 
0 
0 
0 
0 
0 
0 
0 
0 
0 
0 
0 
0 
0 
0 
0 
0 
0 
0 
0 
0 
0 
0 
0 
0 
0 
0 
0 
0 
0 
0 
0 
0 
0 
0 
0 
0 
0 
0 
0 
0 
0 
0 
0 
0 
0 
0 
0 
0 
0 
0 
0 
0 
0 
0 
0 
0 
0 
0 
0 
0 
0 
0 
0 
0 
0 
0 
0 
0 
0 
0 
0 
0 
0 
0 
0 
0 
0 
0 
0 
0 
0 
0 
0 
0 
0 
0 
0 
0 
0 
0 
0 
0 
0 
0 
0 
0 
0 
0 
0 
0 
0 
0 
0 
0 
0 
0 
0 
0 
0 
0 
0 
0 
0 
0 
0 
0 
0 
0 
0 
0 
0 
0 
0 
0 
0 
0 
0 
0 
0 
0 
0 
0 
0 
0 
0 
0 
0 
0 
0 
0 
0 
0 
0 
0 
0 
0 
0 
0 
0 
0 
0 
0 
0 
0 
0 
0 
0 
0 
0 
0 
0 
0 
0 
0 
0 
0 
0 
0 
0 
0 
0 
0 
0 
0 
0 
0 
0 
0 
0 
0 
0 
0 
0 
0 
0 
0 
0 
0 
0 
0 
0 
0 
0 
0 
0 
0 
0 
0 
0 
0 
0 
0 
0 
0 
0 
0 
0 
0 
0 
0 
0 
0 
0 
0 
0 
0 
0 
0 
0 
0 
0 
0 
0 
0 
0 
0 
0 
0 
0 
0 
0 
0 
0 
0 
0 
0 
0 
0 
0 
0 
0 
0 
0 
0 
0 
0 
0 
0 
0 
0 
0 
0 
0 
0 
0 
0 
0 
0 
0 
0 
0 
0 
0 
0 
0 
0 
0 
0 
0 
0 
0 
0 
0 
0 
0 
0 
0 
0 
0 
0 
0 
0 
0 
0 
0 
0 
0 
0 
0 
0 
0 
0 
0 
0 
0 
0 
0 
0 
0 
0 
0 
0 
0 
0 
0 
0 
0 
0 
0 
0 
0 
0 
0 
0 
0 
0 
0 
0 
0 
0 
0 
0 
0 
0 
0 
0 
0 
0 
0 
0 
0 
0 
0 
0 
0 
0 
0 
0 
0 
0 
0 
0 
0 
0 
0 
0 
0 
0 
0 
0 
0 
0 
0 
0 
0 
0 
0 
0 
0 
0 
0 
0 
0 
0 
0 
0 
0 
0 
0 
0 
0 
0 
0 
0 
0 
0 
0 
0 
0 
0 
0 
0 
0 
0 
0 
0 
0 
0 
0 
0 
0 
0 
0 
0 
0 
0 
0 
0 
0 
0 
0 
0 
0 
0 
0 
0 
0 
0 
0 
0 
0 
0 
0 
0 
0 
0 
0 
0 
0 
0 
0 
0 
0 
0 
0 
0 
0 
0 
0 
0 
0 
0 
0 
0 
0 
0 
0 
0 
0 
0 
0 
0 
0 
0 
0 
0 
0 
0 
0 
0 
0 
0 
0 
0 
0 
0 
0 
0 
0 
0 
0 
0 
0 
0 
0 
0 
0 
0 
0 
0 
0 
0 
0 
0 
0 
0 
0 
0 
0 
0 
0 
0 
0 
0 
0 
0 
0 
0 
0 
0 
0 
0 
0 
0 
0 
0 
0 
0 
0 
0 
0 
0 
0 
0 
0 
0 
0 
0 
0 
0 
0 
0 
0 
0 
0 
0 
0 
0 
0 
0 
0 
0 
0 
0 
0 
0 
0 
0 
0 
0 
0 
0 
0 
0 
0 
0 
0 
0 
0 
0 
0 
0 
0 
0 
0 
0 
0 
0 
0 
0 
0 
0 
0 
0 
0 
0 
0 
0 
0 
0 
0 
0 
0 
0 
0 
0 
0 
0 
0 
0 
0 
0 
0 
0 
0 
0 
0 
0 
0 
0 
0 
0 
0 
0 
0 
0 
0 
0 
0 
0 
0 
0 
0 
0 
0 
0 
0 
0 
0 
0 
0 
0 
0 
0 
0 
0 
0 
0 
0 
0 
0 
0 
0 
0 
0 
0 
0 
0 
0 
0 
0 
0 
0 
0 
0 
0 
0 
0 
0 
0 
0 
0 
0 
0 
0 
0 
0 
0 
0 
0 
0 
0 
0 
0 
0 
0 
0 
0 
0 
0 
0 
0 
0 
0 
0 
0 
0 
0 
0 
0 
0 
0 
0 
0 
0 
0 
0 
0 
0 
0 
0 
0 
0 
0 
0 
0 
0 
0 
0 
0 
0 
0 
0 
0 
0 
0 
0 
0 
0 
0 
0 
0 
0 
0 
0 
0 
0 
0 
0 
0 
0 
0 
0 
0 
0 
0 
0 
0 
0 
0 
0 
0 
0 
0 
0 
0 
0 
0 
0 
0 
0 
0 
0 
0 
0 
0 
0 
0 
0 
0 
0 
0 
0 
0 
0 
0 
0 
0 
0 
0 
0 
0 
0 
0 
0 
0 
0 
0 
0 
0 
0 
0 
0 
0 
0 
0 
0 
0 
0 
0 
0 
0 
0 
0 
0 
0 
0 
0 
0 
0 
0 
0 
0 
0 
0 
0 
0 
0 
0 
0 
0 
0 
0 
0 
0 
0 
0 
0 
0 
0 
0 
0 
0 
0 
0 
0 
0 
0 
0 
0 
0 
0 
0 
0 
0 
0 
0 
0 
0 
0 
0 
0 
0 
0 
0 
0 
0 
0 
0 
0 
0 
0 
0 
0 
0 
0 
0 
0 
0 
0 
0 
0 
0 
0 
0 
0 
0 
0 
0 
0 
0 
0 
0 
0 
0 
0 
0 
0 
0 
0 
0 
0 
0 
0 
0 
0 
0 
0 
0 
0 
0 
0 
0 
0 
0 
0 
0 
0 
0 
0 
0 
0 
0 
0 
0 
0 
0 
0 
0 
0 
0 
0 
0 
0 
0 
0 
0 
0 
0 
0 
0 
0 
0 
0 
0 
0 
0 
0 
0 
0 
0 
0 
0 
0 
0 
0 
0 
0 
0 
0 
0 
0 
0 
0 
0 
0 
0 
0 
0 
0 
0 
0 
0 
0 
0 
0 
0 
0 
0 
0 
0 
0 
0 
0 
0 
0 
0 
0 
0 
0 
0 
0 
0 
0 
0 
0 
0 
0 
0 
0 
0 
0 
0 
0 
0 
0 
0 
0 
0 
0 
0 
0 
0 
0 
0 
0 
0 
0 
0 
0 
0 
0 
0 
0 
0 
0 
0 
0 
0 
0 
0 
0 
0 
0 
0 
0 
0 
0 
0 
0 
0 
0 
0 
0 
0 
0 
0 
0 
0 
0 
0 
0 
0 
0 
0 
0 
0 
0 
0 
0 
0 
0 
0 
0 
0 
0 
0 
0 
0 
0 
0 
0 
0 
0 
0 
0 
0 
0 
0 
0 
0 
0 
0 
0 
0 
0 
0 
0 
0 
0 
0 
0 
0 
0 
0 
0 
0 
0 
0 
0 
0 
0 
0 
0 
0 
0 
0 
0 
0 
0 
0 
0 
0 
0 
0 
0 
0 
0 
0 
0 
0 
0 
0 
0 
0 
0 
0 
0 
0 
0 
0 
0 
0 
0 
0 
0 
0 
0 
0 
0 
0 
0 
0 
0 
0 
0 
0 
0 
0 
0 
0 
0 
0 
0 
0 
0 
0 
0 
0 
0 
0 
0 
0 
0 
0 
0 
0 
0 
0 
0 
0 
0 
0 
0 
0 
0 
0 
0 
0 
0 
0 
0 
0 
0 
0 
0 
0 
0 
0 
0 
0 
0 
0 
0 
0 
0 
0 
0 
0 
0 
0 
0 
0 
0 
0 
0 
0 
0 
0 
0 
0 
0 
0 
0 
0 
0 
0 
0 
0 
0 
0 
0 
0 
0 
0 
0 
0 
0 
0 
0 
0 
0 
0 
0 
0 
0 
0 
0 
0 
0 
0 
0 
0 
0 
0 
0 
0 
0 
0 
0 
0 
0 
0 
0 
0 
0 
0 
0 
0 
0 
0 
0 
0 
0 
0 
0 
0 
0 
0 
0 
0 
0 
0 
0 
0 
0 
0 
0 
0 
0 
0 
0 
0 
0 
0 
0 
0 
0 
0 
0 
0 
0 
0 
0 
0 
0 
0 
0 
0 
0 
0 
0 
0 
0 
0 
0 
0 
0 
0 
0 
0 
0 
0 
0 
0 
0 
0 
0 
0 
0 
0 
0 
0 
0 
0 
0 
0 
0 
0 
0 
0 
0 
0 
0 
0 
0 
0 
0 
0 
0 
0 
0 
0 
0 
0 
0 
0 
0 
0 
0 
0 
0 
0 
0 
0 
0 
0 
0 
0 
0 
0 
0 
0 
0 
0 
0 
0 
0 
0 
0 
0 
0 
0 
0 
0 
0 
0 
0 
0 
0 
0 
0 
0 
0 
0 
0 
0 
0 
0 
0 
0 
0 
0 
0 
0 
0 
0 
0 
0 
0 
0 
0 
0 
0 
0 
0 
0 
0 
0 
0 
0 
0 
0 
0 
0 
0 
0 
0 
0 
0 
0 
0 
0 
0 
0 
0 
0 
0 
0 
0 
0 
0 
0 
0 
0 
0 
0 
0 
0 
0 
0 
0 
0 
0 
0 
0 
0 
0 
0 
0 
0 
0 
0 
0 
0 
0 
0 
0 
0 
0 
0 
0 
0 
0 
0 
0 
0 
0 
0 
0 
0 
0 
0 
0 
0 
0 
0 
0 
0 
0 
0 
0 
0 
0 
0 
0 
0 
0 
0 
0 
0 
0 
0 
0 
0 
0 
0 
0 
0 
0 
0 
0 
0 
0 
0 
0 
0 
0 
0 
0 
0 
0 
0 
0 
0 
0 
0 
0 
0 
0 
0 
0 
0 
0 
0 
0 
0 
0 
0 
0 
0 
0 
0 
0 
0 
0 
0 
0 
0 
0 
0 
0 
0 
0 
0 
0 
0 
0 
0 
0 
0 
0 
0 
0 
0 
0 
0 
0 
0 
0 
0 
0 
0 
0 
0 
0 
0 
0 
0 
0 
0 
0 
0 
0 
0 
0 
0 
0 
0 
0 
0 
0 
0 
0 
0 
0 
0 
0 
0 
0 
0 
0 
0 
0 
0 
0 
0 
0 
0 
0 
0 
0 
0 
0 
0 
0 
0 
0 
0 
0 
0 
0 
0 
0 
0 
0 
0 
0 
0 
0 
0 
0 
0 
0 
0 
0 
0 
0 
0 
0 
0 
0 
0 
0 
0 
0 
0 
0 
0 
0 
0 
0 
0 
0 
0 
0 
0 
0 
0 
0 
0 
0 
0 
0 
0 
0 
0 
0 
0 
0 
0 
0 
0 
0 
0 
0 
0 
0 
0 
0 
0 
0 
0 
0 
0 
0 
0 
0 
0 
0 
0 
0 
0 
0 
0 
0 
0 
0 
0 
0 
0 
0 
0 
0 
0 
0 
0 
0 
0 
0 
0 
0 
0 
0 
0 
0 
0 
0 
0 
0 
0 
0 
0 
0 
0 
0 
0 
0 
0 
0 
0 
0 
0 
0 
0 
0 
0 
0 
0 
0 
0 
0 
0 
0 
0 
0 
0 
0 
0 
0 
0 
0 
0 
0 
0 
0 
0 
0 
0 
0 
0 
0 
0 
0 
0 
0 
0 
0 
0 
0 
0 
0 
0 
0 
0 
0 
0 
0 
0 
0 
0 
0 
0 
0 
0 
0 
0 
0 
0 
0 
0 
0 
0 
0 
0 
0 
0 
0 
0 
0 
0 
0 
0 
0 
0 
0 
0 
0 
0 
0 
0 
0 
0 
0 
0 
0 
0 
0 
0 
0 
0 
0 
0 
0 
0 
0 
0 
0 
0 
0 
0 
0 
0 
0 
0 
0 
0 
0 
0 
0 
0 
0 
0 
0 
0 
0 
0 
0 
0 
0 
0 
0 
0 
0 
0 
0 
0 
0 
0 
0 
0 
0 
0 
0 
0 
0 
0 
0 
0 
0 
0 
0 
0 
0 
0 
0 
0 
0 
0 
0 
0 
0 
0 
0 
0 
0 
0 
0 
0 
0 
0 
0 
0 
0 
0 
0 
0 
0 
0 
0 
0 
0 
0 
0 
0 
0 
0 
0 
0 
0 
0 
0 
0 
0 
0 
0 
0 
0 
0 
0 
0 
0 
0 
0 
0 
0 
0 
0 
0 
0 
0 
0 
0 
0 
0 
0 
0 
0 
0 
0 
0 
0 
0 
0 
0 
0 
0 
0 
0 
0 
0 
0 
0 
0 
0 
0 
0 
0 
0 
0 
0 
0 
0 
0 
0 
0 
0 
0 
0 
0 
0 
0 
0 
0 
0 
0 
0 
0 
0 
0 
0 
0 
0 
0 
0 
0 
0 
0 
0 
0 
0 
0 
0 
0 
0 
0 
0 
0 
0 
0 
0 
0 
0 
0 
0 
0 
0 
0 
0 
0 
0 
0 
0 
0 
0 
0 
0 
0 
0 
0 
0 
0 
0 
0 
0 
0 
0 
0 
0 
0 
0 
0 
0 
0 
0 
0 
0 
0 
0 
0 
0 
0 
0 
0 
0 
0 
0 
0 
0 
0 
0 
0 
0 
0 
0 
0 
0 
0 
0 
0 
0 
0 
0 
0 
0 
0 
0 
0 
0 
0 
0 
0 
0 
0 
0 
0 
0 
0 
0 
0 
0 
0 
0 
0 
0 
0 
0 
0 
0 
0 
0 
0 
0 
0 
0 
0 
0 
0 
0 
0 
0 
0 
0 
0 
0 
0 
0 
0 
0 
0 
0 
0 
0 
0 
0 
0 
0 
0 
0 
0 
0 
0 
0 
0 
0 
0 
0 
0 
0 
0 
0 
0 
0 
0 
0 
0 
0 
0 
0 
0 
0 
0 
0 
0 
0 
0 
0 
0 
0 
0 
0 
0 
0 
0 
0 
0 
0 
0 
0 
0 
0 
0 
0 
0 
0 
0 
0 
0 
0 
0 
0 
0 
0 
0 
0 
0 
0 
0 
0 
0 
0 
0 
0 
0 
0 
0 
0 
0 
0 
0 
0 
0 
0 
0 
0 
0 
0 
0 
0 
0 
0 
0 
0 
0 
0 
0 
0 
0 
0 
0 
0 
0 
0 
0 
0 
0 
0 
0 
0 
0 
0 
0 
0 
0 
0 
0 
0 
0 
0 
0 
0 
0 
0 
0 
0 
0 
0 
0 
0 
0 
0 
0 
0 
0 
0 
0 
0 
0 
0 
0 
0 
0 
0 
0 
0 
0 
0 
0 
0 
0 
0 
0 
0 
0 
0 
0 
0 
0 
0 
0 
0 
0 
0 
0 
0 
0 
0 
0 
0 
0 
0 
0 
0 
0 
0 
0 
0 
0 
0 
0 
0 
0 
0 
0 
0 
0 
0 
0 
0 
0 
0 
0 
0 
0 
0 
0 
0 
0 
0 
0 
0 
0 
0 
0 
0 
0 
0 
0 
0 
0 
0 
0 
0 
0 
0 
0 
0 
0 
0 
0 
0 
0 
0 
0 
0 
0 
0 
0 
0 
0 
0 
0 
0 
0 
0 
0 
0 
0 
0 
0 
0 
0 
0 
0 
0 
0 
0 
0 
0 
0 
0 
0 
0 
0 
0 
0 
0 
0 
0 
0 
0 
0 
0 
0 
0 
0 
0 
0 
0 
0 
0 
0 
0 
0 
0 
0 
0 
0 
0 
0 
0 
0 
0 
0 
0 
0 
0 
0 
0 
0 
0 
0 
0 
0 
0 
0 
0 
0 
0 
0 
0 
0 
0 
0 
0 
0 
0 
0 
0 
0 
0 
0 
0 
0 
0 
0 
0 
0 
0 
0 
0 
0 
0 
0 
0 
0 
0 
0 
0 
0 
0 
0 
0 
0 
0 
0 
0 
0 
0 
0 
0 
0 
0 
0 
0 
0 
0 
0 
0 
0 
0 
0 
0 
0 
0 
0 
0 
0 
0 
0 
0 
0 
0 
0 
0 
0 
0 
0 
0 
0 
0 
0 
0 
0 
0 
0 
0 
0 
0 
0 
0 
0 
0 
0 
0 
0 
0 
0 
0 
0 
0 
0 
0 
0 
0 
0 
0 
0 
0 
0 
0 
0 
0 
0 
0 
0 
0 
0 
0 
0 
0 
0 
0 
0 
0 
0 
0 
0 
0 
0 
0 
0 
0 
0 
0 
0 
0 
0 
0 
0 
0 
0 
0 
0 
0 
0 
0 
0 
0 
0 
0 
0 
0 
0 
0 
0 
0 
0 
0 
0 
0 
0 
0 
0 
0 
0 
0 
0 
0 
0 
0 
0 
0 
0 
0 
0 
0 
0 
0 
0 
0 
0 
0 
0 
0 
0 
0 
0 
0 
0 
0 
0 
0 
0 
0 
0 
0 
0 
0 
0 
0 
0 
0 
0 
0 
0 
0 
0 
0 
0 
0 
0 
0 
0 
0 
0 
0 
0 
0 
0 
0 
0 
0 
0 
0 
0 
0 
0 
0 
0 
0 
0 
0 
0 
0 
0 
0 
0 
0 
0 
0 
0 
0 
0 
0 
0 
0 
0 
0 
0 
0 
0 
0 
0 
0 
0 
0 
0 
0 
0 
0 
0 
0 
0 
0 
0 
0 
0 
0 
0 
0 
0 
0 
0 
0 
0 
0 
0 
0 
0 
0 
0 
0 
0 
0 
0 
0 
0 
0 
0 
0 
0 
0 
0 
0 
0 
0 
0 
0 
0 
0 
0 
0 
0 
0 
0 
0 
0 
0 
0 
0 
0 
0 
0 
0 
0 
0 
0 
0 
0 
0 
0 
0 
0 
0 
0 
0 
0 
0 
0 
0 
0 
0 
0 
0 
0 
0 
0 
0 
0 
0 
0 
0 
0 
0 
0 
0 
0 
0 
0 
0 
0 
0 
0 
0 
0 
0 
0 
0 
0 
0 
0 
0 
0 
0 
0 
0 
0 
0 
0 
0 
0 
0 
0 
0 
0 
0 
0 
0 
0 
0 
0 
0 
0 
0 
0 
0 
0 
0 
0 
0 
0 
0 
0 
0 
0 
0 
0 
0 
0 
0 
0 
0 
0 
0 
0 
0 
0 
0 
0 
0 
0 
0 
0 
0 
0 
0 
0 
0 
0 
0 
0 
0 
0 
0 
0 
0 
0 
0 
0 
0 
0 
0 
0 
0 
0 
0 
0 
0 
0 
0 
0 
0 
0 
0 
0 
0 
0 
0 
0 
0 
0 
0 
0 
0 
0 
0 
0 
0 
0 
0 
0 
0 
0 
0 
0 
0 
0 
0 
0 
0 
0 
0 
0 
0 
0 
0 
0 
0 
0 
0 
0 
0 
0 
0 
0 
0 
0 
0 
0 
0 
0 
0 
0 
0 
0 
0 
0 
0 
0 
0 
0 
0 
0 
0 
0 
0 
0 
0 
0 
0 
0 
0 
0 
0 
0 
0 
0 
0 
0 
0 
0 
0 
0 
0 
0 
0 
0 
0 
0 
0 
0 
0 
0 
0 
0 
0 
0 
0 
0 
0 
0 
0 
0 
0 
0 
0 
0 
0 
0 
0 
0 
0 
0 
0 
0 
0 
0 
0 
0 
0 
0 
0 
0 
0 
0 
0 
0 
0 
0 
0 
0 
0 
0 
0 
0 
0 
0 
0 
0 
0 
0 
0 
0 
0 
0 
0 
0 
0 
0 
0 
0 
0 
0 
0 
0 
0 
0 
0 
0 
0 
0 
0 
0 
0 
0 
0 
0 
0 
0 
0 
0 
0 
0 
0 
0 
0 
0 
0 
0 
0 
0 
0 
0 
0 
0 
0 
0 
0 
0 
0 
0 
0 
0 
0 
0 
0 
0 
0 
0 
0 
0 
0 
0 
0 
0 
0 
0 
0 
0 
0 
0 
0 
0 
0 
0 
0 
0 
0 
0 
0 
0 
0 
0 
0 
0 
0 
0 
0 
0 
0 
0 
0 
0 
0 
0 
0 
0 
0 
0 
0 
0 
0 
0 
0 
0 
0 
0 
0 
0 
0 
0 
0 
0 
0 
0 
0 
0 
0 
0 
0 
0 
0 
0 
0 
0 
0 
0 
0 
0 
0 
0 
0 
0 
0 
0 
0 
0 
0 
0 
0 
0 
0 
0 
0 
0 
0 
0 
0 
0 
0 
0 
0 
0 
0 
0 
0 
0 
0 
0 
0 
0 
0 
0 
0 
0 
0 
0 
0 
0 
0 
0 
0 
0 
0 
0 
0 
0 
0 
0 
0 
0 
0 
0 
0 
0 
0 
0 
0 
0 
0 
0 
0 
0 
0 
0 
0 
0 
0 
0 
0 
0 
0 
0 
0 
0 
0 
0 
0 
0 
0 
0 
0 
0 
0 
0 
0 
0 
0 
0 
0 
0 
0 
0 
0 
0 
0 
0 
0 
0 
0 
0 
0 
0 
0 
0 
0 
0 
0 
0 
0 
0 
0 
0 
0 
0 
0 
0 
0 
0 
0 
0 
0 
0 
0 
0 
0 
0 
0 
0 
0 
0 
0 
0 
0 
0 
0 
0 
0 
0 
0 
0 
0 
0 
0 
0 
0 
0 
0 
0 
0 
0 
0 
0 
0 
0 
0 
0 
0 
0 
0 
0 
0 
0 
0 
0 
0 
0 
0 
0 
0 
0 
0 
0 
0 
0 
0 
0 
0 
0 
0 
0 
0 
0 
0 
0 
0 
0 
0 
0 
0 
0 
0 
0 
0 
0 
0 
0 
0 
0 
0 
0 
0 
0 
0 
0 
0 
0 
0 
0 
0 
0 
0 
0 
0 
0 
0 
0 
0 
0 
0 
0 
0 
0 
0 
0 
0 
0 
0 
0 
0 
0 
0 
0 
0 
0 
0 
0 
0 
0 
0 
0 
0 
0 
0 
0 
0 
0 
0 
0 
0 
0 
0 
0 
0 
0 
0 
0 
0 
0 
0 
0 
0 
0 
0 
0 
0 
0 
0 
0 
0 
0 
0 
0 
0 
0 
0 
0 
0 
0 
0 
0 
0 
0 
0 
0 
0 
0 
0 
0 
0 
0 
0 
0 
0 
0 
0 
0 
0 
0 
0 
0 
0 
0 
0 
0 
0 
0 
0 
0 
0 
0 
0 
0 
0 
0 
0 
0 
0 
0 
0 
0 
0 
0 
0 
0 
0 
0 
0 
0 
0 
0 
0 
0 
0 
0 
0 
0 
0 
0 
0 
0 
0 
0 
0 
0 
0 
0 
0 
0 
0 
0 
0 
0 
0 
0 
0 
0 
0 
0 
0 
0 
0 
0 
0 
0 
0 
0 
0 
0 
0 
0 
0 
0 
0 
0 
0 
0 
0 
0 
0 
0 
0 
0 
0 
0 
0 
0 
0 
0 
0 
0 
0 
0 
0 
0 
0 
0 
0 
0 
0 
0 
0 
0 
0 
0 
0 
0 
0 
0 
0 
0 
0 
0 
0 
0 
0 
0 
0 
0 
0 
0 
0 
0 
0 
0 
0 
0 
0 
0 
0 
0 
0 
0 
0 
0 
0 
0 
0 
0 
0 
0 
0 
0 
0 
0 
0 
0 
0 
0 
0 
0 
0 
0 
0 
0 
0 
0 
0 
0 
0 
0 
0 
0 
0 
0 
0 
0 
0 
0 
0 
0 
0 
0 
0 
0 
0 
0 
0 
0 
0 
0 
0 
0 
0 
0 
0 
0 
0 
0 
0 
0 
0 
0 
0 
0 
0 
0 
0 
0 
0 
0 
0 
0 
0 
0 
0 
0 
0 
0 
0 
0 
0 
0 
0 
0 
0 
0 
0 
0 
0 
0 
0 
0 
0 
0 
0 
0 
0 
0 
0 
0 
0 
0 
0 
0 
0 
0 
0 
0 
0 
0 
0 
0 
0 
0 
0 
0 
0 
0 
0 
0 
0 
0 
0 
0 
0 
0 
0 
0 
0 
0 
0 
0 
0 
0 
0 
0 
0 
0 
0 
0 
0 
0 
0 
0 
0 
0 
0 
0 
0 
0 
0 
0 
0 
0 
0 
0 
0 
0 
0 
0 
0 
0 
0 
0 
0 
0 
0 
0 
0 
0 
0 
0 
0 
0 
0 
0 
0 
0 
0 
0 
0 
0 
0 
0 
0 
0 
0 
0 
0 
0 
0 
0 
0 
0 
0 
0 
0 
0 
0 
0 
0 
0 
0 
0 
0 
0 
0 
0 
0 
0 
0 
0 
0 
0 
0 
0 
0 
0 
0 
0 
0 
0 
0 
0 
0 
0 
0 
0 
0 
0 
0 
0 
0 
0 
0 
0 
0 
0 
0 
0 
0 
0 
0 
0 
0 
0 
0 
0 
0 
0 
0 
0 
0 
0 
0 
0 
0 
0 
0 
0 
0 
0 
0 
0 
0 
0 
0 
0 
0 
0 
0 
0 
0 
0 
0 
0 
0 
0 
0 
0 
0 
0 
0 
0 
0 
0 
0 
0 
0 
0 
0 
0 
0 
0 
0 
0 
0 
0 
0 
0 
0 
0 
0 
0 
0 
0 
0 
0 
0 
0 
0 
0 
0 
0 
0 
0 
0 
0 
0 
0 
0 
0 
0 
0 
0 
0 
0 
0 
0 
0 
0 
0 
0 
0 
0 
0 
0 
0 
0 
0 
0 
0 
0 
0 
0 
0 
0 
0 
0 
0 
0 
0 
0 
0 
0 
0 
0 
0 
0 
0 
0 
0 
0 
0 
0 
0 
0 
0 
0 
0 
0 
0 
0 
0 
0 
0 
0 
0 
0 
0 
0 
0 
0 
0 
0 
0 
0 
0 
0 
0 
0 
0 
0 
0 
0 
0 
0 
0 
0 
0 
0 
0 
0 
0 
0 
0 
0 
0 
0 
0 
0 
0 
0 
0 
0 
0 
0 
0 
0 
0 
0 
0 
0 
0 
0 
0 
0 
0 
0 
0 
0 
0 
0 
0 
0 
0 
0 
0 
0 
0 
0 
0 
0 
0 
0 
0 
0 
0 
0 
0 
0 
0 
0 
0 
0 
0 
0 
0 
0 
0 
0 
0 
0 
0 
0 
0 
0 
0 
0 
0 
0 
0 
0 
0 
0 
0 
0 
0 
0 
0 
0 
0 
0 
0 
0 
0 
0 
0 
0 
0 
0 
0 
0 
0 
0 
0 
0 
0 
0 
0 
0 
0 
0 
0 
0 
0 
0 
0 
0 
0 
0 
0 
0 
0 
0 
0 
0 
0 
0 
0 
0 
0 
0 
0 
0 
0 
0 
0 
0 
0 
0 
0 
0 
0 
0 
0 
0 
0 
0 
0 
0 
0 
0 
0 
0 
0 
0 
0 
0 
0 
0 
0 
0 
0 
0 
0 
0 
0 
0 
0 
0 
0 
0 
0 
0 
0 
0 
0 
0 
0 
0 
0 
0 
0 
0 
0 
0 
0 
0 
0 
0 
0 
0 
0 
0 
0 
0 
0 
0 
0 
0 
0 
0 
0 
0 
0 
0 
0 
0 
0 
0 
0 
0 
0 
0 
0 
0 
0 
0 
0 
0 
0 
0 
0 
0 
0 
0 
0 
0 
0 
0 
0 
0 
0 
0 
0 
0 
0 
0 
0 
0 
0 
0 
0 
0 
0 
0 
0 
0 
0 
0 
0 
0 
0 
0 
0 
0 
0 
0 
0 
0 
0 
0 
0 
0 
0 
0 
0 
0 
0 
0 
0 
0 
0 
0 
0 
0 
0 
0 
0 
0 
0 
0 
0 
0 
0 
0 
0 
0 
0 
0 
0 
0 
0 
0 
0 
0 
0 
0 
0 
0 
0 
0 
0 
0 
0 
0 
0 
0 
0 
0 
0 
0 
0 
0 
0 
0 
0 
0 
0 
0 
0 
0 
0 
0 
0 
0 
0 
0 
0 
0 
0 
0 
0 
0 
0 
0 
0 
0 
0 
0 
0 
0 
0 
0 
0 
0 
0 
0 
0 
0 
0 
0 
0 
0 
0 
0 
0 
0 
0 
0 
0 
0 
0 
0 
0 
0 
0 
0 
0 
0 
0 
0 
0 
0 
0 
0 
0 
0 
0 
0 
0 
0 
0 
0 
0 
0 
0 
0 
0 
0 
0 
0 
0 
0 
0 
0 
0 
0 
0 
0 
0 
0 
0 
0 
0 
0 
0 
0 
0 
0 
0 
0 
0 
0 
0 
0 
0 
0 
0 
0 
0 
0 
0 
0 
0 
0 
0 
0 
0 
0 
0 
0 
0 
0 
0 
0 
0 
0 
0 
0 
0 
0 
0 
0 
0 
0 
0 
0 
0 
0 
0 
0 
0 
0 
0 
0 
0 
0 
0 
0 
0 
0 
0 
0 
0 
0 
0 
0 
0 
0 
0 
0 
0 
0 
0 
0 
0 
0 
0 
0 
0 
0 
0 
0 
0 
0 
0 
0 
0 
0 
0 
0 
0 
0 
0 
0 
0 
0 
0 
0 
0 
0 
0 
0 
0 
0 
0 
0 
0 
0 
0 
0 
0 
0 
0 
0 
0 
0 
0 
0 
0 
0 
0 
0 
0 
0 
0 
0 
0 
0 
0 
0 
0 
0 
0 
0 
0 
0 
0 
0 
0 
0 
0 
0 
0 
0 
0 
0 
0 
0 
0 
0 
0 
0 
0 
0 
0 
0 
0 
0 
0 
0 
0 
0 
0 
0 
0 
0 
0 
0 
0 
0 
0 
0 
0 
0 
0 
0 
0 
0 
0 
0 
0 
0 
0 
0 
0 
0 
0 
0 
0 
0 
0 
0 
0 
0 
0 
0 
0 
0 
0 
0 
0 
0 
0 
0 
0 
0 
0 
0 
0 
0 
0 
0 
0 
0 
0 
0 
0 
0 
0 
0 
0 
0 
0 
0 
0 
0 
0 
0 
0 
0 
0 
0 
0 
0 
0 
0 
0 
0 
0 
0 
0 
0 
0 
0 
0 
0 
0 
0 
0 
0 
0 
0 
0 
0 
0 
0 
0 
0 
0 
0 
0 
0 
0 
0 
0 
0 
0 
0 
0 
0 
0 
0 
0 
0 
0 
0 
0 
0 
0 
0 
0 
0 
0 
0 
0 
0 
0 
0 
0 
0 
0 
0 
0 
0 
0 
0 
0 
0 
0 
0 
0 
0 
0 
0 
0 
0 
0 
0 
0 
0 
0 
0 
0 
0 
0 
0 
0 
0 
0 
0 
0 
0 
0 
0 
0 
0 
0 
0 
0 
0 
0 
0 
0 
0 
0 
0 
0 
0 
0 
0 
0 
0 
0 
0 
0 
0 
0 
0 
0 
0 
0 
0 
0 
0 
0 
0 
0 
0 
0 
0 
0 
0 
0 
0 
0 
0 
0 
0 
0 
0 
0 
0 
0 
0 
0 
0 
0 
0 
0 
0 
0 
0 
0 
0 
0 
0 
0 
0 
0 
0 
0 
0 
0 
0 
0 
0 
0 
0 
0 
0 
0 
0 
0 
0 
0 
0 
0 
0 
0 
0 
0 
0 
0 
0 
0 
0 
0 
0 
0 
0 
0 
0 
0 
0 
0 
0 
0 
0 
0 
0 
0 
0 
0 
0 
0 
0 
0 
0 
0 
0 
0 
0 
0 
0 
0 
0 
0 
0 
0 
0 
0 
0 
0 
0 
0 
0 
0 
0 
0 
0 
0 
0 
0 
0 
0 
0 
0 
0 
0 
0 
0 
0 
0 
0 
0 
0 
0 
0 
0 
0 
0 
0 
0 
0 
0 
0 
0 
0 
0 
0 
0 
0 
0 
0 
0 
0 
0 
0 
0 
0 
0 
0 
0 
0 
0 
0 
0 
0 
0 
0 
0 
0 
0 
0 
0 
0 
0 
0 
0 
0 
0 
0 
0 
0 
0 
0 
0 
0 
0 
0 
0 
0 
0 
0 
0 
0 
0 
0 
0 
0 
0 
0 
0 
0 
0 
0 
0 
0 
0 
0 
0 
0 
0 
0 
0 
0 
0 
0 
0 
0 
0 
0 
0 
0 
0 
0 
0 
0 
0 
0 
0 
0 
0 
0 
0 
0 
0 
0 
0 
0 
0 
0 
0 
0 
0 
0 
0 
0 
0 
0 
0 
0 
0 
0 
0 
0 
0 
0 
0 
0 
0 
0 
0 
0 
0 
0 
0 
0 
0 
0 
0 
0 
0 
0 
0 
0 
0 
0 
0 
0 
0 
0 
0 
0 
0 
0 
0 
0 
0 
0 
0 
0 
0 
0 
0 
0 
0 
0 
0 
0 
0 
0 
0 
0 
0 
0 
0 
0 
0 
0 
0 
0 
0 
0 
0 
0 
0 
0 
0 
0 
0 
0 
0 
0 
0 
0 
0 
0 
0 
0 
0 
0 
0 
0 
0 
0 
0 
0 
0 
0 
0 
0 
0 
0 
0 
0 
0 
0 
0 
0 
0 
0 
0 
0 
0 
0 
0 
0 
0 
0 
0 
0 
0 
0 
0 
0 
0 
0 
0 
0 
0 
0 
0 
0 
0 
0 
0 
0 
0 
0 
0 
0 
0 
0 
0 
0 
0 
0 
0 
0 
0 
0 
0 
0 
0 
0 
0 
0 
0 
0 
0 
0 
0 
0 
0 
0 
0 
0 
0 
0 
0 
0 
0 
0 
0 
0 
0 
0 
0 
0 
0 
0 
0 
0 
0 
0 
0 
0 
0 
0 
0 
0 
0 
0 
0 
0 
0 
0 
0 
0 
0 
0 
0 
0 
0 
0 
0 
0 
0 
0 
0 
0 
0 
0 
0 
0 
0 
0 
0 
0 
0 
0 
0 
0 
0 
0 
0 
0 
0 
0 
0 
0 
0 
0 
0 
0 
0 
0 
0 
0 
0 
0 
0 
0 
0 
0 
0 
0 
0 
0 
0 
0 
0 
0 
0 
0 
0 
0 
0 
0 
0 
0 
0 
0 
0 
0 
0 
0 
0 
0 
0 
0 
0 
0 
0 
0 
0 
0 
0 
0 
0 
0 
0 
0 
0 
0 
0 
0 
0 
0 
0 
0 
0 
0 
0 
0 
0 
0 
0 
0 
0 
0 
0 
0 
0 
0 
0 
0 
0 
0 
0 
0 
0 
0 
0 
0 
0 
0 
0 
0 
0 
0 
0 
0 
0 
0 
0 
0 
0 
0 
0 
0 
0 
0 
0 
0 
0 
0 
0 
0 
0 
0 
0 
0 
0 
0 
0 
0 
0 
0 
0 
0 
0 
0 
0 
0 
0 
0 
0 
0 
0 
0 
0 
0 
0 
0 
0 
0 
0 
0 
0 
0 
0 
0 
0 
0 
0 
0 
0 
0 
0 
0 
0 
0 
0 
0 
0 
0 
0 
0 
0 
0 
0 
0 
0 
0 
0 
0 
0 
0 
0 
0 
0 
0 
0 
0 
0 
0 
0 
0 
0 
0 
0 
0 
0 
0 
0 
0 
0 
0 
0 
0 
0 
0 
0 
0 
0 
0 
0 
0 
0 
0 
0 
0 
0 
0 
0 
0 
0 
0 
0 
0 
0 
0 
0 
0 
0 
0 
0 
0 
0 
0 
0 
0 
0 
0 
0 
0 
0 
0 
0 
0 
0 
0 
0 
0 
0 
0 
0 
0 
0 
0 
0 
0 
0 
0 
0 
0 
0 
0 
0 
0 
0 
0 
0 
0 
0 
0 
0 
0 
0 
0 
0 
0 
0 
0 
0 
0 
0 
0 
0 
0 
0 
0 
0 
0 
0 
0 
0 
0 
0 
0 
0 
0 
0 
0 
0 
0 
0 
0 
0 
0 
0 
0 
0 
0 
0 
0 
0 
0 
0 
0 
0 
0 
0 
0 
0 
0 
0 
0 
0 
0 
0 
0 
0 
0 
0 
0 
0 
0 
0 
0 
0 
0 
0 
0 
0 
0 
0 
0 
0 
0 
0 
0 
0 
0 
0 
0 
0 
0 
0 
0 
0 
0 
0 
0 
0 
0 
0 
0 
0 
0 
0 
0 
0 
0 
0 
0 
0 
0 
0 
0 
0 
0 
0 
0 
0 
0 
0 
0 
0 
0 
0 
0 
0 
0 
0 
0 
0 
0 
0 
0 
0 
0 
0 
0 
0 
0 
0 
0 
0 
0 
0 
0 
0 
0 
0 
0 
0 
0 
0 
0 
0 
0 
0 
0 
0 
0 
0 
0 
0 
0 
0 
0 
0 
0 
0 
0 
0 
0 
0 
0 
0 
0 
0 
0 
0 
0 
0 
0 
0 
0 
0 
0 
0 
0 
0 
0 
0 
0 
0 
0 
0 
0 
0 
0 
0 
0 
0 
0 
0 
0 
0 
0 
0 
0 
0 
0 
0 
0 
0 
0 
0 
0 
0 
0 
0 
0 
0 
0 
0 
0 
0 
0 
0 
0 
0 
0 
0 
0 
0 
0 
0 
0 
0 
0 
0 
0 
0 
0 
0 
0 
0 
0 
0 
0 
0 
0 
0 
0 
0 
0 
0 
0 
0 
0 
0 
0 
0 
0 
0 
0 
0 
0 
0 
0 
0 
0 
0 
0 
0 
0 
0 
0 
0 
0 
0 
0 
0 
0 
0 
0 
0 
0 
0 
0 
0 
0 
0 
0 
0 
0 
0 
0 
0 
0 
0 
0 
0 
0 
0 
0 
0 
0 
0 
0 
0 
0 
0 
0 
0 
0 
0 
0 
0 
0 
0 
0 
0 
0 
0 
0 
0 
0 
0 
0 
0 
0 
0 
0 
0 
0 
0 
0 
0 
0 
0 
0 
0 
0 
0 
0 
0 
0 
0 
0 
0 
0 
0 
0 
0 
0 
0 
0 
0 
0 
0 
0 
0 
0 
0 
0 
0 
0 
0 
0 
0 
0 
0 
0 
0 
0 
0 
0 
0 
0 
0 
0 
0 
0 
0 
0 
0 
0 
0 
0 
0 
0 
0 
0 
0 
0 
0 
0 
0 
0 
0 
0 
0 
0 
0 
0 
0 
0 
0 
0 
0 
0 
0 
0 
0 
0 
0 
0 
0 
0 
0 
0 
0 
0 
0 
0 
0 
0 
0 
0 
0 
0 
0 
0 
0 
0 
0 
0 
0 
0 
0 
0 
0 
0 
0 
0 
0 
0 
0 
0 
0 
0 
0 
0 
0 
0 
0 
0 
0 
0 
0 
0 
0 
0 
0 
0 
0 
0 
0 
0 
0 
0 
0 
0 
0 
0 
0 
0 
0 
0 
0 
0 
0 
0 
0 
0 
0 
0 
0 
0 
0 
0 
0 
0 
0 
0 
0 
0 
0 
0 
0 
0 
0 
0 
0 
0 
0 
0 
0 
0 
0 
0 
0 
0 
0 
0 
0 
0 
0 
0 
0 
0 
0 
0 
0 
0 
0 
0 
0 
0 
0 
0 
0 
0 
0 
0 
0 
0 
0 
0 
0 
0 
0 
0 
0 
0 
0 
0 
0 
0 
0 
0 
0 
0 
0 
0 
0 
0 
0 
0 
0 
0 
0 
0 
0 
0 
0 
0 
0 
0 
0 
0 
0 
0 
0 
0 
0 
0 
0 
0 
0 
0 
0 
0 
0 
0 
0 
0 
0 
0 
0 
0 
0 
0 
0 
0 
0 
0 
0 
0 
0 
0 
0 
0 
0 
0 
0 
0 
0 
0 
0 
0 
0 
0 
0 
0 
0 
0 
0 
0 
0 
0 
0 
0 
0 
0 
0 
0 
0 
0 
0 
0 
0 
0 
0 
0 
0 
0 
0 
0 
0 
0 
0 
0 
0 
0 
0 
0 
0 
0 
0 
0 
0 
0 
0 
0 
0 
0 
0 
0 
0 
0 
0 
0 
0 
0 
0 
0 
0 
0 
0 
0 
0 
0 
0 
0 
0 
0 
0 
0 
0 
0 
0 
0 
0 
0 
0 
0 
0 
0 
0 
0 
0 
0 
0 
0 
0 
0 
0 
0 
0 
0 
0 
0 
0 
0 
0 
0 
0 
0 
0 
0 
0 
0 
0 
0 
0 
0 
0 
0 
0 
0 
0 
0 
0 
0 
0 
0 
0 
0 
0 
0 
0 
0 
0 
0 
0 
0 
0 
0 
0 
0 
0 
0 
0 
0 
0 
0 
0 
0 
0 
0 
0 
0 
0 
0 
0 
0 
0 
0 
0 
0 
0 
0 
0 
0 
0 
0 
0 
0 
0 
0 
0 
0 
0 
0 
0 
0 
0 
0 
0 
0 
0 
0 
0 
0 
0 
0 
0 
0 
0 
0 
0 
0 
0 
0 
0 
0 
0 
0 
0 
0 
0 
0 
0 
0 
0 
0 
0 
0 
0 
0 
0 
0 
0 
0 
0 
0 
0 
0 
0 
0 
0 
0 
0 
0 
0 
0 
0 
0 
0 
0 
0 
0 
0 
0 
0 
0 
0 
0 
0 
0 
0 
0 
0 
0 
0 
0 
0 
0 
0 
0 
0 
0 
0 
0 
0 
0 
0 
0 
0 
0 
0 
0 
0 
0 
0 
0 
0 
0 
0 
0 
0 
0 
0 
0 
0 
0 
0 
0 
0 
0 
0 
0 
0 
0 
0 
0 
0 
0 
0 
0 
0 
0 
0 
0 
0 
0 
0 
0 
0 
0 
0 
0 
0 
0 
0 
0 
0 
0 
0 
0 
0 
0 
0 
0 
0 
0 
0 
0 
0 
0 
0 
0 
0 
0 
0 
0 
0 
0 
0 
0 
0 
0 
0 
0 
0 
0 
0 
0 
0 
0 
0 
0 
0 
0 
0 
0 
0 
0 
0 
0 
0 
0 
0 
0 
0 
0 
0 
0 
0 
0 
0 
0 
0 
0 
0 
0 
0 
0 
0 
0 
0 
0 
0 
0 
0 
0 
0 
0 
0 
0 
0 
0 
0 
0 
0 
0 
0 
0 
0 
0 
0 
0 
0 
0 
0 
0 
0 
0 
0 
0 
0 
0 
0 
0 
0 
0 
0 
0 
0 
0 
0 
0 
0 
0 
0 
0 
0 
0 
0 
0 
0 
0 
0 
0 
0 
0 
0 
0 
0 
0 
0 
0 
0 
0 
0 
0 
0 
0 
0 
0 
0 
0 
0 
0 
0 
0 
0 
0 
0 
0 
0 
0 
0 
0 
0 
0 
0 
0 
0 
0 
0 
0 
0 
0 
0 
0 
0 
0 
0 
0 
0 
0 
0 
0 
0 
0 
0 
0 
0 
0 
0 
0 
0 
0 
0 
0 
0 
0 
0 
0 
0 
0 
0 
0 
0 
0 
0 
0 
0 
0 
0 
0 
0 
0 
0 
0 
0 
0 
0 
0 
0 
0 
0 
0 
0 
0 
0 
0 
0 
0 
0 
0 
0 
0 
0 
0 
0 
0 
0 
0 
0 
0 
0 
0 
0 
0 
0 
0 
0 
0 
0 
0 
0 
0 
0 
0 
0 
0 
0 
0 
0 
0 
0 
0 
0 
0 
0 
0 
0 
0 
0 
0 
0 
0 
0 
0 
0 
0 
0 
0 
0 
0 
0 
0 
0 
0 
0 
0 
0 
0 
0 
0 
0 
0 
0 
0 
0 
0 
0 
0 
0 
0 
0 
0 
0 
0 
0 
0 
0 
0 
0 
0 
0 
0 
0 
0 
0 
0 
0 
0 
0 
0 
0 
0 
0 
0 
0 
0 
0 
0 
0 
0 
0 
0 
0 
0 
0 
0 
0 
0 
0 
0 
0 
0 
0 
0 
0 
0 
0 
0 
0 
0 
0 
0 
0 
0 
0 
0 
0 
0 
0 
0 
0 
0 
0 
0 
0 
0 
0 
0 
0 
0 
0 
0 
0 
0 
0 
0 
0 
0 
0 
0 
0 
0 
0 
0 
0 
0 
0 
0 
0 
0 
0 
0 
0 
0 
0 
0 
0 
0 
0 
0 
0 
0 
0 
0 
0 
0 
0 
0 
0 
0 
0 
0 
0 
0 
0 
0 
0 
0 
0 
0 
0 
0 
0 
0 
0 
0 
0 
0 
0 
0 
0 
0 
0 
0 
0 
0 
0 
0 
0 
0 
0 
0 
0 
0 
0 
0 
0 
0 
0 
0 
0 
0 
0 
0 
0 
0 
0 
0 
0 
0 
0 
0 
0 
0 
0 
0 
0 
0 
0 
0 
0 
0 
0 
0 
0 
0 
0 
0 
0 
0 
0 
0 
0 
0 
0 
0 
0 
0 
0 
0 
0 
0 
0 
0 
0 
0 
0 
0 
0 
0 
0 
0 
0 
0 
0 
0 
0 
0 
0 
0 
0 
0 
0 
0 
0 
0 
0 
0 
0 
0 
0 
0 
0 
0 
0 
0 
0 
0 
0 
0 
0 
0 
0 
0 
0 
0 
0 
0 
0 
0 
0 
0 
0 
0 
0 
0 
0 
0 
0 
0 
0 
0 
0 
0 
0 
0 
0 
0 
0 
0 
0 
0 
0 
0 
0 
0 
0 
0 
0 
0 
0 
0 
0 
0 
0 
0 
0 
0 
0 
0 
0 
0 
0 
0 
0 
0 
0 
0 
0 
0 
0 
0 
0 
0 
0 
0 
0 
0 
0 
0 
0 
0 
0 
0 
0 
0 
0 
0 
0 
0 
0 
0 
0 
0 
0 
0 
0 
0 
0 
0 
0 
0 
0 
0 
0 
0 
0 
0 
0 
0 
0 
0 
0 
0 
0 
0 
0 
0 
0 
0 
0 
0 
0 
0 
0 
0 
0 
0 
0 
0 
0 
0 
0 
0 
0 
0 
0 
0 
0 
0 
0 
0 
0 
0 
0 
0 
0 
0 
0 
0 
0 
0 
0 
0 
0 
0 
0 
0 
0 
0 
0 
0 
0 
0 
0 
0 
0 
0 
0 
0 
0 
0 
0 
0 
0 
0 
0 
0 
0 
0 
0 
0 
0 
0 
0 
0 
0 
0 
0 
0 
0 
0 
0 
0 
0 
0 
0 
0 
0 
0 
0 
0 
0 
0 
0 
0 
0 
0 
0 
0 
0 
0 
0 
0 
0 
0 
0 
0 
0 
0 
0 
0 
0 
0 
0 
0 
0 
0 
0 
0 
0 
0 
0 
0 
0 
0 
0 
0 
0 
0 
0 
0 
0 
0 
0 
0 
0 
0 
0 
0 
0 
0 
0 
0 
0 
0 
0 
0 
0 
0 
0 
0 
0 
0 
0 
0 
0 
0 
0 
0 
0 
0 
0 
0 
0 
0 
0 
0 
0 
0 
0 
0 
0 
0 
0 
0 
0 
0 
0 
0 
0 
0 
0 
0 
0 
0 
0 
0 
0 
0 
0 
0 
0 
0 
0 
0 
0 
0 
0 
0 
0 
0 
0 
0 
0 
0 
0 
0 
0 
0 
0 
0 
0 
0 
0 
0 
0 
0 
0 
0 
0 
0 
0 
0 
0 
0 
0 
0 
0 
0 
0 
0 
0 
0 
0 
0 
0 
0 
0 
0 
0 
0 
0 
0 
0 
0 
0 
0 
0 
0 
0 
0 
0 
0 
0 
0 
0 
0 
0 
0 
0 
0 
0 
0 
0 
0 
0 
0 
0 
0 
0 
0 
0 
0 
0 
0 
0 
0 
0 
0 
0 
0 
0 
0 
0 
0 
0 
0 
0 
0 
0 
0 
0 
0 
0 
0 
0 
0 
0 
0 
0 
0 
0 
0 
0 
0 
0 
0 
0 
0 
0 
0 
0 
0 
0 
0 
0 
0 
0 
0 
0 
0 
0 
0 
0 
0 
0 
0 
0 
0 
0 
0 
0 
0 
0 
0 
0 
0 
0 
0 
0 
0 
0 
0 
0 
0 
0 
0 
0 
0 
0 
0 
0 
0 
0 
0 
0 
0 
0 
0 
0 
0 
0 
0 
0 
0 
0 
0 
0 
0 
0 
0 
0 
0 
0 
0 
0 
0 
0 
0 
0 
0 
0 
0 
0 
0 
0 
0 
0 
0 
0 
0 
0 
0 
0 
0 
0 
0 
0 
0 
0 
0 
0 
0 
0 
0 
0 
0 
0 
0 
0 
0 
0 
0 
0 
0 
0 
0 
0 
0 
0 
0 
0 
0 
0 
0 
0 
0 
0 
0 
0 
0 
0 
0 
0 
0 
0 
0 
0 
0 
0 
0 
0 
0 
0 
0 
0 
0 
0 
0 
0 
0 
0 
0 
0 
0 
0 
0 
0 
0 
0 
0 
0 
0 
0 
0 
0 
0 
0 
0 
0 
0 
0 
0 
0 
0 
0 
0 
0 
0 
0 
0 
0 
0 
0 
0 
0 
0 
0 
0 
0 
0 
0 
0 
0 
0 
0 
0 
0 
0 
0 
0 
0 
0 
0 
0 
0 
0 
0 
0 
0 
0 
0 
0 
0 
0 
0 
0 
0 
0 
0 
0 
0 
0 
0 
0 
0 
0 
0 
0 
0 
0 
0 
0 
0 
0 
0 
0 
0 
0 
0 
0 
0 
0 
0 
0 
0 
0 
0 
0 
0 
0 
0 
0 
0 
0 
0 
0 
0 
0 
0 
0 
0 
0 
0 
0 
0 
0 
0 
0 
0 
0 
0 
0 
0 
0 
0 
0 
0 
0 
0 
0 
0 
0 
0 
0 
0 
0 
0 
0 
0 
0 
0 
0 
0 
0 
0 
0 
0 
0 
0 
0 
0 
0 
0 
0 
0 
0 
0 
0 
0 
0 
0 
0 
0 
0 
0 
0 
0 
0 
0 
0 
0 
0 
0 
0 
0 
0 
0 
0 
0 
0 
0 
0 
0 
0 
0 
0 
0 
0 
0 
0 
0 
0 
0 
0 
0 
0 
0 
0 
0 
0 
0 
0 
0 
0 
0 
0 
0 
0 
0 
0 
0 
0 
0 
0 
0 
0 
0 
0 
0 
0 
0 
0 
0 
0 
0 
0 
0 
0 
0 
0 
0 
0 
0 
0 
0 
0 
0 
0 
0 
0 
0 
0 
0 
0 
0 
0 
0 
0 
0 
0 
0 
0 
0 
0 
0 
0 
0 
0 
0 
0 
0 
0 
0 
0 
0 
0 
0 
0 
0 
0 
0 
0 
0 
0 
0 
0 
0 
0 
0 
0 
0 
0 
0 
0 
0 
0 
0 
0 
0 
0 
0 
0 
0 
0 
0 
0 
0 
0 
0 
0 
0 
0 
0 
0 
0 
0 
0 
0 
0 
0 
0 
0 
0 
0 
0 
0 
0 
0 
0 
0 
0 
0 
0 
0 
0 
0 
0 
0 
0 
0 
0 
0 
0 
0 
0 
0 
0 
0 
0 
0 
0 
0 
0 
0 
0 
0 
0 
0 
0 
0 
0 
0 
0 
0 
0 
0 
0 
0 
0 
0 
0 
0 
0 
0 
0 
0 
0 
0 
0 
0 
0 
0 
0 
0 
0 
0 
0 
0 
0 
0 
0 
0 
0 
0 
0 
0 
0 
0 
0 
0 
0 
0 
0 
0 
0 
0 
0 
0 
0 
0 
0 
0 
0 
0 
0 
0 
0 
0 
0 
0 
0 
0 
0 
0 
0 
0 
0 
0 
0 
0 
0 
0 
0 
0 
0 
0 
0 
0 
0 
0 
0 
0 
0 
0 
0 
0 
0 
0 
0 
0 
0 
0 
0 
0 
0 
0 
0 
0 
0 
0 
0 
0 
0 
0 
0 
0 
0 
0 
0 
0 
0 
0 
0 
0 
0 
0 
0 
0 
0 
0 
0 
0 
0 
0 
0 
0 
0 
0 
0 
0 
0 
0 
0 
0 
0 
0 
0 
0 
0 
0 
0 
0 
0 
0 
0 
0 
0 
0 
0 
0 
0 
0 
0 
0 
0 
0 
0 
0 
0 
0 
0 
0 
0 
0 
0 
0 
0 
0 
0 
0 
0 
0 
0 
0 
0 
0 
0 
0 
0 
0 
0 
0 
0 
0 
0 
0 
0 
0 
0 
0 
0 
0 
0 
0 
0 
0 
0 
0 
0 
0 
0 
0 
0 
0 
0 
0 
0 
0 
0 
0 
0 
0 
0 
0 
0 
0 
0 
0 
0 
0 
0 
0 
0 
0 
0 
0 
0 
0 
0 
0 
0 
0 
0 
0 
0 
0 
0 
0 
0 
0 
0 
0 
0 
0 
0 
0 
0 
0 
0 
0 
0 
0 
0 
0 
0 
0 
0 
0 
0 
0 
0 
0 
0 
0 
0 
0 
0 
0 
0 
0 
0 
0 
0 
0 
0 
0 
0 
0 
0 
0 
0 
0 
0 
0 
0 
0 
0 
0 
0 
0 
0 
0 
0 
0 
0 
0 
0 
0 
0 
0 
0 
0 
0 
0 
0 
0 
0 
0 
0 
0 
0 
0 
0 
0 
0 
0 
0 
0 
0 
0 
0 
0 
0 
0 
0 
0 
0 
0 
0 
0 
0 
0 
0 
0 
0 
0 
0 
0 
0 
0 
0 
0 
0 
0 
0 
0 
0 
0 
0 
0 
0 
0 
0 
0 
0 
0 
0 
0 
0 
0 
0 
0 
0 
0 
0 
0 
0 
0 
0 
0 
0 
0 
0 
0 
0 
0 
0 
0 
0 
0 
0 
0 
0 
0 
0 
0 
0 
0 
0 
0 
0 
0 
0 
0 
0 
0 
0 
0 
0 
0 
0 
0 
0 
0 
0 
0 
0 
0 
0 
0 
0 
0 
0 
0 
0 
0 
0 
0 
0 
0 
0 
0 
0 
0 
0 
0 
0 
0 
0 
0 
0 
0 
0 
0 
0 
0 
0 
0 
0 
0 
0 
0 
0 
0 
0 
0 
0 
0 
0 
0 
0 
0 
0 
0 
0 
0 
0 
0 
0 
0 
0 
0 
0 
0 
0 
0 
0 
0 
0 
0 
0 
0 
0 
0 
0 
0 
0 
0 
0 
0 
0 
0 
0 
0 
0 
0 
0 
0 
0 
0 
0 
0 
0 
0 
0 
0 
0 
0 
0 
0 
0 
0 
0 
0 
0 
0 
0 
0 
0 
0 
0 
0 
0 
0 
0 
0 
0 
0 
0 
0 
0 
0 
0 
0 
0 
0 
0 
0 
0 
0 
0 
0 
0 
0 
0 
0 
0 
0 
0 
0 
0 
0 
0 
0 
0 
0 
0 
0 
0 
0 
0 
0 
0 
0 
0 
0 
0 
0 
0 
0 
0 
0 
0 
0 
0 
0 
0 
0 
0 
0 
0 
0 
0 
0 
0 
0 
0 
0 
0 
0 
0 
0 
0 
0 
0 
0 
0 
0 
0 
0 
0 
0 
0 
0 
0 
0 
0 
0 
0 
0 
0 
0 
0 
0 
0 
0 
0 
0 
0 
0 
0 
0 
0 
0 
0 
0 
0 
0 
0 
0 
0 
0 
0 
0 
0 
0 
0 
0 
0 
0 
0 
0 
0 
0 
0 
0 
0 
0 
0 
0 
0 
0 
0 
0 
0 
0 
0 
0 
0 
0 
0 
0 
0 
0 
0 
0 
0 
0 
0 
0 
0 
0 
0 
0 
0 
0 
0 
0 
0 
0 
0 
0 
0 
0 
0 
0 
0 
0 
0 
0 
0 
0 
0 
0 
0 
0 
0 
0 
0 
0 
0 
0 
0 
0 
0 
0 
0 
0 
0 
0 
0 
0 
0 
0 
0 
0 
0 
0 
0 
0 
0 
0 
0 
0 
0 
0 
0 
0 
0 
0 
0 
0 
0 
0 
0 
0 
0 
0 
0 
0 
0 
0 
0 
0 
0 
0 
0 
0 
0 
0 
0 
0 
0 
0 
0 
0 
0 
0 
0 
0 
0 
0 
0 
0 
0 
0 
0 
0 
0 
0 
0 
0 
0 
0 
0 
0 
0 
0 
0 
0 
0 
0 
0 
0 
0 
0 
0 
0 
0 
0 
0 
0 
0 
0 
0 
0 
0 
0 
0 
0 
0 
0 
0 
0 
0 
0 
0 
0 
0 
0 
0 
0 
0 
0 
0 
0 
0 
0 
0 
0 
0 
0 
0 
0 
0 
0 
0 
0 
0 
0 
0 
0 
0 
0 
0 
0 
0 
0 
0 
0 
0 
0 
0 
0 
0 
0 
0 
0 
0 
0 
0 
0 
0 
0 
0 
0 
0 
0 
0 
0 
0 
0 
0 
0 
0 
0 
0 
0 
0 
0 
0 
0 
0 
0 
0 
0 
0 
0 
0 
0 
0 
0 
0 
0 
0 
0 
0 
0 
0 
0 
0 
0 
0 
0 
0 
0 
0 
0 
0 
0 
0 
0 
0 
0 
0 
0 
0 
0 
0 
0 
0 
0 
0 
0 
0 
0 
0 
0 
0 
0 
0 
0 
0 
0 
0 
0 
0 
0 
0 
0 
0 
0 
0 
0 
0 
0 
0 
0 
0 
0 
0 
0 
0 
0 
0 
0 
0 
0 
0 
0 
0 
0 
0 
0 
0 
0 
0 
0 
0 
0 
0 
0 
0 
0 
0 
0 
0 
0 
0 
0 
0 
0 
0 
0 
0 
0 
0 
0 
0 
0 
0 
0 
0 
0 
0 
0 
0 
0 
0 
0 
0 
0 
0 
0 
0 
0 
0 
0 
0 
0 
0 
0 
0 
0 
0 
0 
0 
0 
0 
0 
0 
0 
0 
0 
0 
0 
0 
0 
0 
0 
0 
0 
0 
0 
0 
0 
0 
0 
0 
0 
0 
0 
0 
0 
0 
0 
0 
0 
0 
0 
0 
0 
0 
0 
0 
0 
0 
0 
0 
0 
0 
0 
0 
0 
0 
0 
0 
0 
0 
0 
0 
0 
0 
0 
0 
0 
0 
0 
0 
0 
0 
0 
0 
0 
0 
0 
0 
0 
0 
0 
0 
0 
0 
0 
0 
0 
0 
0 
0 
0 
0 
0 
0 
0 
0 
0 
0 
0 
0 
0 
0 
0 
0 
0 
0 
0 
0 
0 
0 
0 
0 
0 
0 
0 
0 
0 
0 
0 
0 
0 
0 
0 
0 
0 
0 
0 
0 
0 
0 
0 
0 
0 
0 
0 
0 
0 
0 
0 
0 
0 
0 
0 
0 
0 
0 
0 
0 
0 
0 
0 
0 
0 
0 
0 
0 
0 
0 
0 
0 
0 
0 
0 
0 
0 
0 
0 
0 
0 
0 
0 
0 
0 
0 
0 
0 
0 
0 
0 
0 
0 
0 
0 
0 
0 
0 
0 
0 
0 
0 
0 
0 
0 
0 
0 
0 
0 
0 
0 
0 
0 
0 
0 
0 
0 
0 
0 
0 
0 
0 
0 
0 
0 
0 
0 
0 
0 
0 
0 
0 
0 
0 
0 
0 
0 
0 
0 
0 
0 
0 
0 
0 
0 
0 
0 
0 
0 
0 
0 
0 
0 
0 
0 
0 
0 
0 
0 
0 
0 
0 
0 
0 
0 
0 
0 
0 
0 
0 
0 
0 
0 
0 
0 
0 
0 
0 
0 
0 
0 
0 
0 
0 
0 
0 
0 
0 
0 
0 
0 
0 
0 
0 
0 
0 
0 
0 
0 
0 
0 
0 
0 
0 
0 
0 
0 
0 
0 
0 
0 
0 
0 
0 
0 
0 
0 
0 
0 
0 
0 
0 
0 
0 
0 
0 
0 
0 
0 
0 
0 
0 
0 
0 
0 
0 
0 
0 
0 
0 
0 
0 
0 
0 
0 
0 
0 
0 
0 
0 
0 
0 
0 
0 
0 
0 
0 
0 
0 
0 
0 
0 
0 
0 
0 
0 
0 
0 
0 
0 
0 
0 
0 
0 
0 
0 
0 
0 
0 
0 
0 
0 
0 
0 
0 
0 
0 
0 
0 
0 
0 
0 
0 
0 
0 
0 
0 
0 
0 
0 
0 
0 
0 
0 
0 
0 
0 
0 
0 
0 
0 
0 
0 
0 
0 
0 
0 
0 
0 
0 
0 
0 
0 
0 
0 
0 
0 
0 
0 
0 
0 
0 
0 
0 
0 
0 
0 
0 
0 
0 
0 
0 
0 
0 
0 
0 
0 
0 
0 
0 
0 
0 
0 
0 
0 
0 
0 
0 
0 
0 
0 
0 
0 
0 
0 
0 
0 
0 
0 
0 
0 
0 
0 
0 
0 
0 
0 
0 
0 
0 
0 
0 
0 
0 
0 
0 
0 
0 
0 
0 
0 
0 
0 
0 
0 
0 
0 
0 
0 
0 
0 
0 
0 
0 
0 
0 
0 
0 
0 
0 
0 
0 
0 
0 
0 
0 
0 
0 
0 
0 
0 
0 
0 
0 
0 
0 
0 
0 
0 
0 
0 
0 
0 
0 
0 
0 
0 
0 
0 
0 
0 
0 
0 
0 
0 
0 
0 
0 
0 
0 
0 
0 
0 
0 
0 
0 
0 
0 
0 
0 
0 
0 
0 
0 
0 
0 
0 
0 
0 
0 
0 
0 
0 
0 
0 
0 
0 
0 
0 
0 
0 
0 
0 
0 
0 
0 
0 
0 
0 
0 
0 
0 
0 
0 
0 
0 
0 
0 
0 
0 
0 
0 
0 
0 
0 
0 
0 
0 
0 
0 
0 
0 
0 
0 
0 
0 
0 
0 
0 
0 
0 
0 
0 
0 
0 
0 
0 
0 
0 
0 
0 
0 
0 
0 
0 
0 
0 
0 
0 
0 
0 
0 
0 
0 
0 
0 
0 
0 
0 
0 
0 
0 
0 
0 
0 
0 
0 
0 
0 
0 
0 
0 
0 
0 
0 
0 
0 
0 
0 
0 
0 
0 
0 
0 
0 
0 
0 
0 
0 
0 
0 
0 
0 
0 
0 
0 
0 
0 
0 
0 
0 
0 
0 
0 
0 
0 
0 
0 
0 
0 
0 
0 
0 
0 
0 
0 
0 
0 
0 
0 
0 
0 
0 
0 
0 
0 
0 
0 
0 
0 
0 
0 
0 
0 
0 
0 
0 
0 
0 
0 
0 
0 
0 
0 
0 
0 
0 
0 
0 
0 
0 
0 
0 
0 
0 
0 
0 
0 
0 
0 
0 
0 
0 
0 
0 
0 
0 
0 
0 
0 
0 
0 
0 
0 
0 
0 
0 
0 
0 
0 
0 
0 
0 
0 
0 
0 
0 
0 
0 
0 
0 
0 
0 
0 
0 
0 
0 
0 
0 
0 
0 
0 
0 
0 
0 
0 
0 
0 
0 
0 
0 
0 
0 
0 
0 
0 
0 
0 
0 
0 
0 
0 
0 
0 
0 
0 
0 
0 
0 
0 
0 
0 
0 
0 
0 
0 
0 
0 
0 
0 
0 
0 
0 
0 
0 
0 
0 
0 
0 
0 
0 
0 
0 
0 
0 
0 
0 
0 
0 
0 
0 
0 
0 
0 
0 
0 
0 
0 
0 
0 
0 
0 
0 
0 
0 
0 
0 
0 
0 
0 
0 
0 
0 
0 
0 
0 
0 
0 
0 
0 
0 
0 
0 
0 
0 
0 
0 
0 
0 
0 
0 
0 
0 
0 
0 
0 
0 
0 
0 
0 
0 
0 
0 
0 
0 
0 
0 
0 
0 
0 
0 
0 
0 
0 
0 
0 
0 
0 
0 
0 
0 
0 
0 
0 
0 
0 
0 
0 
0 
0 
0 
0 
0 
0 
0 
0 
0 
0 
0 
0 
0 
0 
0 
0 
0 
0 
0 
0 
0 
0 
0 
0 
0 
0 
0 
0 
0 
0 
0 
0 
0 
0 
0 
0 
0 
0 
0 
0 
0 
0 
0 
0 
0 
0 
0 
0 
0 
0 
0 
0 
0 
0 
0 
0 
0 
0 
0 
0 
0 
0 
0 
0 
0 
0 
0 
0 
0 
0 
0 
0 
0 
0 
0 
0 
0 
0 
0 
0 
0 
0 
0 
0 
0 
0 
0 
0 
0 
0 
0 
0 
0 
0 
0 
0 
0 
0 
0 
0 
0 
0 
0 
0 
0 
0 
0 
0 
0 
0 
0 
0 
0 
0 
0 
0 
0 
0 
0 
0 
0 
0 
0 
0 
0 
0 
0 
0 
0 
0 
0 
0 
0 
0 
0 
0 
0 
0 
0 
0 
0 
0 
0 
0 
0 
0 
0 
0 
0 
0 
0 
0 
0 
0 
0 
0 
0 
0 
0 
0 
0 
0 
0 
0 
0 
0 
0 
0 
0 
0 
0 
0 
0 
0 
0 
0 
0 
0 
0 
0 
0 
0 
0 
0 
0 
0 
0 
0 
0 
0 
0 
0 
0 
0 
0 
0 
0 
0 
0 
0 
0 
0 
0 
0 
0 
0 
0 
0 
0 
0 
0 
0 
0 
0 
0 
0 
0 
0 
0 
0 
0 
0 
0 
0 
0 
0 
0 
0 
0 
0 
0 
0 
0 
0 
0 
0 
0 
0 
0 
0 
0 
0 
0 
0 
0 
0 
0 
0 
0 
0 
0 
0 
0 
0 
0 
0 
0 
0 
0 
0 
0 
0 
0 
0 
0 
0 
0 
0 
0 
0 
0 
0 
0 
0 
0 
0 
0 
0 
0 
0 
0 
0 
0 
0 
0 
0 
0 
0 
0 
0 
0 
0 
0 
0 
0 
0 
0 
0 
0 
0 
0 
0 
0 
0 
0 
0 
0 
0 
0 
0 
0 
0 
0 
0 
0 
0 
0 
0 
0 
0 
0 
0 
0 
0 
0 
0 
0 
0 
0 
0 
0 
0 
0 
0 
0 
0 
0 
0 
0 
0 
0 
0 
0 
0 
0 
0 
0 
0 
0 
0 
0 
0 
0 
0 
0 
0 
0 
0 
0 
0 
0 
0 
0 
0 
0 
0 
0 
0 
0 
0 
0 
0 
0 
0 
0 
0 
0 
0 
0 
0 
0 
0 
0 
0 
0 
0 
0 
0 
0 
0 
0 
0 
0 
0 
0 
0 
0 
0 
0 
0 
0 
0 
0 
0 
0 
0 
0 
0 
0 
0 
0 
0 
0 
0 
0 
0 
0 
0 
0 
0 
0 
0 
0 
0 
0 
0 
0 
0 
0 
0 
0 
0 
0 
0 
0 
0 
0 
0 
0 
0 
0 
0 
0 
0 
0 
0 
0 
0 
0 
0 
0 
0 
0 
0 
0 
0 
0 
0 
0 
0 
0 
0 
0 
0 
0 
0 
0 
0 
0 
0 
0 
0 
0 
0 
0 
0 
0 
0 
0 
0 
0 
0 
0 
0 
0 
0 
0 
0 
0 
0 
0 
0 
0 
0 
0 
0 
0 
0 
0 
0 
0 
0 
0 
0 
0 
0 
0 
0 
0 
0 
0 
0 
0 
0 
0 
0 
0 
0 
0 
0 
0 
0 
0 
0 
0 
0 
0 
0 
0 
0 
0 
0 
0 
0 
0 
0 
0 
0 
0 
0 
0 
0 
0 
0 
0 
0 
0 
0 
0 
0 
0 
0 
0 
0 
0 
0 
0 
0 
0 
0 
0 
0 
0 
0 
0 
0 
0 
0 
0 
0 
0 
0 
0 
0 
0 
0 
0 
0 
0 
0 
0 
0 
0 
0 
0 
0 
0 
0 
0 
0 
0 
0 
0 
0 
0 
0 
0 
0 
0 
0 
0 
0 
0 
0 
0 
0 
0 
0 
0 
0 
0 
0 
0 
0 
0 
0 
0 
0 
0 
0 
0 
0 
0 
0 
0 
0 
0 
0 
0 
0 
0 
0 
0 
0 
0 
0 
0 
0 
0 
0 
0 
0 
0 
0 
0 
0 
0 
0 
0 
0 
0 
0 
0 
0 
0 
0 
0 
0 
0 
0 
0 
0 
0 
0 
0 
0 
0 
0 
0 
0 
0 
0 
0 
0 
0 
0 
0 
0 
0 
0 
0 
0 
0 
0 
0 
0 
0 
0 
0 
0 
0 
0 
0 
0 
0 
0 
0 
0 
0 
0 
0 
0 
0 
0 
0 
0 
0 
0 
0 
0 
0 
0 
0 
0 
0 
0 
0 
0 
0 
0 
0 
0 
0 
0 
0 
0 
0 
0 
0 
0 
0 
0 
0 
0 
0 
0 
0 
0 
0 
0 
0 
0 
0 
0 
0 
0 
0 
0 
0 
0 
0 
0 
0 
0 
0 
0 
0 
0 
0 
0 
0 
0 
0 
0 
0 
0 
0 
0 
0 
0 
0 
0 
0 
0 
0 
0 
0 
0 
0 
0 
0 
0 
0 
0 
0 
0 
0 
0 
0 
0 
0 
0 
0 
0 
0 
0 
0 
0 
0 
0 
0 
0 
0 
0 
0 
0 
0 
0 
0 
0 
0 
0 
0 
0 
0 
0 
0 
0 
0 
0 
0 
0 
0 
0 
0 
0 
0 
0 
0 
0 
0 
0 
0 
0 
0 
0 
0 
0 
0 
0 
0 
0 
0 
0 
0 
0 
0 
0 
0 
0 
0 
0 
0 
0 
0 
0 
0 
0 
0 
0 
0 
0 
0 
0 
0 
0 
0 
0 
0 
0 
0 
0 
0 
0 
0 
0 
0 
0 
0 
0 
0 
0 
0 
0 
0 
0 
0 
0 
0 
0 
0 
0 
0 
0 
0 
0 
0 
0 
0 
0 
0 
0 
0 
0 
0 
0 
0 
0 
0 
0 
0 
0 
0 
0 
0 
0 
0 
0 
0 
0 
0 
0 
0 
0 
0 
0 
0 
0 
0 
0 
0 
0 
0 
0 
0 
0 
0 
0 
0 
0 
0 
0 
0 
0 
0 
0 
0 
0 
0 
0 
0 
0 
0 
0 
0 
0 
0 
0 
0 
0 
0 
0 
0 
0 
0 
0 
0 
0 
0 
0 
0 
0 
0 
0 
0 
0 
0 
0 
0 
0 
0 
0 
0 
0 
0 
0 
0 
0 
0 
0 
0 
0 
0 
0 
0 
0 
0 
0 
0 
0 
0 
0 
0 
0 
0 
0 
0 
0 
0 
0 
0 
0 
0 
0 
0 
0 
0 
0 
0 
0 
0 
0 
0 
0 
0 
0 
0 
0 
0 
0 
0 
0 
0 
0 
0 
0 
0 
0 
0 
0 
0 
0 
0 
0 
0 
0 
0 
0 
0 
0 
0 
0 
0 
0 
0 
0 
0 
0 
0 
0 
0 
0 
0 
0 
0 
0 
0 
0 
0 
0 
0 
0 
0 
0 
0 
0 
0 
0 
0 
0 
0 
0 
0 
0 
0 
0 
0 
0 
0 
0 
0 
0 
0 
0 
0 
0 
0 
0 
0 
0 
0 
0 
0 
0 
0 
0 
0 
0 
0 
0 
0 
0 
0 
0 
0 
0 
0 
0 
0 
0 
0 
0 
0 
0 
0 
0 
0 
0 
0 
0 
0 
0 
0 
0 
0 
0 
0 
0 
0 
0 
0 
0 
0 
0 
0 
0 
0 
0 
0 
0 
0 
0 
0 
0 
0 
0 
0 
0 
0 
0 
0 
0 
0 
0 
0 
0 
0 
0 
0 
0 
0 
0 
0 
0 
0 
0 
0 
0 
0 
0 
0 
0 
0 
0 
0 
0 
0 
0 
0 
0 
0 
0 
0 
0 
0 
0 
0 
0 
0 
0 
0 
0 
0 
0 
0 
0 
0 
0 
0 
0 
0 
0 
0 
0 
0 
0 
0 
0 
0 
0 
0 
0 
0 
0 
0 
0 
0 
0 
0 
0 
0 
0 
0 
0 
0 
0 
0 
0 
0 
0 
0 
0 
0 
0 
0 
0 
0 
0 
0 
0 
0 
0 
0 
0 
0 
0 
0 
0 
0 
0 
0 
0 
0 
0 
0 
0 
0 
0 
0 
0 
0 
0 
0 
0 
0 
0 
0 
0 
0 
0 
0 
0 
0 
0 
0 
0 
0 
0 
0 
0 
0 
0 
0 
0 
0 
0 
0 
0 
0 
0 
0 
0 
0 
0 
0 
0 
0 
0 
0 
0 
0 
0 
0 
0 
0 
0 
0 
0 
0 
0 
0 
0 
0 
0 
0 
0 
0 
0 
0 
0 
0 
0 
0 
0 
0 
0 
0 
0 
0 
0 
0 
0 
0 
0 
0 
0 
0 
0 
0 
0 
0 
0 
0 
0 
0 
0 
0 
0 
0 
0 
0 
0 
0 
0 
0 
0 
0 
0 
0 
0 
0 
0 
0 
0 
0 
0 
0 
0 
0 
0 
0 
0 
0 
0 
0 
0 
0 
0 
0 
0 
0 
0 
0 
0 
0 
0 
0 
0 
0 
0 
0 
0 
0 
0 
0 
0 
0 
0 
0 
0 
0 
0 
0 
0 
0 
0 
0 
0 
0 
0 
0 
0 
0 
0 
0 
0 
0 
0 
0 
0 
0 
0 
0 
0 
0 
0 
0 
0 
0 
0 
0 
0 
0 
0 
0 
0 
0 
0 
0 
0 
0 
0 
0 
0 
0 
0 
0 
0 
0 
0 
0 
0 
0 
0 
0 
0 
0 
0 
0 
0 
0 
0 
0 
0 
0 
0 
0 
0 
0 
0 
0 
0 
0 
0 
0 
0 
0 
0 
0 
0 
0 
0 
0 
0 
0 
0 
0 
0 
0 
0 
0 
0 
0 
0 
0 
0 
0 
0 
0 
0 
0 
0 
0 
0 
0 
0 
0 
0 
0 
0 
0 
0 
0 
0 
0 
0 
0 
0 
0 
0 
0 
0 
0 
0 
0 
0 
0 
0 
0 
0 
0 
0 
0 
0 
0 
0 
0 
0 
0 
0 
0 
0 
0 
0 
0 
0 
0 
0 
0 
0 
0 
0 
0 
0 
0 
0 
0 
0 
0 
0 
0 
0 
0 
0 
0 
0 
0 
0 
0 
0 
0 
0 
0 
0 
0 
0 
0 
0 
0 
0 
0 
0 
0 
0 
0 
0 
0 
0 
0 
0 
0 
0 
0 
0 
0 
0 
0 
0 
0 
0 
0 
0 
0 
0 
0 
0 
0 
0 
0 
0 
0 
0 
0 
0 
0 
0 
0 
0 
0 
0 
0 
0 
0 
0 
0 
0 
0 
0 
0 
0 
0 
0 
0 
0 
0 
0 
0 
0 
0 
0 
0 
0 
0 
0 
0 
0 
0 
0 
0 
0 
0 
0 
0 
0 
0 
0 
0 
0 
0 
0 
0 
0 
0 
0 
0 
0 
0 
0 
0 
0 
0 
0 
0 
0 
0 
0 
0 
0 
0 
0 
0 
0 
0 
0 
0 
0 
0 
0 
0 
0 
0 
0 
0 
0 
0 
0 
0 
0 
0 
0 
0 
0 
0 
0 
0 
0 
0 
0 
0 
0 
0 
0 
0 
0 
0 
0 
0 
0 
0 
0 
0 
0 
0 
0 
0 
0 
0 
0 
0 
0 
0 
0 
0 
0 
0 
0 
0 
0 
0 
0 
0 
0 
0 
0 
0 
0 
0 
0 
0 
0 
0 
0 
0 
0 
0 
0 
0 
0 
0 
0 
0 
0 
0 
0 
0 
0 
0 
0 
0 
0 
0 
0 
0 
0 
0 
0 
0 
0 
0 
0 
0 
0 
0 
0 
0 
0 
0 
0 
0 
0 
0 
0 
0 
0 
0 
0 
0 
0 
0 
0 
0 
0 
0 
0 
0 
0 
0 
0 
0 
0 
0 
0 
0 
0 
0 
0 
0 
0 
0 
0 
0 
0 
0 
0 
0 
0 
0 
0 
0 
0 
0 
0 
0 
0 
0 
0 
0 
0 
0 
0 
0 
0 
0 
0 
0 
0 
0 
0 
0 
0 
0 
0 
0 
0 
0 
0 
0 
0 
0 
0 
0 
0 
0 
0 
0 
0 
0 
0 
0 
0 
0 
0 
0 
0 
0 
0 
0 
0 
0 
0 
0 
0 
0 
0 
0 
0 
0 
0 
0 
0 
0 
0 
0 
0 
0 
0 
0 
0 
0 
0 
0 
0 
0 
0 
0 
0 
0 
0 
0 
0 
0 
0 
0 
0 
0 
0 
0 
0 
0 
0 
0 
0 
0 
0 
0 
0 
0 
0 
0 
0 
0 
0 
0 
0 
0 
0 
0 
0 
0 
0 
0 
0 
0 
0 
0 
0 
0 
0 
0 
0 
0 
0 
0 
0 
0 
0 
0 
0 
0 
0 
0 
0 
0 
0 
0 
0 
0 
0 
0 
0 
0 
0 
0 
0 
0 
0 
0 
0 
0 
0 
0 
0 
0 
0 
0 
0 
0 
0 
0 
0 
0 
0 
0 
0 
0 
0 
0 
0 
0 
0 
0 
0 
0 
0 
0 
0 
0 
0 
0 
0 
0 
0 
0 
0 
0 
0 
0 
0 
0 
0 
0 
0 
0 
0 
0 
0 
0 
0 
0 
0 
0 
0 
0 
0 
0 
0 
0 
0 
0 
0 
0 
0 
0 
0 
0 
0 
0 
0 
0 
0 
0 
0 
0 
0 
0 
0 
0 
0 
0 
0 
0 
0 
0 
0 
0 
0 
0 
0 
0 
0 
0 
0 
0 
0 
0 
0 
0 
0 
0 
0 
0 
0 
0 
0 
0 
0 
0 
0 
0 
0 
0 
0 
0 
0 
0 
0 
0 
0 
0 
0 
0 
0 
0 
0 
0 
0 
0 
0 
0 
0 
0 
0 
0 
0 
0 
0 
0 
0 
0 
0 
0 
0 
0 
0 
0 
0 
0 
0 
0 
0 
0 
0 
0 
0 
0 
0 
0 
0 
0 
0 
0 
0 
0 
0 
0 
0 
0 
0 
0 
0 
0 
0 
0 
0 
0 
0 
0 
0 
0 
0 
0 
0 
0 
0 
0 
0 
0 
0 
0 
0 
0 
0 
0 
0 
0 
0 
0 
0 
0 
0 
0 
0 
0 
0 
0 
0 
0 
0 
0 
0 
0 
0 
0 
0 
0 
0 
0 
0 
0 
0 
0 
0 
0 
0 
0 
0 
0 
0 
0 
0 
0 
0 
0 
0 
0 
0 
0 
0 
0 
0 
0 
0 
0 
0 
0 
0 
0 
0 
0 
0 
0 
0 
0 
0 
0 
0 
0 
0 
0 
0 
0 
0 
0 
0 
0 
0 
0 
0 
0 
0 
0 
0 
0 
0 
0 
0 
0 
0 
0 
0 
0 
0 
0 
0 
0 
0 
0 
0 
0 
0 
0 
0 
0 
0 
0 
0 
0 
0 
0 
0 
0 
0 
0 
0 
0 
0 
0 
0 
0 
0 
0 
0 
0 
0 
0 
0 
0 
0 
0 
0 
0 
0 
0 
0 
0 
0 
0 
0 
0 
0 
0 
0 
0 
0 
0 
0 
0 
0 
0 
0 
0 
0 
0 
0 
0 
0 
0 
0 
0 
0 
0 
0 
0 
0 
0 
0 
0 
0 
0 
0 
0 
0 
0 
0 
0 
0 
0 
0 
0 
0 
0 
0 
0 
0 
0 
0 
0 
0 
0 
0 
0 
0 
0 
0 
0 
0 
0 
0 
0 
0 
0 
0 
0 
0 
0 
0 
0 
0 
0 
0 
0 
0 
0 
0 
0 
0 
0 
0 
0 
0 
0 
0 
0 
0 
0 
0 
0 
0 
0 
0 
0 
0 
0 
0 
0 
0 
0 
0 
0 
0 
0 
0 
0 
0 
0 
0 
0 
0 
0 
0 
0 
0 
0 
0 
0 
0 
0 
0 
0 
0 
0 
0 
0 
0 
0 
0 
0 
0 
0 
0 
0 
0 
0 
0 
0 
0 
0 
0 
0 
0 
0 
0 
0 
0 
0 
0 
0 
0 
0 
0 
0 
0 
0 
0 
0 
0 
0 
0 
0 
0 
0 
0 
0 
0 
0 
0 
0 
0 
0 
0 
0 
0 
0 
0 
0 
0 
0 
0 
0 
0 
0 
0 
0 
0 
0 
0 
0 
0 
0 
0 
0 
0 
0 
0 
0 
0 
0 
0 
0 
0 
0 
0 
0 
0 
0 
0 
0 
0 
0 
0 
0 
0 
0 
0 
0 
0 
0 
0 
0 
0 
0 
0 
0 
0 
0 
0 
0 
0 
0 
0 
0 
!IDEND=

