!FILE=Disk 
!KIND=Matrix 
!LABORATORY=Oslo Cyclotron Laboratory (OCL) 
!EXPERIMENT=siri2root 
!COMMENT=none
!TIME=2021-01-12 12:47:13
!CALIBRATION EkeV=6, 0.000000E+00, 1.000000E+00, 0.000000E+00
!PRECISION=16
!DIMENSION=1,0:20999
!CHANNEL=(0:20999)
1388.56 
1152.8 
945.146 
788.834 
697.676 
663.641 
661.453 
677.182 
704.182 
727.707 
738.366 
738.573 
731.823 
722.296 
716.602 
717.756 
724.857 
734.957 
744.484 
751.658 
756.908 
761.685 
767.061 
773.476 
781.019 
789.373 
797.824 
805.47 
811.528 
815.556 
817.408 
816.803 
814.803 
813.909 
814.955 
817.764 
822.479 
828.537 
834.584 
839.166 
841.432 
841.177 
839.057 
836.714 
835.475 
835.653 
837.345 
840.606 
845.016 
849.901 
854.715 
859.031 
862.443 
864.561 
865.392 
865.372 
864.66 
863.57 
863.01 
863.533 
865.502 
869.517 
875.72 
883.522 
891.948 
900.058 
907.209 
913.052 
917.43 
920.296 
921.66 
921.526 
920.082 
917.906 
916.072 
915.798 
917.624 
921.557 
927.457 
934.861 
942.966 
950.846 
957.762 
963.354 
967.638 
970.932 
973.756 
976.664 
980.149 
984.649 
990.564 
998.195 
1007.61 
1018.59 
1030.58 
1042.78 
1054.21 
1064.02 
1071.66 
1077.09 
1080.76 
1083.58 
1086.64 
1090.89 
1096.89 
1104.79 
1114.3 
1124.79 
1135.48 
1145.7 
1155.07 
1163.61 
1171.7 
1180.01 
1189.17 
1199.54 
1211.08 
1223.31 
1235.34 
1246.08 
1254.99 
1260.89 
1262.54 
1261.37 
1259.5 
1258.32 
1259.77 
1264.82 
1271.95 
1279.77 
1287.7 
1294.97 
1301.04 
1305.78 
1309.36 
1312.33 
1315.37 
1319.14 
1324.17 
1330.79 
1339.11 
1349.07 
1360.41 
1372.69 
1385.33 
1397.56 
1408.54 
1417.38 
1423.32 
1425.86 
1424.87 
1420.46 
1413.12 
1403.75 
1393.63 
1384.13 
1376.46 
1371.36 
1369.07 
1369.58 
1371.95 
1374.31 
1375.68 
1376.19 
1375.61 
1374.27 
1373.93 
1375.48 
1378.91 
1384.35 
1391.71 
1400.55 
1410.26 
1420.2 
1429.75 
1438.26 
1445.07 
1449.65 
1451.65 
1450.99 
1447.89 
1442.93 
1436.78 
1429.93 
1422.71 
1415.3 
1407.89 
1400.77 
1394.31 
1388.85 
1384.5 
1381.08 
1378.13 
1375.02 
1371.15 
1366.07 
1359.56 
1351.59 
1342.28 
1331.89 
1320.79 
1309.5 
1298.66 
1288.96 
1280.94 
1274.89 
1270.74 
1268.06 
1266.11 
1264.01 
1261.06 
1256.91 
1251.57 
1245.36 
1238.76 
1232.16 
1225.83 
1219.94 
1214.65 
1210.21 
1206.91 
1204.87 
1203.95 
1203.66 
1203.06 
1200.9 
1196.08 
1188.02 
1176.89 
1163.62 
1149.98 
1138.15 
1130.09 
1126.34 
1126.12 
1128.85 
1134 
1140.27 
1146.39 
1151.74 
1156.52 
1161.41 
1167.08 
1173.89 
1181.76 
1190.27 
1198.66 
1206.01 
1211.46 
1214.49 
1214.98 
1212.97 
1208.62 
1202.37 
1194.83 
1186.56 
1178.04 
1169.62 
1161.59 
1154.16 
1147.56 
1141.94 
1137.37 
1133.72 
1130.68 
1127.79 
1124.51 
1120.45 
1115.47 
1109.75 
1103.8 
1098.22 
1093.54 
1090.01 
1087.58 
1085.94 
1084.56 
1082.91 
1080.55 
1077.23 
1072.9 
1067.72 
1062.03 
1056.31 
1051.05 
1046.63 
1043.19 
1040.59 
1038.48 
1036.34 
1033.73 
1030.41 
1026.33 
1021.65 
1016.65 
1011.66 
1006.93 
1002.62 
998.893 
995.937 
994.011 
993.326 
993.953 
995.831 
998.655 
1001.75 
1004.1 
1004.74 
1003.32 
999.967 
995.139 
989.669 
984.534 
980.538 
978.072 
976.952 
976.674 
976.979 
977.676 
978.435 
979.199 
980.211 
981.712 
983.774 
986.226 
988.643 
990.4 
991.151 
991.092 
990.423 
989.441 
988.786 
988.708 
988.895 
988.424 
985.183 
976.418 
959.88 
934.645 
901.557 
863.316 
824.236 
789.139 
761.778 
743.715 
734.028 
730.754 
732.923 
738.899 
745.565 
751.369 
756.277 
759.682 
760.505 
758.187 
752.624 
743.815 
732.177 
718.654 
704.548 
691.22 
679.796 
670.983 
665.022 
661.701 
660.403 
660.203 
659.974 
658.541 
654.938 
648.657 
639.744 
628.854 
617.213 
606.306 
597.364 
591.01 
587.229 
585.452 
584.716 
584.011 
582.606 
580.185 
576.881 
573.17 
569.645 
566.784 
564.842 
563.834 
563.53 
563.554 
563.508 
562.932 
561.397 
558.646 
554.63 
549.527 
543.715 
537.683 
531.925 
526.979 
523.439 
521.706 
522.513 
524.937 
525.683 
523.41 
518.606 
511.699 
503.565 
495.214 
487.559 
481.304 
476.788 
473.993 
472.741 
472.911 
474.129 
475.654 
477.037 
478.057 
478.42 
477.981 
476.645 
474.213 
470.612 
466.052 
461.01 
456.138 
452.092 
449.339 
448.075 
448.323 
449.658 
451.093 
451.881 
451.851 
451.016 
449.552 
447.9 
446.527 
445.647 
445.149 
444.644 
443.627 
441.724 
438.859 
435.305 
431.594 
428.264 
425.605 
423.568 
421.805 
419.821 
417.218 
413.875 
410.003 
406.125 
402.927 
400.953 
400.229 
400.199 
400.317 
400.423 
400.222 
399.173 
397.145 
394.49 
391.702 
389.23 
387.342 
386.099 
385.349 
384.785 
384.091 
383.096 
381.8 
380.367 
379.07 
378.184 
377.876 
378.194 
379.09 
380.4 
381.873 
383.24 
384.254 
384.757 
384.704 
384.065 
382.777 
380.823 
378.232 
375.02 
371.202 
366.844 
362.113 
357.3 
352.79 
348.933 
345.851 
343.354 
340.946 
337.926 
333.618 
327.61 
319.866 
310.732 
300.834 
290.842 
281.24 
272.239 
263.739 
255.478 
247.364 
239.593 
232.54 
226.594 
221.966 
218.624 
216.286 
214.502 
212.854 
211.115 
209.259 
207.421 
205.844 
204.743 
204.217 
204.28 
204.74 
205.167 
205.243 
204.897 
204.195 
203.348 
202.678 
202.452 
202.763 
203.563 
204.681 
205.678 
205.999 
205.396 
203.836 
201.307 
197.927 
194.003 
190.001 
186.488 
184.017 
182.82 
182.742 
183.645 
185.341 
187.304 
188.946 
189.956 
190.286 
189.961 
189.112 
187.956 
186.606 
185.064 
183.313 
181.334 
179.138 
176.854 
174.772 
173.269 
172.625 
172.931 
174.125 
175.988 
178.153 
180.228 
181.896 
182.952 
183.408 
183.45 
183.199 
182.695 
181.987 
181.061 
179.807 
178.067 
175.731 
172.795 
169.404 
165.922 
162.871 
160.784 
160.013 
160.665 
162.553 
165.112 
167.562 
169.209 
169.656 
168.804 
166.815 
164.215 
161.735 
159.983 
159.273 
159.676 
161.007 
162.763 
164.438 
165.75 
166.629 
167.24 
167.898 
168.772 
169.679 
170.254 
170.287 
169.477 
167.399 
164.182 
160.478 
157.098 
154.854 
154.257 
155.439 
158.154 
161.604 
164.689 
166.57 
166.916 
165.684 
163.06 
159.621 
156.147 
153.261 
151.263 
150.13 
149.599 
149.294 
148.91 
148.305 
147.508 
146.682 
146.032 
145.699 
145.72 
146.099 
146.812 
147.764 
148.816 
149.824 
150.659 
151.218 
151.443 
151.319 
150.884 
150.249 
149.546 
148.876 
148.295 
147.782 
147.247 
146.644 
146.074 
145.716 
145.682 
146.109 
147.164 
148.776 
150.698 
152.61 
154.104 
154.887 
154.9 
154.163 
152.783 
151.09 
149.507 
148.352 
147.728 
147.551 
147.739 
148.23 
148.938 
149.828 
150.888 
152.009 
152.944 
153.434 
153.369 
152.624 
151.011 
148.627 
145.895 
143.341 
141.45 
140.526 
140.656 
141.739 
143.438 
145.24 
146.636 
147.353 
147.415 
146.9 
145.917 
144.674 
143.313 
141.793 
139.977 
137.792 
135.278 
132.599 
130.037 
127.925 
126.518 
125.864 
126.004 
126.583 
126.78 
126.419 
125.762 
124.976 
124.299 
123.932 
123.945 
124.347 
125.061 
125.855 
126.428 
126.578 
126.241 
125.468 
124.409 
123.25 
122.111 
121.016 
119.941 
118.861 
117.767 
116.733 
115.985 
115.778 
116.209 
117.239 
118.663 
120.014 
120.801 
120.823 
119.976 
118.232 
115.986 
113.862 
112.352 
111.718 
112.025 
113.131 
114.643 
116.215 
117.396 
117.745 
117.464 
117.011 
116.728 
117.137 
118.578 
120.701 
123.056 
125.261 
126.696 
126.82 
125.439 
122.647 
118.807 
114.584 
110.786 
108.142 
107.095 
107.77 
109.963 
113.051 
116.18 
118.551 
119.641 
119.297 
117.66 
115.214 
112.61 
110.398 
108.926 
108.27 
108.526 
109.305 
109.551 
108.946 
107.795 
106.324 
104.845 
103.645 
102.875 
102.581 
102.759 
103.275 
103.859 
104.336 
104.676 
104.882 
104.958 
104.91 
104.721 
104.347 
103.77 
103.035 
102.261 
101.703 
101.663 
102.274 
103.496 
105.134 
106.815 
108.095 
108.667 
108.438 
107.526 
106.462 
105.955 
106.34 
107.956 
111.363 
116.648 
123.238 
130.238 
136.755 
142.148 
146.116 
148.708 
150.233 
151.057 
151.427 
151.437 
151.094 
150.388 
149.328 
147.994 
146.601 
145.483 
144.946 
145.113 
146.06 
147.809 
150.063 
152.241 
153.675 
153.845 
152.575 
149.964 
146.363 
142.347 
138.526 
135.372 
133.107 
131.68 
130.832 
130.266 
129.881 
129.784 
130.057 
130.776 
132.084 
134.035 
136.488 
139.138 
141.601 
143.536 
144.729 
145.232 
145.304 
145.099 
144.686 
144.204 
143.763 
143.393 
143.058 
142.694 
142.259 
141.762 
141.263 
140.873 
140.702 
140.794 
141.185 
141.909 
142.868 
143.695 
143.926 
143.349 
141.972 
139.876 
137.285 
134.546 
131.994 
129.842 
128.146 
126.819 
125.674 
124.548 
123.415 
122.532 
122.323 
122.996 
124.557 
126.955 
129.992 
133.291 
136.4 
138.962 
140.803 
141.901 
142.306 
142.056 
141.302 
140.355 
139.433 
138.621 
137.955 
137.517 
137.392 
137.469 
137.594 
137.675 
137.588 
137.268 
136.797 
136.252 
135.663 
135.071 
134.49 
133.898 
133.244 
132.475 
131.575 
130.587 
129.608 
128.777 
128.269 
128.242 
128.756 
129.795 
131.286 
133.079 
134.945 
136.596 
137.684 
137.913 
137.178 
135.519 
133.11 
130.303 
127.573 
125.404 
124.108 
123.743 
124.286 
125.623 
127.4 
129.131 
130.396 
131.037 
131.163 
130.863 
130.25 
129.636 
129.329 
129.438 
130.055 
131.299 
133.057 
134.993 
136.735 
137.966 
138.573 
138.639 
138.234 
137.44 
136.47 
135.545 
134.774 
134.152 
133.585 
132.928 
132.058 
130.92 
129.533 
127.984 
126.409 
124.982 
123.891 
123.297 
123.274 
123.835 
124.92 
126.32 
127.701 
128.707 
129.17 
129.169 
128.788 
128.145 
127.541 
127.262 
127.394 
127.917 
128.711 
129.545 
130.201 
130.57 
130.686 
130.675 
130.656 
130.725 
130.941 
131.247 
131.486 
131.538 
131.262 
130.478 
129.174 
127.468 
125.557 
123.742 
122.454 
122.134 
122.971 
124.92 
127.759 
131.043 
134.19 
136.553 
137.707 
137.672 
136.565 
134.629 
132.41 
130.386 
128.79 
127.693 
127.016 
126.555 
126.197 
126.041 
126.204 
126.815 
127.986 
129.553 
130.997 
131.765 
131.625 
130.36 
127.702 
123.966 
120.034 
116.936 
115.364 
115.394 
116.914 
119.622 
122.778 
125.619 
127.648 
128.63 
128.527 
127.596 
126.376 
125.281 
124.467 
123.98 
123.801 
123.902 
124.221 
124.646 
125.109 
125.6 
126.106 
126.601 
126.978 
127.08 
126.829 
126.209 
125.206 
123.852 
122.254 
120.591 
119.072 
117.866 
117.049 
116.593 
116.389 
116.314 
116.298 
116.322 
116.412 
116.641 
117.091 
117.799 
118.738 
119.805 
120.826 
121.593 
121.953 
121.858 
121.365 
120.662 
120.083 
119.967 
120.453 
121.509 
122.99 
124.607 
125.98 
126.804 
126.969 
126.468 
125.411 
124.141 
123.108 
122.621 
122.772 
123.452 
124.327 
124.958 
125.034 
124.462 
123.314 
121.83 
120.405 
119.493 
119.219 
119.258 
119.353 
119.441 
119.336 
118.73 
117.545 
115.957 
114.205 
112.59 
111.441 
110.991 
111.308 
112.389 
114.159 
116.406 
118.814 
121.046 
122.83 
124.036 
124.699 
124.938 
124.816 
124.427 
123.941 
123.431 
122.883 
122.31 
121.821 
121.581 
121.692 
122.358 
123.86 
126.078 
128.457 
130.29 
131.037 
130.521 
128.736 
125.85 
122.406 
119.164 
116.887 
115.907 
115.957 
116.781 
118.102 
119.43 
120.506 
121.358 
122.108 
122.875 
123.681 
124.43 
124.963 
125.143 
124.928 
124.355 
123.538 
122.606 
121.634 
120.641 
119.591 
118.421 
117.108 
115.712 
114.367 
113.274 
112.602 
112.393 
112.63 
113.108 
113.44 
113.45 
113.028 
112.029 
110.652 
109.509 
109.262 
110.189 
112.256 
115.253 
118.711 
121.962 
124.309 
125.278 
124.729 
122.804 
119.983 
116.98 
114.499 
112.98 
112.519 
113.088 
114.55 
116.519 
118.488 
120.01 
120.848 
121 
120.508 
119.464 
118.089 
116.651 
115.338 
114.225 
113.291 
112.48 
111.759 
111.242 
111.165 
111.653 
112.747 
114.475 
116.777 
119.428 
122.022 
124.055 
125.172 
125.292 
124.434 
122.729 
120.579 
118.528 
117.014 
116.266 
116.335 
117.075 
118.087 
118.943 
119.39 
119.352 
118.839 
117.919 
116.744 
115.488 
114.295 
113.273 
112.495 
111.991 
111.761 
111.8 
112.028 
112.265 
112.379 
112.344 
112.17 
111.893 
111.566 
111.219 
110.835 
110.37 
109.795 
109.109 
108.36 
107.659 
107.157 
106.966 
107.12 
107.623 
108.456 
109.532 
110.726 
111.927 
113.061 
114.094 
115.017 
115.828 
116.521 
117.07 
117.435 
117.577 
117.481 
117.12 
116.445 
115.45 
114.18 
112.734 
111.271 
110.017 
109.226 
109.089 
109.665 
110.89 
112.528 
114.19 
115.443 
115.98 
115.703 
114.652 
113.008 
111.13 
109.431 
108.224 
107.662 
107.781 
108.494 
109.565 
110.738 
111.838 
112.758 
113.451 
113.928 
114.238 
114.444 
114.609 
114.788 
115.023 
115.336 
115.727 
116.169 
116.538 
116.644 
116.385 
115.739 
114.707 
113.393 
112.028 
110.954 
110.468 
110.687 
111.702 
113.598 
116.141 
118.757 
120.781 
121.817 
121.87 
121.02 
119.452 
117.676 
116.3 
115.7 
115.978 
116.989 
118.314 
119.494 
120.269 
120.548 
120.323 
119.739 
119.099 
118.652 
118.448 
118.414 
118.499 
118.647 
118.76 
118.784 
118.619 
118.062 
117.003 
115.47 
113.572 
111.531 
109.633 
108.132 
107.172 
106.796 
107.007 
107.671 
108.499 
109.277 
109.954 
110.535 
111.045 
111.516 
111.961 
112.354 
112.654 
112.841 
112.94 
113.022 
113.169 
113.435 
113.821 
114.262 
114.626 
114.792 
114.716 
114.372 
113.745 
112.909 
112.007 
111.17 
110.496 
110.051 
109.87 
109.966 
110.382 
111.175 
112.327 
113.723 
115.153 
116.318 
116.951 
116.955 
116.303 
115.04 
113.429 
111.874 
110.765 
110.271 
110.281 
110.691 
111.384 
112.128 
112.74 
113.175 
113.486 
113.767 
114.06 
114.321 
114.469 
114.456 
114.248 
113.839 
113.364 
113.042 
113.017 
113.332 
113.931 
114.557 
114.849 
114.63 
113.736 
111.954 
109.385 
106.502 
103.935 
102.293 
101.969 
103.08 
105.515 
108.886 
112.578 
115.947 
118.497 
120.006 
120.487 
120 
118.746 
117.165 
115.653 
114.428 
113.584 
113.114 
112.969 
113.119 
113.569 
114.335 
115.437 
116.886 
118.626 
120.466 
122.103 
123.177 
123.403 
122.683 
121.061 
118.716 
115.958 
113.153 
110.641 
108.661 
107.336 
106.7 
106.753 
107.377 
108.298 
109.284 
110.225 
111.079 
111.848 
112.538 
113.132 
113.56 
113.732 
113.606 
113.14 
112.294 
111.175 
110.069 
109.29 
108.94 
108.885 
109.023 
109.257 
109.413 
109.407 
109.211 
108.835 
108.459 
108.298 
108.424 
108.84 
109.336 
109.48 
109.035 
107.993 
106.414 
104.527 
102.769 
101.603 
101.291 
101.897 
103.307 
105.161 
106.989 
108.463 
109.385 
109.713 
109.651 
109.389 
109.078 
108.879 
108.809 
108.779 
108.694 
108.509 
108.295 
108.207 
108.329 
108.693 
109.32 
110.15 
111.028 
111.765 
112.233 
112.39 
112.236 
111.838 
111.354 
110.964 
110.819 
110.981 
111.447 
112.195 
113.162 
114.24 
115.274 
116.079 
116.503 
116.49 
115.988 
114.925 
113.361 
111.507 
109.657 
108.146 
107.285 
107.249 
108.083 
109.692 
111.753 
113.768 
115.224 
115.776 
115.319 
113.955 
112.021 
110.019 
108.38 
107.32 
106.884 
107.061 
107.648 
108.251 
108.66 
108.942 
109.273 
109.827 
110.68 
111.782 
112.956 
113.94 
114.525 
114.635 
114.266 
113.462 
112.351 
111.079 
109.732 
108.338 
106.914 
105.519 
104.288 
103.458 
103.275 
103.838 
105.119 
106.99 
109.204 
111.454 
113.465 
115.066 
116.213 
116.988 
117.565 
118.102 
118.648 
119.109 
119.338 
119.262 
118.777 
117.732 
116.183 
114.394 
112.671 
111.251 
110.244 
109.618 
109.231 
108.908 
108.512 
107.982 
107.337 
106.65 
105.987 
105.381 
104.852 
104.452 
104.249 
104.28 
104.656 
105.577 
107.116 
109.155 
111.43 
113.587 
115.306 
116.413 
116.865 
116.674 
116.054 
115.435 
115.075 
114.959 
114.975 
114.977 
114.786 
114.234 
113.298 
112.164 
111.176 
110.614 
110.536 
110.917 
111.647 
112.338 
112.556 
112.142 
111.142 
109.728 
108.207 
106.889 
105.974 
105.541 
105.597 
106.008 
106.499 
106.887 
107.15 
107.351 
107.605 
108.01 
108.572 
109.187 
109.631 
109.664 
109.19 
108.241 
106.948 
105.55 
104.328 
103.526 
103.291 
103.664 
104.612 
106.03 
107.773 
109.699 
111.662 
113.502 
115.037 
116.064 
116.419 
116.044 
114.965 
113.297 
111.294 
109.303 
107.663 
106.615 
106.155 
106.08 
106.258 
106.647 
107.19 
107.861 
108.668 
109.608 
110.607 
111.405 
111.649 
111.17 
110.001 
108.335 
106.561 
105.179 
104.57 
104.859 
106.031 
107.939 
110.197 
112.337 
114.008 
115.049 
115.452 
115.25 
114.621 
113.926 
113.433 
113.242 
113.391 
113.903 
114.786 
115.935 
117.11 
117.966 
118.195 
117.687 
116.493 
114.833 
113.122 
111.901 
111.606 
112.384 
114.147 
116.566 
119.077 
121.051 
122.086 
122.126 
121.213 
119.506 
117.459 
115.62 
114.348 
113.75 
113.632 
113.674 
113.615 
113.196 
112.271 
110.938 
109.469 
108.214 
107.431 
107.198 
107.509 
108.295 
109.37 
110.497 
111.5 
112.302 
112.949 
113.57 
114.291 
115.141 
116.014 
116.664 
116.832 
116.417 
115.457 
114.115 
112.711 
111.635 
111.167 
111.396 
112.282 
113.645 
115.135 
116.359 
117.075 
117.247 
116.903 
116.118 
115.061 
113.898 
112.717 
111.533 
110.34 
109.187 
108.246 
107.732 
107.747 
108.382 
109.729 
111.606 
113.56 
115.095 
115.865 
115.762 
114.822 
113.232 
111.341 
109.524 
108.309 
107.964 
108.072 
108.238 
108.352 
108.134 
107.369 
106.382 
105.622 
105.281 
105.423 
106.083 
107.213 
108.546 
109.666 
110.266 
110.252 
109.599 
108.34 
106.706 
105.07 
103.817 
103.223 
103.378 
104.355 
106.245 
108.912 
111.957 
114.851 
117.047 
118.197 
118.239 
117.203 
115.213 
112.653 
110.036 
107.817 
106.293 
105.595 
105.741 
106.543 
107.589 
108.551 
109.31 
109.862 
110.311 
110.832 
111.589 
112.656 
113.989 
115.442 
116.81 
117.906 
118.608 
118.868 
118.68 
118.108 
117.298 
116.374 
115.416 
114.479 
113.599 
112.808 
112.22 
112.019 
112.3 
113.087 
114.373 
116.059 
117.926 
119.672 
120.987 
121.678 
121.718 
121.128 
119.977 
118.453 
116.8 
115.232 
113.904 
112.907 
112.283 
112.044 
112.192 
112.702 
113.514 
114.566 
115.798 
117.134 
118.458 
119.618 
120.416 
120.675 
120.333 
119.417 
118.043 
116.441 
114.906 
113.69 
112.926 
112.597 
112.542 
112.547 
112.444 
112.258 
112.206 
112.417 
113.007 
114.226 
116.24 
118.978 
122.136 
125.225 
127.538 
128.369 
127.418 
124.745 
120.663 
115.824 
111.143 
107.574 
105.768 
105.922 
107.9 
111.189 
114.948 
118.293 
120.56 
121.622 
121.834 
121.446 
120.598 
119.586 
118.691 
118.034 
117.588 
117.243 
116.922 
116.607 
116.323 
116.115 
116 
115.942 
115.871 
115.719 
115.46 
115.135 
114.834 
114.646 
114.6 
114.695 
114.897 
115.085 
115.128 
114.981 
114.668 
114.281 
113.947 
113.756 
113.729 
113.858 
114.122 
114.493 
114.957 
115.515 
116.159 
116.823 
117.362 
117.626 
117.55 
117.062 
116.059 
114.603 
112.936 
111.339 
110.022 
109.078 
108.501 
108.249 
108.292 
108.558 
108.913 
109.282 
109.655 
110.036 
110.437 
110.903 
111.521 
112.436 
113.794 
115.629 
117.81 
120.028 
121.824 
122.785 
122.75 
121.635 
119.436 
116.545 
113.644 
111.387 
110.131 
109.875 
110.55 
112.014 
113.911 
115.811 
117.367 
118.338 
118.722 
118.723 
118.471 
118.029 
117.488 
116.886 
116.206 
115.436 
114.608 
113.922 
113.678 
114.019 
114.944 
116.386 
118.087 
119.537 
120.254 
120.068 
118.961 
117.054 
114.803 
112.787 
111.403 
110.816 
111.045 
111.831 
112.617 
113.019 
112.961 
112.554 
112.147 
112.105 
112.554 
113.425 
114.461 
115.266 
115.537 
115.187 
114.347 
113.454 
112.993 
113.165 
114.106 
115.906 
118.182 
120.202 
121.37 
121.437 
120.368 
118.313 
115.752 
113.346 
111.658 
110.998 
111.447 
112.849 
114.756 
116.614 
117.982 
118.611 
118.438 
117.563 
116.287 
114.982 
113.916 
113.21 
112.869 
112.788 
112.801 
112.816 
112.824 
112.817 
112.782 
112.712 
112.602 
112.421 
112.106 
111.598 
110.89 
110.046 
109.196 
108.552 
108.331 
108.625 
109.421 
110.659 
112.204 
113.865 
115.432 
116.717 
117.588 
118.009 
118.02 
117.648 
116.919 
115.905 
114.701 
113.408 
112.149 
111.062 
110.283 
109.902 
109.948 
110.415 
111.273 
112.452 
113.852 
115.354 
116.8 
117.994 
118.727 
118.844 
118.296 
117.12 
115.456 
113.542 
111.649 
110.032 
108.907 
108.374 
108.389 
108.901 
109.837 
110.997 
112.154 
113.145 
113.887 
114.391 
114.764 
115.188 
115.846 
116.847 
118.185 
119.733 
121.234 
122.376 
122.93 
122.832 
122.081 
120.731 
118.959 
117.009 
115.118 
113.506 
112.369 
111.773 
111.633 
111.881 
112.438 
113.085 
113.576 
113.772 
113.637 
113.247 
112.841 
112.669 
112.825 
113.315 
114.087 
114.964 
115.704 
116.151 
116.284 
116.125 
115.739 
115.275 
114.899 
114.713 
114.748 
114.99 
115.276 
115.323 
114.982 
114.169 
112.774 
110.816 
108.501 
106.195 
104.375 
103.415 
103.444 
104.496 
106.525 
109.205 
112.034 
114.565 
116.498 
117.717 
118.235 
118.093 
117.466 
116.708 
116.07 
115.635 
115.443 
115.504 
115.805 
116.294 
116.869 
117.315 
117.36 
116.872 
115.86 
114.424 
112.815 
111.532 
111.142 
111.885 
113.696 
116.255 
118.963 
121.107 
122.251 
122.386 
121.597 
120.068 
118.268 
116.695 
115.607 
114.976 
114.566 
114.115 
113.502 
112.784 
112.169 
111.86 
111.938 
112.453 
113.449 
114.816 
116.358 
117.93 
119.474 
120.991 
122.495 
123.936 
125.111 
125.758 
125.758 
124.991 
123.314 
120.884 
118.119 
115.458 
113.281 
111.86 
111.329 
111.717 
112.936 
114.748 
116.893 
119.14 
121.233 
122.89 
123.86 
124.014 
123.324 
121.888 
120.039 
118.272 
117.04 
116.465 
116.35 
116.564 
116.945 
117.132 
116.939 
116.341 
115.342 
114.181 
113.349 
113.258 
114.035 
115.552 
117.377 
118.811 
119.222 
118.379 
116.355 
113.444 
110.189 
107.247 
105.24 
104.577 
105.386 
107.574 
110.822 
114.608 
118.331 
121.434 
123.504 
124.34 
123.902 
122.408 
120.401 
118.415 
116.769 
115.703 
115.281 
115.325 
115.684 
116.23 
116.752 
117.151 
117.437 
117.616 
117.681 
117.622 
117.43 
117.103 
116.688 
116.31 
116.104 
116.128 
116.44 
117.112 
118.065 
119.053 
119.783 
120.026 
119.707 
118.879 
117.76 
116.762 
116.288 
116.507 
117.514 
119.34 
121.605 
123.637 
124.888 
125.123 
124.305 
122.566 
120.321 
118.115 
116.381 
115.325 
114.961 
115.248 
116.005 
116.871 
117.598 
118.089 
118.297 
118.207 
117.864 
117.384 
116.882 
116.396 
115.875 
115.204 
114.322 
113.301 
112.386 
111.876 
111.913 
112.657 
114.308 
116.672 
119.163 
121.15 
122.262 
122.472 
121.839 
120.518 
118.93 
117.532 
116.565 
116.031 
115.721 
115.282 
114.404 
112.99 
111.21 
109.459 
108.263 
108.043 
108.943 
110.876 
113.527 
116.373 
118.846 
120.498 
121.097 
120.59 
119.2 
117.51 
116.161 
115.543 
115.778 
116.816 
118.386 
119.759 
120.073 
118.97 
116.525 
113.11 
109.445 
106.396 
104.593 
104.232 
105.313 
107.683 
110.875 
114.295 
117.489 
120.193 
122.282 
123.682 
124.34 
124.237 
123.392 
121.907 
120.036 
118.133 
116.538 
115.479 
115.056 
115.282 
116.053 
117.174 
118.515 
120.044 
121.731 
123.489 
125.124 
126.357 
126.951 
126.829 
125.986 
124.531 
122.829 
121.399 
120.624 
120.621 
121.415 
122.972 
125.031 
127.193 
129.087 
130.428 
131.055 
130.924 
130.05 
128.513 
126.493 
124.24 
122.017 
120.064 
118.572 
117.648 
117.256 
117.38 
117.784 
117.929 
117.68 
117.2 
116.588 
115.984 
115.539 
115.381 
115.56 
116.061 
116.813 
117.677 
118.476 
119.067 
119.4 
119.547 
119.688 
120.053 
120.824 
122.051 
123.611 
125.236 
126.586 
127.389 
127.53 
126.991 
125.843 
124.313 
122.72 
121.36 
120.441 
120.004 
119.948 
120.198 
120.727 
121.503 
122.511 
123.753 
125.207 
126.774 
128.248 
129.338 
129.801 
129.547 
128.509 
126.622 
124.022 
121.037 
118.062 
115.5 
113.707 
112.915 
113.191 
114.495 
116.616 
119.079 
121.234 
122.535 
122.753 
121.859 
120.037 
117.863 
116.104 
115.197 
115.109 
115.725 
116.862 
118.128 
119.161 
119.834 
120.26 
120.701 
121.369 
122.3 
123.331 
124.103 
124.247 
123.625 
122.282 
120.394 
118.281 
116.305 
114.762 
113.828 
113.455 
113.426 
113.616 
113.963 
114.347 
114.685 
115.002 
115.387 
115.901 
116.548 
117.136 
117.297 
116.838 
115.747 
114.061 
111.976 
109.905 
108.441 
108.119 
109.139 
111.435 
114.749 
118.599 
122.4 
125.611 
127.856 
129.015 
129.149 
128.312 
126.569 
124.109 
121.209 
118.179 
115.366 
113.146 
111.885 
111.838 
113.081 
115.519 
118.811 
122.391 
125.644 
128.1 
129.572 
130.101 
129.762 
128.867 
128.009 
127.523 
127.367 
127.346 
127.169 
126.565 
125.389 
123.685 
121.723 
119.982 
118.886 
118.587 
119.088 
120.255 
121.694 
122.962 
123.823 
124.258 
124.432 
124.629 
125.103 
125.951 
127.086 
128.259 
129.118 
129.353 
128.853 
127.655 
125.904 
123.871 
121.894 
120.301 
119.311 
118.994 
119.352 
120.329 
121.744 
123.337 
124.866 
126.135 
127.019 
127.486 
127.588 
127.357 
126.831 
126.134 
125.446 
124.959 
124.815 
125.061 
125.666 
126.515 
127.405 
128.092 
128.387 
128.222 
127.531 
126.209 
124.304 
122.045 
119.766 
117.861 
116.692 
116.478 
117.278 
119.002 
121.35 
123.858 
126.043 
127.511 
128.047 
127.593 
126.268 
124.424 
122.525 
121.026 
120.248 
120.301 
121.24 
123.096 
125.652 
128.467 
131.046 
132.939 
133.873 
133.768 
132.706 
130.943 
128.841 
126.723 
124.808 
123.198 
121.92 
120.973 
120.385 
120.209 
120.472 
121.171 
122.27 
123.696 
125.343 
127.095 
128.829 
130.414 
131.684 
132.427 
132.46 
131.718 
130.237 
128.161 
125.771 
123.423 
121.452 
120.102 
119.433 
119.35 
119.775 
120.684 
122.052 
123.874 
126.146 
128.802 
131.632 
134.267 
136.24 
137.192 
137.008 
135.694 
133.406 
130.6 
127.887 
125.759 
124.447 
123.961 
124.248 
125.05 
125.881 
126.421 
126.621 
126.59 
126.431 
126.229 
126.042 
125.746 
125.074 
123.828 
121.984 
119.8 
117.868 
116.781 
116.772 
118 
120.59 
124.152 
127.914 
131.141 
133.296 
134.113 
133.533 
131.797 
129.526 
127.395 
125.922 
125.426 
125.996 
127.537 
129.71 
131.973 
133.742 
134.653 
134.679 
133.871 
132.382 
130.625 
129.074 
128.028 
127.605 
127.819 
128.469 
129.095 
129.361 
129.188 
128.597 
127.701 
126.757 
126.043 
125.678 
125.619 
125.814 
126.209 
126.693 
127.182 
127.652 
128.135 
128.701 
129.366 
130.052 
130.554 
130.619 
130.131 
129.104 
127.626 
125.894 
124.191 
122.816 
121.966 
121.693 
121.991 
122.758 
123.703 
124.447 
124.692 
124.331 
123.419 
122.143 
120.808 
119.787 
119.404 
119.788 
120.916 
122.671 
124.788 
126.881 
128.527 
129.454 
129.625 
129.07 
127.905 
126.508 
125.385 
124.892 
125.138 
126.025 
127.221 
128.228 
128.663 
128.41 
127.449 
125.843 
123.885 
121.993 
120.502 
119.567 
119.123 
119.004 
119.127 
119.422 
119.784 
120.215 
120.805 
121.63 
122.734 
124.106 
125.67 
127.276 
128.726 
129.82 
130.415 
130.452 
129.92 
128.858 
127.397 
125.75 
124.156 
122.843 
121.973 
121.622 
121.804 
122.411 
123.2 
123.974 
124.68 
125.387 
126.262 
127.486 
129.157 
131.257 
133.611 
135.878 
137.631 
138.59 
138.717 
138.047 
136.687 
134.942 
133.183 
131.68 
130.544 
129.72 
129.04 
128.341 
127.551 
126.842 
126.573 
126.946 
128.023 
129.808 
132.097 
134.437 
136.256 
137.13 
136.925 
135.699 
133.712 
131.472 
129.555 
128.357 
128.016 
128.539 
129.826 
131.553 
133.253 
134.483 
134.96 
134.6 
133.468 
131.785 
129.9 
128.159 
126.812 
125.964 
125.553 
125.387 
125.235 
124.941 
124.496 
124.048 
123.798 
123.842 
124.311 
125.406 
127.071 
128.985 
130.748 
131.99 
132.48 
132.15 
131.086 
129.564 
127.989 
126.764 
126.129 
126.112 
126.676 
127.738 
129.091 
130.517 
131.883 
133.141 
134.282 
135.29 
136.108 
136.641 
136.809 
136.586 
136.017 
135.252 
134.532 
134.074 
133.981 
134.269 
134.873 
135.587 
136.142 
136.357 
136.179 
135.703 
135.205 
134.934 
134.938 
135.203 
135.611 
135.895 
135.898 
135.404 
134.05 
131.798 
128.97 
125.994 
123.344 
121.526 
120.936 
121.712 
123.781 
126.856 
130.395 
133.714 
136.167 
137.439 
137.595 
136.742 
135.036 
132.88 
130.744 
128.981 
127.806 
127.311 
127.511 
128.324 
129.574 
131.083 
132.709 
134.315 
135.788 
137.052 
138.05 
138.736 
139.08 
139.082 
138.744 
138.092 
137.24 
136.393 
135.795 
135.553 
135.575 
135.784 
136.076 
136.259 
136.228 
135.899 
135.195 
134.279 
133.506 
133.141 
133.263 
133.877 
134.93 
136.22 
137.479 
138.519 
139.276 
139.755 
139.969 
139.927 
139.625 
139.007 
137.983 
136.529 
134.754 
132.898 
131.308 
130.305 
130.043 
130.548 
131.705 
133.149 
134.382 
135.081 
135.194 
134.757 
133.882 
132.852 
131.952 
131.322 
130.968 
130.794 
130.642 
130.369 
129.912 
129.31 
128.718 
128.352 
128.326 
128.737 
129.683 
131.089 
132.782 
134.562 
136.193 
137.478 
138.294 
138.593 
138.367 
137.699 
136.788 
135.839 
135.007 
134.421 
134.136 
134.131 
134.385 
134.861 
135.433 
135.872 
135.944 
135.549 
134.706 
133.511 
132.162 
130.926 
130.085 
129.834 
130.235 
131.24 
132.678 
134.277 
135.74 
136.801 
137.294 
137.167 
136.431 
135.163 
133.574 
131.962 
130.718 
130.245 
130.718 
132.179 
134.619 
137.835 
141.388 
144.692 
147.169 
148.445 
148.41 
147.15 
144.978 
142.4 
139.951 
138.035 
136.834 
136.277 
136.099 
135.978 
135.68 
135.118 
134.357 
133.664 
133.381 
133.669 
134.57 
136.081 
138.012 
139.974 
141.555 
142.527 
142.848 
142.529 
141.709 
140.726 
139.927 
139.523 
139.574 
140.093 
141.056 
142.322 
143.674 
144.899 
145.781 
146.128 
145.851 
144.821 
142.882 
140.151 
137.065 
134.218 
132.156 
131.064 
130.778 
131.155 
131.986 
132.769 
133.092 
132.841 
132.057 
131.131 
130.727 
131.18 
132.555 
134.902 
138.071 
141.669 
145.2 
148.24 
150.536 
151.992 
152.595 
152.344 
151.308 
149.658 
147.601 
145.363 
143.19 
141.277 
139.701 
138.396 
137.192 
135.922 
134.545 
133.19 
132.135 
131.657 
131.876 
132.871 
134.682 
137.053 
139.478 
141.43 
142.592 
142.925 
142.472 
141.347 
139.872 
138.457 
137.473 
137.177 
137.653 
138.864 
140.68 
142.877 
145.18 
147.308 
149.032 
150.227 
150.888 
151.123 
151.13 
151.096 
151.184 
151.554 
152.252 
153.135 
153.917 
154.324 
154.249 
153.576 
152.133 
149.995 
147.516 
145.137 
143.284 
142.216 
141.973 
142.533 
143.805 
145.519 
147.311 
148.848 
149.907 
150.428 
150.469 
150.069 
149.262 
148.126 
146.751 
145.231 
143.701 
142.35 
141.395 
140.996 
141.202 
141.982 
143.2 
144.595 
145.857 
146.729 
147.074 
146.862 
146.199 
145.346 
144.559 
143.976 
143.646 
143.523 
143.499 
143.463 
143.347 
143.128 
142.829 
142.502 
142.195 
141.931 
141.698 
141.47 
141.234 
140.997 
140.812 
140.759 
140.878 
141.178 
141.686 
142.43 
143.421 
144.648 
146.074 
147.618 
149.165 
150.586 
151.775 
152.664 
153.219 
153.432 
153.301 
152.834 
152.043 
150.955 
149.645 
148.269 
147.047 
146.213 
145.921 
146.215 
146.997 
147.993 
148.861 
149.349 
149.368 
148.861 
147.763 
146.131 
144.09 
141.788 
139.422 
137.242 
135.542 
134.594 
134.55 
135.45 
137.213 
139.58 
142.174 
144.643 
146.735 
148.319 
149.356 
149.892 
150.013 
149.758 
149.125 
148.132 
146.847 
145.415 
144.056 
143.019 
142.48 
142.495 
143.017 
143.877 
144.807 
145.543 
145.924 
145.842 
145.479 
145.313 
145.507 
146.088 
147.24 
149.013 
151.222 
153.533 
155.634 
157.321 
158.493 
159.109 
159.159 
158.641 
157.563 
155.959 
153.901 
151.516 
148.993 
146.573 
144.519 
143.077 
142.361 
142.333 
142.946 
144.129 
145.664 
147.267 
148.71 
149.868 
150.718 
151.318 
151.793 
152.263 
152.789 
153.352 
153.869 
154.252 
154.459 
154.52 
154.517 
154.566 
154.786 
155.224 
155.689 
155.823 
155.433 
154.475 
152.945 
151.007 
149.034 
147.501 
146.765 
146.939 
147.98 
149.657 
151.479 
152.855 
153.489 
153.489 
152.979 
152.138 
151.441 
151.352 
152.027 
153.38 
155.135 
156.913 
158.393 
159.371 
159.755 
159.535 
158.797 
157.718 
156.444 
155.052 
153.6 
152.113 
150.598 
149.049 
147.459 
145.833 
144.234 
142.819 
141.876 
141.713 
142.45 
144.048 
146.325 
148.911 
151.312 
153.03 
153.727 
153.304 
151.851 
149.713 
147.5 
145.969 
145.742 
147.031 
149.737 
153.478 
157.598 
161.353 
164.122 
165.655 
166.06 
165.442 
163.938 
161.921 
159.847 
158.104 
156.973 
156.5 
156.51 
156.886 
157.535 
158.245 
158.816 
159.143 
159.168 
158.874 
158.259 
157.334 
156.162 
154.91 
153.869 
153.309 
153.338 
154.043 
155.511 
157.557 
159.716 
161.456 
162.397 
162.436 
161.578 
159.954 
157.99 
156.253 
155.143 
154.787 
155.18 
156.168 
157.35 
158.259 
158.584 
158.226 
157.273 
156.008 
154.831 
154.07 
153.872 
154.264 
155.169 
156.337 
157.403 
158.063 
158.171 
157.7 
156.734 
155.548 
154.529 
153.955 
153.9 
154.353 
155.218 
156.186 
156.864 
156.995 
156.506 
155.484 
154.207 
153.05 
152.283 
152.019 
152.274 
152.989 
154.005 
155.157 
156.367 
157.666 
159.159 
160.898 
162.819 
164.724 
166.26 
167.078 
167.028 
166.043 
164.167 
161.828 
159.73 
158.471 
158.338 
159.387 
161.465 
164.086 
166.58 
168.388 
169.214 
168.992 
167.977 
166.81 
166.061 
165.936 
166.466 
167.506 
168.591 
169.225 
169.216 
168.411 
166.643 
164.167 
161.597 
159.547 
158.412 
158.295 
159.181 
160.953 
163.275 
165.715 
167.9 
169.585 
170.669 
171.141 
171.006 
170.343 
169.326 
168.128 
166.937 
165.989 
165.443 
165.305 
165.548 
166.088 
166.643 
166.887 
166.687 
166.017 
164.938 
163.75 
162.922 
162.827 
163.588 
165.125 
167.159 
169.245 
170.916 
171.841 
171.906 
171.106 
169.531 
167.471 
165.325 
163.435 
162.006 
161.101 
160.692 
160.778 
161.118 
161.263 
161.139 
160.839 
160.332 
159.606 
158.64 
157.349 
155.638 
153.485 
151.016 
148.567 
146.764 
146.282 
147.404 
150.073 
154.02 
158.72 
163.52 
167.78 
170.978 
172.906 
173.727 
173.642 
172.92 
172.069 
171.423 
171.066 
170.963 
170.972 
170.962 
170.835 
170.544 
170.21 
170.083 
170.306 
170.922 
171.932 
173.182 
174.345 
175.062 
175.115 
174.452 
173.168 
171.577 
170.101 
169.065 
168.608 
168.744 
169.171 
169.42 
169.424 
169.112 
168.238 
166.956 
165.691 
164.762 
164.338 
164.461 
165.092 
166.107 
167.346 
168.662 
169.935 
171.067 
171.988 
172.671 
173.14 
173.473 
173.794 
174.231 
174.855 
175.662 
176.552 
177.263 
177.469 
177.022 
175.947 
174.387 
172.64 
171.119 
170.205 
170.092 
170.818 
172.259 
174.004 
175.483 
176.32 
176.467 
175.976 
174.99 
173.885 
173.058 
172.717 
173.018 
173.711 
174.018 
173.527 
172.181 
169.942 
167.064 
164.155 
162.023 
161.311 
162.235 
164.668 
168.175 
172.089 
175.748 
178.662 
180.584 
181.444 
181.241 
180.204 
178.867 
177.686 
176.895 
176.544 
176.521 
176.749 
177.178 
177.692 
178.116 
178.278 
178.103 
177.566 
176.634 
175.312 
173.711 
172.064 
170.779 
170.297 
170.816 
172.329 
174.726 
177.645 
180.44 
182.433 
183.385 
183.532 
183.059 
182.16 
181.335 
181.047 
181.442 
182.395 
183.359 
183.592 
182.768 
180.914 
178.217 
175.109 
172.198 
170.049 
168.881 
168.567 
168.989 
170.008 
171.275 
172.429 
173.301 
173.935 
174.543 
175.392 
176.689 
178.517 
180.826 
183.444 
186.114 
188.537 
190.436 
191.615 
192.112 
192.166 
191.919 
191.44 
190.871 
190.32 
189.811 
189.336 
188.886 
188.471 
188.142 
187.959 
187.953 
188.127 
188.45 
188.829 
189.126 
189.226 
189.09 
188.719 
188.125 
187.33 
186.364 
185.268 
184.121 
183.053 
182.228 
181.777 
181.747 
182.142 
182.91 
183.88 
184.81 
185.479 
185.799 
185.82 
185.586 
185.153 
184.667 
184.323 
184.277 
184.581 
185.235 
186.235 
187.569 
189.201 
191.076 
193.092 
195.089 
196.845 
198.081 
198.543 
198.126 
196.754 
194.324 
190.969 
187.155 
183.54 
180.797 
179.345 
179.258 
180.496 
182.912 
186.086 
189.459 
192.544 
195.009 
196.701 
197.65 
197.971 
197.719 
197 
196.059 
195.111 
194.348 
193.947 
193.981 
194.518 
195.644 
197.25 
199.005 
200.379 
200.816 
200.081 
198.192 
195.292 
191.74 
188.136 
185.18 
183.372 
182.848 
183.592 
185.449 
187.979 
190.639 
193.046 
195.041 
196.616 
197.854 
198.875 
199.751 
200.48 
200.999 
201.236 
201.161 
200.82 
200.345 
199.867 
199.423 
198.93 
198.198 
197.029 
195.36 
193.33 
191.273 
189.652 
188.85 
189.003 
190.167 
192.341 
195.218 
198.301 
201.217 
203.835 
206.174 
208.29 
210.229 
211.951 
213.178 
213.508 
212.749 
210.948 
208.342 
205.399 
202.699 
200.719 
199.624 
199.303 
199.643 
200.41 
201.126 
201.466 
201.374 
200.836 
199.888 
198.684 
197.436 
196.306 
195.392 
194.756 
194.433 
194.435 
194.838 
195.817 
197.491 
199.871 
202.856 
206.192 
209.479 
212.246 
214.076 
214.735 
214.158 
212.562 
210.591 
209.022 
208.372 
208.806 
210.295 
212.599 
215.112 
217.055 
217.87 
217.383 
215.626 
212.809 
209.396 
205.918 
202.786 
200.271 
198.546 
197.705 
197.776 
198.762 
200.607 
203.09 
205.818 
208.3 
210.025 
210.622 
209.973 
208.158 
205.496 
202.548 
199.988 
198.374 
197.968 
198.819 
200.781 
203.377 
205.931 
207.841 
208.845 
209.036 
208.513 
207.42 
206.137 
205.112 
204.628 
204.756 
205.517 
206.926 
208.881 
211.172 
213.534 
215.651 
217.202 
217.968 
217.878 
216.976 
215.438 
213.598 
211.89 
210.754 
210.318 
210.329 
210.631 
211.056 
211.238 
210.995 
210.392 
209.782 
209.704 
210.409 
211.906 
214.148 
216.947 
219.964 
222.81 
225.176 
226.897 
227.93 
228.379 
228.436 
228.193 
227.661 
226.864 
225.838 
224.648 
223.408 
222.276 
221.432 
221.009 
221.052 
221.597 
222.691 
224.277 
226.162 
228.04 
229.528 
230.317 
230.307 
229.498 
228.028 
226.349 
225.111 
224.802 
225.582 
227.333 
229.659 
231.996 
233.871 
235.069 
235.684 
236.037 
236.451 
237.033 
237.616 
237.92 
237.805 
237.11 
235.617 
233.477 
231.225 
229.448 
228.493 
228.393 
229.097 
230.483 
232.242 
234.015 
235.549 
236.725 
237.525 
238.009 
238.302 
238.551 
238.88 
239.33 
239.744 
239.827 
239.426 
238.503 
237.008 
234.97 
232.567 
230.156 
228.197 
227.085 
227.012 
228.019 
230.01 
232.668 
235.526 
238.134 
240.162 
241.469 
242.117 
242.332 
242.412 
242.608 
243.05 
243.701 
244.382 
244.881 
245.098 
245.102 
245.044 
245.174 
245.877 
247.401 
249.712 
252.516 
255.265 
257.298 
258.116 
257.537 
255.492 
252.038 
247.696 
243.371 
240.152 
238.985 
240.223 
243.766 
249.18 
255.613 
261.951 
267.073 
270.215 
271.127 
269.796 
266.417 
261.631 
256.399 
251.714 
248.403 
246.942 
247.457 
249.716 
253.023 
256.508 
259.508 
261.686 
262.993 
263.516 
263.34 
262.695 
261.956 
261.268 
260.519 
259.571 
258.4 
257.138 
256.132 
255.802 
256.334 
257.713 
259.825 
262.397 
265.029 
267.338 
269.104 
270.309 
271.131 
271.872 
272.776 
273.614 
273.755 
272.833 
270.717 
267.318 
262.871 
258.095 
254.13 
251.996 
252.076 
254.516 
259.227 
265.26 
271.161 
275.762 
278.51 
279.389 
278.532 
276.325 
273.533 
270.739 
268.247 
266.272 
264.911 
264.141 
263.892 
264.133 
264.78 
265.614 
266.414 
267.019 
267.323 
267.245 
266.938 
266.793 
266.943 
267.442 
268.518 
270.29 
272.653 
275.353 
278.109 
280.678 
282.851 
284.447 
285.309 
285.334 
284.493 
282.814 
280.403 
277.471 
274.309 
271.253 
268.634 
266.695 
265.51 
264.945 
264.784 
264.926 
265.27 
265.627 
265.955 
266.365 
266.975 
267.86 
269.024 
270.385 
271.804 
273.161 
274.424 
275.605 
276.724 
277.791 
278.616 
278.821 
278.205 
276.759 
274.54 
271.787 
268.996 
266.792 
265.583 
265.418 
266.247 
267.902 
269.873 
271.425 
271.959 
271.267 
269.434 
266.803 
264.01 
261.941 
261.402 
262.696 
265.731 
270.131 
275.198 
280.097 
284.113 
286.813 
288.036 
287.765 
286.347 
284.563 
283.025 
281.934 
281.286 
280.934 
280.645 
280.225 
279.589 
278.737 
277.72 
276.633 
275.603 
274.798 
274.37 
274.381 
274.887 
275.953 
277.483 
279.198 
280.588 
281.059 
280.351 
278.463 
275.471 
271.649 
267.536 
263.807 
261.07 
259.678 
259.727 
261.084 
263.338 
265.943 
268.407 
270.374 
271.677 
272.344 
272.563 
272.603 
272.728 
273.136 
273.926 
275.077 
276.471 
277.929 
279.283 
280.427 
281.338 
281.967 
282.207 
281.998 
281.198 
279.52 
276.875 
273.551 
270.154 
267.465 
266.009 
265.833 
266.865 
268.858 
271.062 
272.627 
273.232 
273.29 
273.911 
276.644 
282.932 
293.561 
308.446 
326.633 
346.542 
366.524 
385.383 
402.58 
418.322 
433.207 
447.431 
460.545 
471.715 
480.129 
485.471 
487.859 
487.442 
485.219 
483.274 
482.935 
484.402 
487.468 
491.466 
495.459 
498.602 
500.446 
500.977 
500.273 
498.499 
496.1 
493.671 
491.788 
490.858 
491.013 
492.357 
495.025 
498.868 
503.467 
508.309 
512.846 
516.545 
518.952 
519.784 
518.962 
516.69 
513.567 
510.36 
507.708 
506 
505.374 
505.843 
507.072 
508.224 
508.586 
507.96 
506.419 
504.233 
501.848 
499.7 
498.054 
496.96 
496.263 
495.651 
494.8 
493.525 
491.837 
490.307 
489.925 
491.199 
494.241 
499.168 
505.849 
513.7 
521.671 
528.508 
533.171 
535.121 
534.247 
531.036 
526.602 
521.899 
517.32 
512.949 
508.752 
504.697 
500.844 
497.477 
495.175 
494.521 
495.738 
498.74 
503.161 
508.306 
513.361 
517.664 
520.841 
522.786 
523.543 
523.168 
521.944 
520.505 
519.388 
518.861 
519.023 
519.929 
521.592 
523.76 
525.924 
527.46 
527.844 
526.895 
524.691 
521.547 
518.046 
514.932 
512.978 
512.755 
514.448 
517.943 
522.804 
528.259 
533.408 
537.493 
540.097 
541.103 
540.519 
538.833 
537.151 
536.248 
536.247 
537.117 
538.681 
540.191 
540.669 
539.697 
537.287 
533.598 
529.065 
524.404 
520.467 
518.014 
517.476 
518.964 
522.31 
526.966 
532.168 
537.282 
541.974 
546.219 
550.254 
554.5 
559.322 
564.775 
570.514 
575.845 
579.905 
582.084 
582.241 
580.406 
576.814 
572.228 
567.685 
564.032 
561.715 
560.855 
561.447 
562.999 
564.404 
564.869 
564.232 
562.681 
560.977 
560.096 
560.512 
563.065 
569.141 
578.896 
590.958 
603.312 
613.882 
621.097 
624.174 
622.954 
618.233 
611.892 
605.633 
600.335 
596.296 
593.269 
590.697 
588.13 
585.435 
582.784 
580.521 
578.901 
577.955 
577.582 
577.694 
578.117 
578.599 
579.194 
580.256 
582.12 
584.925 
588.556 
592.647 
596.648 
599.981 
602.217 
603.145 
602.727 
601.165 
598.928 
596.447 
593.992 
591.743 
589.813 
588.282 
587.224 
586.711 
586.78 
587.45 
588.695 
590.359 
592.127 
593.581 
594.369 
594.359 
593.525 
591.966 
590.112 
588.611 
587.974 
588.377 
589.972 
592.962 
597.189 
602.156 
607.285 
611.991 
615.754 
618.185 
619.088 
618.411 
616.361 
613.56 
610.803 
608.833 
608.175 
608.99 
611.151 
614.227 
617.567 
620.518 
622.592 
623.548 
623.333 
622.102 
620.288 
618.401 
616.987 
616.57 
617.361 
619.337 
622.349 
626.065 
630.006 
633.649 
636.533 
638.411 
639.266 
639.027 
638.203 
637.908 
638.414 
639.428 
640.773 
642.22 
643.532 
644.434 
644.696 
644.233 
643.096 
641.878 
641.627 
642.887 
645.812 
650.619 
657.294 
665.318 
673.626 
680.893 
686.029 
688.482 
688.134 
685.603 
682.775 
681.648 
682.969 
686.679 
692.314 
698.73 
704.216 
707.3 
707.389 
704.417 
698.803 
691.869 
685.404 
680.807 
678.461 
677.961 
679.012 
681.369 
684.504 
688.006 
691.775 
695.842 
700.232 
704.937 
709.831 
714.628 
718.98 
722.615 
725.419 
727.45 
728.887 
729.923 
730.714 
731.36 
731.875 
732.18 
732.193 
731.843 
731.122 
730.299 
729.795 
729.846 
730.657 
732.315 
734.162 
735.229 
735.084 
732.739 
726.327 
715.109 
699.847 
682.006 
663.473 
646.165 
631.627 
620.793 
613.939 
610.942 
611.668 
615.161 
619.254 
622.003 
622.323 
619.833 
614.653 
607.278 
598.675 
590.167 
583.196 
578.85 
577.541 
579.308 
583.787 
589.785 
595.546 
599.311 
599.866 
596.832 
590.495 
581.798 
572.137 
562.867 
555.073 
549.493 
546.283 
544.979 
545.149 
546.266 
547.338 
547.816 
547.679 
546.868 
545.336 
543.167 
540.59 
537.887 
535.393 
533.499 
532.535 
533.019 
534.42 
534.872 
533.636 
530.846 
526.557 
521.151 
515.151 
509.154 
503.736 
499.299 
496.012 
493.798 
492.422 
491.669 
491.446 
491.744 
492.576 
493.906 
495.53 
496.818 
496.945 
495.53 
492.6 
488.401 
483.524 
478.836 
475.128 
472.823 
472.032 
472.759 
474.664 
476.91 
478.651 
479.387 
478.957 
477.383 
474.853 
471.831 
468.859 
466.328 
464.393 
462.956 
461.728 
460.37 
458.64 
456.461 
453.943 
451.349 
449.03 
447.329 
446.459 
446.457 
447.313 
448.937 
450.969 
452.613 
452.936 
451.521 
448.397 
443.844 
438.531 
433.491 
429.824 
428.254 
428.987 
431.558 
434.644 
436.769 
437.077 
435.333 
431.87 
427.756 
424.551 
423.483 
424.966 
428.746 
433.983 
439.455 
444.076 
447.2 
448.588 
448.216 
446.577 
444.783 
443.641 
443.308 
443.763 
444.838 
446.101 
447.107 
447.646 
447.781 
447.737 
447.696 
447.88 
448.59 
449.937 
451.738 
453.61 
455.081 
455.834 
455.831 
455.121 
453.814 
452.128 
450.215 
448.052 
445.473 
442.281 
438.446 
434.2 
430.066 
427.155 
426.812 
429.629 
435.607 
444.579 
456.007 
468.98 
482.499 
495.807 
508.596 
521.057 
533.638 
546.573 
559.715 
572.493 
583.932 
593.041 
599.293 
602.814 
604.391 
605.321 
606.991 
610.389 
615.836 
622.921 
630.61 
637.567 
642.592 
645.175 
645.497 
643.758 
640.23 
635.633 
630.821 
626.433 
622.851 
620.227 
618.518 
617.527 
616.997 
616.653 
616.22 
615.474 
614.297 
612.697 
610.818 
608.944 
607.446 
606.62 
606.57 
607.496 
609.81 
613.697 
619.024 
625.451 
632.362 
638.84 
643.802 
646.413 
646.39 
643.721 
638.695 
632.254 
625.678 
620.008 
615.817 
613.242 
612.06 
611.755 
611.766 
611.684 
611.262 
610.44 
609.385 
608.442 
607.951 
608.053 
608.958 
610.978 
614.028 
617.578 
620.924 
623.333 
624.3 
623.67 
621.435 
617.787 
613.461 
609.689 
607.582 
607.578 
609.974 
614.976 
621.755 
628.62 
633.821 
636.173 
635.316 
631.487 
625.614 
619.141 
613.405 
609.791 
608.745 
609.008 
609.484 
609.847 
609.694 
608.424 
605.918 
602.938 
600.565 
599.594 
600.266 
602.575 
606.367 
611.13 
616.256 
621.331 
626.14 
630.589 
634.616 
638.14 
641.063 
643.315 
644.878 
645.804 
646.162 
645.985 
645.303 
644.169 
642.603 
640.617 
638.322 
635.978 
633.949 
632.568 
632.014 
632.331 
633.336 
634.403 
634.823 
634.319 
632.902 
630.722 
628.227 
626.331 
626.009 
627.644 
631.154 
636.167 
641.963 
647.622 
652.252 
655.21 
656.212 
655.207 
652.725 
650.174 
648.812 
649.047 
651.257 
655.91 
662.44 
669.2 
674.301 
676.398 
675.075 
670.351 
662.698 
653.539 
644.875 
638.578 
635.839 
637.002 
641.88 
649.757 
659.418 
669.486 
678.64 
685.766 
690.147 
692.015 
692.371 
691.63 
690.275 
689.648 
690.492 
692.926 
697.081 
702.676 
708.886 
714.649 
719.109 
721.872 
722.928 
722.373 
720.514 
717.907 
714.923 
711.778 
708.838 
706.596 
705.445 
705.515 
706.792 
709.062 
711.691 
713.821 
714.832 
714.534 
713.197 
711.643 
710.725 
710.761 
711.95 
714.404 
717.534 
720.337 
722.137 
722.721 
722.11 
720.652 
719.113 
718.146 
718.024 
718.81 
720.365 
722.268 
723.989 
725.158 
725.613 
725.335 
724.55 
723.759 
723.313 
723.264 
723.598 
724.224 
724.875 
725.259 
725.337 
725.278 
725.389 
726.316 
728.831 
733.439 
740.176 
748.514 
757.444 
765.825 
772.656 
776.95 
778.527 
778.366 
777.177 
775.463 
774.083 
773.57 
773.929 
774.738 
775.412 
775.712 
775.746 
775.694 
775.834 
776.703 
778.819 
782.303 
786.82 
790.703 
791.366 
787.563 
778.836 
764.286 
743.57 
717.586 
688.402 
658.867 
631.933 
609.894 
593.866 
583.645 
577.961 
575.101 
573.51 
572.224 
570.954 
569.764 
568.794 
568.144 
567.79 
567.54 
567.123 
566.353 
565.218 
563.876 
562.614 
561.757 
561.543 
562.051 
563.231 
564.537 
565 
564.121 
561.744 
557.643 
551.816 
544.718 
537.25 
530.452 
525.129 
521.649 
520.026 
520.175 
521.642 
523.552 
525.377 
527.06 
528.679 
530.382 
532.255 
534.272 
536.264 
537.725 
537.995 
536.781 
534.083 
529.991 
524.807 
519.089 
513.522 
508.69 
504.908 
502.195 
500.287 
498.727 
497.087 
495.145 
492.883 
490.445 
488.047 
485.814 
483.692 
481.402 
478.454 
474.355 
468.867 
462.113 
454.566 
446.951 
439.964 
434.025 
429.206 
425.251 
421.656 
417.863 
413.458 
408.268 
402.369 
396.011 
389.459 
382.889 
376.378 
369.952 
363.645 
357.543 
351.795 
346.593 
342.106 
338.401 
335.402 
332.885 
330.485 
327.758 
324.319 
319.964 
314.726 
308.897 
302.992 
297.569 
292.99 
289.29 
286.147 
282.967 
279.124 
274.217 
268.181 
261.296 
254.102 
247.194 
240.999 
235.674 
231.082 
226.87 
222.627 
218.042 
212.969 
207.449 
201.665 
195.846 
190.188 
184.816 
179.79 
175.096 
170.665 
166.389 
162.146 
157.826 
153.359 
148.735 
144.014 
139.313 
134.771 
130.499 
126.545 
122.876 
119.384 
115.911 
112.288 
108.384 
104.138 
99.5646 
94.75 
89.8309 
84.9699 
80.3364 
76.0909 
72.3719 
69.278 
66.8516 
65.0725 
63.8511 
63.0274 
62.3959 
61.7531 
60.9463 
59.9062 
58.6556 
57.2935 
55.9502 
54.7336 
53.7002 
52.8557 
52.1624 
51.5501 
50.9427 
50.283 
49.542 
48.7108 
47.7849 
46.751 
45.5812 
44.2466 
42.7395 
41.0838 
39.335 
37.5704 
35.8719 
34.3056 
32.9105 
31.701 
30.6832 
29.8776 
29.3538 
29.2103 
29.4966 
30.2019 
31.261 
32.5393 
33.8452 
34.9717 
35.7448 
36.0645 
35.9035 
35.2844 
34.2703 
32.9289 
31.3026 
29.4282 
27.3734 
25.2655 
23.2911 
21.6587 
20.5376 
20.013 
20.1043 
20.6972 
21.4859 
22.1122 
22.3189 
22.0153 
21.2353 
20.1009 
18.8134 
17.5872 
16.5894 
15.9022 
15.5137 
15.3293 
15.2037 
14.9829 
14.5429 
13.8149 
12.7928 
11.5325 
10.1441 
8.76602 
7.53049 
6.5319 
5.80804 
5.33533 
5.03992 
4.82618 
4.60703 
4.32324 
3.95153 
3.50539 
3.02476 
2.55404 
2.12534 
1.75333 
1.43481 
1.15476 
0.898828 
0.661549 
0.447538 
0.268424 
0.135197 
0.051388 
0.0110278 
0 
0 
0 
0 
0 
0 
0 
0 
0 
0 
0 
0 
0 
0 
0 
0 
0 
0 
0 
0 
0 
0 
0 
0 
0 
0 
0 
0 
0 
0 
0 
0 
0 
0 
0 
0 
0 
0 
0 
0 
0 
0 
0 
0 
0 
0 
0 
0 
0 
0 
0 
0 
0 
0 
0 
0 
0 
0 
0 
0 
0 
0 
0 
0 
0 
0 
0 
0 
0 
0 
0 
0 
0 
0 
0 
0 
0 
0 
0 
0 
0 
0 
0 
0 
0 
0 
0 
0 
0 
0 
0 
0 
0 
0 
0 
0 
0 
0 
0 
0 
0 
0 
0 
0 
0 
0 
0 
0 
0 
0 
0 
0 
0 
0 
0 
0 
0 
0 
0 
0 
0 
0 
0 
0 
0 
0 
0 
0 
0 
0 
0 
0 
0 
0 
0 
0 
0 
0 
0 
0 
0 
0 
0 
0 
0 
0 
0 
0 
0 
0 
0 
0 
0 
0 
0 
0 
0 
0 
0 
0 
0 
0 
0 
0 
0 
0 
0 
0 
0 
0 
0 
0 
0 
0 
0 
0 
0 
0 
0 
0 
0 
0 
0 
0 
0 
0 
0 
0 
0 
0 
0 
0 
0 
0 
0 
0 
0 
0 
0 
0 
0 
0 
0 
0 
0 
0 
0 
0 
0 
0 
0 
0 
0 
0 
0 
0 
0 
0 
0 
0 
0 
0 
0 
0 
0 
0 
0 
0 
0 
0 
0 
0 
0 
0 
0 
0 
0 
0 
0 
0 
0 
0 
0 
0 
0 
0 
0 
0 
0 
0 
0 
0 
0 
0 
0 
0 
0 
0 
0 
0 
0 
0 
0 
0 
0 
0 
0 
0 
0 
0 
0 
0 
0 
0 
0 
0 
0 
0 
0 
0 
0 
0 
0 
0 
0 
0 
0 
0 
0 
0 
0 
0 
0 
0 
0 
0 
0 
0 
0 
0 
0 
0 
0 
0 
0 
0 
0 
0 
0 
0 
0 
0 
0 
0 
0 
0 
0 
0 
0 
0 
0 
0 
0 
0 
0 
0 
0 
0 
0 
0 
0 
0 
0 
0 
0 
0 
0 
0 
0 
0 
0 
0 
0 
0 
0 
0 
0 
0 
0 
0 
0 
0 
0 
0 
0 
0 
0 
0 
0 
0 
0 
0 
0 
0 
0 
0 
0 
0 
0 
0 
0 
0 
0 
0 
0 
0 
0 
0 
0 
0 
0 
0 
0 
0 
0 
0 
0 
0 
0 
0 
0 
0 
0 
0 
0 
0 
0 
0 
0 
0 
0 
0 
0 
0 
0 
0 
0 
0 
0 
0 
0 
0 
0 
0 
0 
0 
0 
0 
0 
0 
0 
0 
0 
0 
0 
0 
0 
0 
0 
0 
0 
0 
0 
0 
0 
0 
0 
0 
0 
0 
0 
0 
0 
0 
0 
0 
0 
0 
0 
0 
0 
0 
0 
0 
0 
0 
0 
0 
0 
0 
0 
0 
0 
0 
0 
0 
0 
0 
0 
0 
0 
0 
0 
0 
0 
0 
0 
0 
0 
0 
0 
0 
0 
0 
0 
0 
0 
0 
0 
0 
0 
0 
0 
0 
0 
0 
0 
0 
0 
0 
0 
0 
0 
0 
0 
0 
0 
0 
0 
0 
0 
0 
0 
0 
0 
0 
0 
0 
0 
0 
0 
0 
0 
0 
0 
0 
0 
0 
0 
0 
0 
0 
0 
0 
0 
0 
0 
0 
0 
0 
0 
0 
0 
0 
0 
0 
0 
0 
0 
0 
0 
0 
0 
0 
0 
0 
0 
0 
0 
0 
0 
0 
0 
0 
0 
0 
0 
0 
0 
0 
0 
0 
0 
0 
0 
0 
0 
0 
0 
0 
0 
0 
0 
0 
0 
0 
0 
0 
0 
0 
0 
0 
0 
0 
0 
0 
0 
0 
0 
0 
0 
0 
0 
0 
0 
0 
0 
0 
0 
0 
0 
0 
0 
0 
0 
0 
0 
0 
0 
0 
0 
0 
0 
0 
0 
0 
0 
0 
0 
0 
0 
0 
0 
0 
0 
0 
0 
0 
0 
0 
0 
0 
0 
0 
0 
0 
0 
0 
0 
0 
0 
0 
0 
0 
0 
0 
0 
0 
0 
0 
0 
0 
0 
0 
0 
0 
0 
0 
0 
0 
0 
0 
0 
0 
0 
0 
0 
0 
0 
0 
0 
0 
0 
0 
0 
0 
0 
0 
0 
0 
0 
0 
0 
0 
0 
0 
0 
0 
0 
0 
0 
0 
0 
0 
0 
0 
0 
0 
0 
0 
0 
0 
0 
0 
0 
0 
0 
0 
0 
0 
0 
0 
0 
0 
0 
0 
0 
0 
0 
0 
0 
0 
0 
0 
0 
0 
0 
0 
0 
0 
0 
0 
0 
0 
0 
0 
0 
0 
0 
0 
0 
0 
0 
0 
0 
0 
0 
0 
0 
0 
0 
0 
0 
0 
0 
0 
0 
0 
0 
0 
0 
0 
0 
0 
0 
0 
0 
0 
0 
0 
0 
0 
0 
0 
0 
0 
0 
0 
0 
0 
0 
0 
0 
0 
0 
0 
0 
0 
0 
0 
0 
0 
0 
0 
0 
0 
0 
0 
0 
0 
0 
0 
0 
0 
0 
0 
0 
0 
0 
0 
0 
0 
0 
0 
0 
0 
0 
0 
0 
0 
0 
0 
0 
0 
0 
0 
0 
0 
0 
0 
0 
0 
0 
0 
0 
0 
0 
0 
0 
0 
0 
0 
0 
0 
0 
0 
0 
0 
0 
0 
0 
0 
0 
0 
0 
0 
0 
0 
0 
0 
0 
0 
0 
0 
0 
0 
0 
0 
0 
0 
0 
0 
0 
0 
0 
0 
0 
0 
0 
0 
0 
0 
0 
0 
0 
0 
0 
0 
0 
0 
0 
0 
0 
0 
0 
0 
0 
0 
0 
0 
0 
0 
0 
0 
0 
0 
0 
0 
0 
0 
0 
0 
0 
0 
0 
0 
0 
0 
0 
0 
0 
0 
0 
0 
0 
0 
0 
0 
0 
0 
0 
0 
0 
0 
0 
0 
0 
0 
0 
0 
0 
0 
0 
0 
0 
0 
0 
0 
0 
0 
0 
0 
0 
0 
0 
0 
0 
0 
0 
0 
0 
0 
0 
0 
0 
0 
0 
0 
0 
0 
0 
0 
0 
0 
0 
0 
0 
0 
0 
0 
0 
0 
0 
0 
0 
0 
0 
0 
0 
0 
0 
0 
0 
0 
0 
0 
0 
0 
0 
0 
0 
0 
0 
0 
0 
0 
0 
0 
0 
0 
0 
0 
0 
0 
0 
0 
0 
0 
0 
0 
0 
0 
0 
0 
0 
0 
0 
0 
0 
0 
0 
0 
0 
0 
0 
0 
0 
0 
0 
0 
0 
0 
0 
0 
0 
0 
0 
0 
0 
0 
0 
0 
0 
0 
0 
0 
0 
0 
0 
0 
0 
0 
0 
0 
0 
0 
0 
0 
0 
0 
0 
0 
0 
0 
0 
0 
0 
0 
0 
0 
0 
0 
0 
0 
0 
0 
0 
0 
0 
0 
0 
0 
0 
0 
0 
0 
0 
0 
0 
0 
0 
0 
0 
0 
0 
0 
0 
0 
0 
0 
0 
0 
0 
0 
0 
0 
0 
0 
0 
0 
0 
0 
0 
0 
0 
0 
0 
0 
0 
0 
0 
0 
0 
0 
0 
0 
0 
0 
0 
0 
0 
0 
0 
0 
0 
0 
0 
0 
0 
0 
0 
0 
0 
0 
0 
0 
0 
0 
0 
0 
0 
0 
0 
0 
0 
0 
0 
0 
0 
0 
0 
0 
0 
0 
0 
0 
0 
0 
0 
0 
0 
0 
0 
0 
0 
0 
0 
0 
0 
0 
0 
0 
0 
0 
0 
0 
0 
0 
0 
0 
0 
0 
0 
0 
0 
0 
0 
0 
0 
0 
0 
0 
0 
0 
0 
0 
0 
0 
0 
0 
0 
0 
0 
0 
0 
0 
0 
0 
0 
0 
0 
0 
0 
0 
0 
0 
0 
0 
0 
0 
0 
0 
0 
0 
0 
0 
0 
0 
0 
0 
0 
0 
0 
0 
0 
0 
0 
0 
0 
0 
0 
0 
0 
0 
0 
0 
0 
0 
0 
0 
0 
0 
0 
0 
0 
0 
0 
0 
0 
0 
0 
0 
0 
0 
0 
0 
0 
0 
0 
0 
0 
0 
0 
0 
0 
0 
0 
0 
0 
0 
0 
0 
0 
0 
0 
0 
0 
0 
0 
0 
0 
0 
0 
0 
0 
0 
0 
0 
0 
0 
0 
0 
0 
0 
0 
0 
0 
0 
0 
0 
0 
0 
0 
0 
0 
0 
0 
0 
0 
0 
0 
0 
0 
0 
0 
0 
0 
0 
0 
0 
0 
0 
0 
0 
0 
0 
0 
0 
0 
0 
0 
0 
0 
0 
0 
0 
0 
0 
0 
0 
0 
0 
0 
0 
0 
0 
0 
0 
0 
0 
0 
0 
0 
0 
0 
0 
0 
0 
0 
0 
0 
0 
0 
0 
0 
0 
0 
0 
0 
0 
0 
0 
0 
0 
0 
0 
0 
0 
0 
0 
0 
0 
0 
0 
0 
0 
0 
0 
0 
0 
0 
0 
0 
0 
0 
0 
0 
0 
0 
0 
0 
0 
0 
0 
0 
0 
0 
0 
0 
0 
0 
0 
0 
0 
0 
0 
0 
0 
0 
0 
0 
0 
0 
0 
0 
0 
0 
0 
0 
0 
0 
0 
0 
0 
0 
0 
0 
0 
0 
0 
0 
0 
0 
0 
0 
0 
0 
0 
0 
0 
0 
0 
0 
0 
0 
0 
0 
0 
0 
0 
0 
0 
0 
0 
0 
0 
0 
0 
0 
0 
0 
0 
0 
0 
0 
0 
0 
0 
0 
0 
0 
0 
0 
0 
0 
0 
0 
0 
0 
0 
0 
0 
0 
0 
0 
0 
0 
0 
0 
0 
0 
0 
0 
0 
0 
0 
0 
0 
0 
0 
0 
0 
0 
0 
0 
0 
0 
0 
0 
0 
0 
0 
0 
0 
0 
0 
0 
0 
0 
0 
0 
0 
0 
0 
0 
0 
0 
0 
0 
0 
0 
0 
0 
0 
0 
0 
0 
0 
0 
0 
0 
0 
0 
0 
0 
0 
0 
0 
0 
0 
0 
0 
0 
0 
0 
0 
0 
0 
0 
0 
0 
0 
0 
0 
0 
0 
0 
0 
0 
0 
0 
0 
0 
0 
0 
0 
0 
0 
0 
0 
0 
0 
0 
0 
0 
0 
0 
0 
0 
0 
0 
0 
0 
0 
0 
0 
0 
0 
0 
0 
0 
0 
0 
0 
0 
0 
0 
0 
0 
0 
0 
0 
0 
0 
0 
0 
0 
0 
0 
0 
0 
0 
0 
0 
0 
0 
0 
0 
0 
0 
0 
0 
0 
0 
0 
0 
0 
0 
0 
0 
0 
0 
0 
0 
0 
0 
0 
0 
0 
0 
0 
0 
0 
0 
0 
0 
0 
0 
0 
0 
0 
0 
0 
0 
0 
0 
0 
0 
0 
0 
0 
0 
0 
0 
0 
0 
0 
0 
0 
0 
0 
0 
0 
0 
0 
0 
0 
0 
0 
0 
0 
0 
0 
0 
0 
0 
0 
0 
0 
0 
0 
0 
0 
0 
0 
0 
0 
0 
0 
0 
0 
0 
0 
0 
0 
0 
0 
0 
0 
0 
0 
0 
0 
0 
0 
0 
0 
0 
0 
0 
0 
0 
0 
0 
0 
0 
0 
0 
0 
0 
0 
0 
0 
0 
0 
0 
0 
0 
0 
0 
0 
0 
0 
0 
0 
0 
0 
0 
0 
0 
0 
0 
0 
0 
0 
0 
0 
0 
0 
0 
0 
0 
0 
0 
0 
0 
0 
0 
0 
0 
0 
0 
0 
0 
0 
0 
0 
0 
0 
0 
0 
0 
0 
0 
0 
0 
0 
0 
0 
0 
0 
0 
0 
0 
0 
0 
0 
0 
0 
0 
0 
0 
0 
0 
0 
0 
0 
0 
0 
0 
0 
0 
0 
0 
0 
0 
0 
0 
0 
0 
0 
0 
0 
0 
0 
0 
0 
0 
0 
0 
0 
0 
0 
0 
0 
0 
0 
0 
0 
0 
0 
0 
0 
0 
0 
0 
0 
0 
0 
0 
0 
0 
0 
0 
0 
0 
0 
0 
0 
0 
0 
0 
0 
0 
0 
0 
0 
0 
0 
0 
0 
0 
0 
0 
0 
0 
0 
0 
0 
0 
0 
0 
0 
0 
0 
0 
0 
0 
0 
0 
0 
0 
0 
0 
0 
0 
0 
0 
0 
0 
0 
0 
0 
0 
0 
0 
0 
0 
0 
0 
0 
0 
0 
0 
0 
0 
0 
0 
0 
0 
0 
0 
0 
0 
0 
0 
0 
0 
0 
0 
0 
0 
0 
0 
0 
0 
0 
0 
0 
0 
0 
0 
0 
0 
0 
0 
0 
0 
0 
0 
0 
0 
0 
0 
0 
0 
0 
0 
0 
0 
0 
0 
0 
0 
0 
0 
0 
0 
0 
0 
0 
0 
0 
0 
0 
0 
0 
0 
0 
0 
0 
0 
0 
0 
0 
0 
0 
0 
0 
0 
0 
0 
0 
0 
0 
0 
0 
0 
0 
0 
0 
0 
0 
0 
0 
0 
0 
0 
0 
0 
0 
0 
0 
0 
0 
0 
0 
0 
0 
0 
0 
0 
0 
0 
0 
0 
0 
0 
0 
0 
0 
0 
0 
0 
0 
0 
0 
0 
0 
0 
0 
0 
0 
0 
0 
0 
0 
0 
0 
0 
0 
0 
0 
0 
0 
0 
0 
0 
0 
0 
0 
0 
0 
0 
0 
0 
0 
0 
0 
0 
0 
0 
0 
0 
0 
0 
0 
0 
0 
0 
0 
0 
0 
0 
0 
0 
0 
0 
0 
0 
0 
0 
0 
0 
0 
0 
0 
0 
0 
0 
0 
0 
0 
0 
0 
0 
0 
0 
0 
0 
0 
0 
0 
0 
0 
0 
0 
0 
0 
0 
0 
0 
0 
0 
0 
0 
0 
0 
0 
0 
0 
0 
0 
0 
0 
0 
0 
0 
0 
0 
0 
0 
0 
0 
0 
0 
0 
0 
0 
0 
0 
0 
0 
0 
0 
0 
0 
0 
0 
0 
0 
0 
0 
0 
0 
0 
0 
0 
0 
0 
0 
0 
0 
0 
0 
0 
0 
0 
0 
0 
0 
0 
0 
0 
0 
0 
0 
0 
0 
0 
0 
0 
0 
0 
0 
0 
0 
0 
0 
0 
0 
0 
0 
0 
0 
0 
0 
0 
0 
0 
0 
0 
0 
0 
0 
0 
0 
0 
0 
0 
0 
0 
0 
0 
0 
0 
0 
0 
0 
0 
0 
0 
0 
0 
0 
0 
0 
0 
0 
0 
0 
0 
0 
0 
0 
0 
0 
0 
0 
0 
0 
0 
0 
0 
0 
0 
0 
0 
0 
0 
0 
0 
0 
0 
0 
0 
0 
0 
0 
0 
0 
0 
0 
0 
0 
0 
0 
0 
0 
0 
0 
0 
0 
0 
0 
0 
0 
0 
0 
0 
0 
0 
0 
0 
0 
0 
0 
0 
0 
0 
0 
0 
0 
0 
0 
0 
0 
0 
0 
0 
0 
0 
0 
0 
0 
0 
0 
0 
0 
0 
0 
0 
0 
0 
0 
0 
0 
0 
0 
0 
0 
0 
0 
0 
0 
0 
0 
0 
0 
0 
0 
0 
0 
0 
0 
0 
0 
0 
0 
0 
0 
0 
0 
0 
0 
0 
0 
0 
0 
0 
0 
0 
0 
0 
0 
0 
0 
0 
0 
0 
0 
0 
0 
0 
0 
0 
0 
0 
0 
0 
0 
0 
0 
0 
0 
0 
0 
0 
0 
0 
0 
0 
0 
0 
0 
0 
0 
0 
0 
0 
0 
0 
0 
0 
0 
0 
0 
0 
0 
0 
0 
0 
0 
0 
0 
0 
0 
0 
0 
0 
0 
0 
0 
0 
0 
0 
0 
0 
0 
0 
0 
0 
0 
0 
0 
0 
0 
0 
0 
0 
0 
0 
0 
0 
0 
0 
0 
0 
0 
0 
0 
0 
0 
0 
0 
0 
0 
0 
0 
0 
0 
0 
0 
0 
0 
0 
0 
0 
0 
0 
0 
0 
0 
0 
0 
0 
0 
0 
0 
0 
0 
0 
0 
0 
0 
0 
0 
0 
0 
0 
0 
0 
0 
0 
0 
0 
0 
0 
0 
0 
0 
0 
0 
0 
0 
0 
0 
0 
0 
0 
0 
0 
0 
0 
0 
0 
0 
0 
0 
0 
0 
0 
0 
0 
0 
0 
0 
0 
0 
0 
0 
0 
0 
0 
0 
0 
0 
0 
0 
0 
0 
0 
0 
0 
0 
0 
0 
0 
0 
0 
0 
0 
0 
0 
0 
0 
0 
0 
0 
0 
0 
0 
0 
0 
0 
0 
0 
0 
0 
0 
0 
0 
0 
0 
0 
0 
0 
0 
0 
0 
0 
0 
0 
0 
0 
0 
0 
0 
0 
0 
0 
0 
0 
0 
0 
0 
0 
0 
0 
0 
0 
0 
0 
0 
0 
0 
0 
0 
0 
0 
0 
0 
0 
0 
0 
0 
0 
0 
0 
0 
0 
0 
0 
0 
0 
0 
0 
0 
0 
0 
0 
0 
0 
0 
0 
0 
0 
0 
0 
0 
0 
0 
0 
0 
0 
0 
0 
0 
0 
0 
0 
0 
0 
0 
0 
0 
0 
0 
0 
0 
0 
0 
0 
0 
0 
0 
0 
0 
0 
0 
0 
0 
0 
0 
0 
0 
0 
0 
0 
0 
0 
0 
0 
0 
0 
0 
0 
0 
0 
0 
0 
0 
0 
0 
0 
0 
0 
0 
0 
0 
0 
0 
0 
0 
0 
0 
0 
0 
0 
0 
0 
0 
0 
0 
0 
0 
0 
0 
0 
0 
0 
0 
0 
0 
0 
0 
0 
0 
0 
0 
0 
0 
0 
0 
0 
0 
0 
0 
0 
0 
0 
0 
0 
0 
0 
0 
0 
0 
0 
0 
0 
0 
0 
0 
0 
0 
0 
0 
0 
0 
0 
0 
0 
0 
0 
0 
0 
0 
0 
0 
0 
0 
0 
0 
0 
0 
0 
0 
0 
0 
0 
0 
0 
0 
0 
0 
0 
0 
0 
0 
0 
0 
0 
0 
0 
0 
0 
0 
0 
0 
0 
0 
0 
0 
0 
0 
0 
0 
0 
0 
0 
0 
0 
0 
0 
0 
0 
0 
0 
0 
0 
0 
0 
0 
0 
0 
0 
0 
0 
0 
0 
0 
0 
0 
0 
0 
0 
0 
0 
0 
0 
0 
0 
0 
0 
0 
0 
0 
0 
0 
0 
0 
0 
0 
0 
0 
0 
0 
0 
0 
0 
0 
0 
0 
0 
0 
0 
0 
0 
0 
0 
0 
0 
0 
0 
0 
0 
0 
0 
0 
0 
0 
0 
0 
0 
0 
0 
0 
0 
0 
0 
0 
0 
0 
0 
0 
0 
0 
0 
0 
0 
0 
0 
0 
0 
0 
0 
0 
0 
0 
0 
0 
0 
0 
0 
0 
0 
0 
0 
0 
0 
0 
0 
0 
0 
0 
0 
0 
0 
0 
0 
0 
0 
0 
0 
0 
0 
0 
0 
0 
0 
0 
0 
0 
0 
0 
0 
0 
0 
0 
0 
0 
0 
0 
0 
0 
0 
0 
0 
0 
0 
0 
0 
0 
0 
0 
0 
0 
0 
0 
0 
0 
0 
0 
0 
0 
0 
0 
0 
0 
0 
0 
0 
0 
0 
0 
0 
0 
0 
0 
0 
0 
0 
0 
0 
0 
0 
0 
0 
0 
0 
0 
0 
0 
0 
0 
0 
0 
0 
0 
0 
0 
0 
0 
0 
0 
0 
0 
0 
0 
0 
0 
0 
0 
0 
0 
0 
0 
0 
0 
0 
0 
0 
0 
0 
0 
0 
0 
0 
0 
0 
0 
0 
0 
0 
0 
0 
0 
0 
0 
0 
0 
0 
0 
0 
0 
0 
0 
0 
0 
0 
0 
0 
0 
0 
0 
0 
0 
0 
0 
0 
0 
0 
0 
0 
0 
0 
0 
0 
0 
0 
0 
0 
0 
0 
0 
0 
0 
0 
0 
0 
0 
0 
0 
0 
0 
0 
0 
0 
0 
0 
0 
0 
0 
0 
0 
0 
0 
0 
0 
0 
0 
0 
0 
0 
0 
0 
0 
0 
0 
0 
0 
0 
0 
0 
0 
0 
0 
0 
0 
0 
0 
0 
0 
0 
0 
0 
0 
0 
0 
0 
0 
0 
0 
0 
0 
0 
0 
0 
0 
0 
0 
0 
0 
0 
0 
0 
0 
0 
0 
0 
0 
0 
0 
0 
0 
0 
0 
0 
0 
0 
0 
0 
0 
0 
0 
0 
0 
0 
0 
0 
0 
0 
0 
0 
0 
0 
0 
0 
0 
0 
0 
0 
0 
0 
0 
0 
0 
0 
0 
0 
0 
0 
0 
0 
0 
0 
0 
0 
0 
0 
0 
0 
0 
0 
0 
0 
0 
0 
0 
0 
0 
0 
0 
0 
0 
0 
0 
0 
0 
0 
0 
0 
0 
0 
0 
0 
0 
0 
0 
0 
0 
0 
0 
0 
0 
0 
0 
0 
0 
0 
0 
0 
0 
0 
0 
0 
0 
0 
0 
0 
0 
0 
0 
0 
0 
0 
0 
0 
0 
0 
0 
0 
0 
0 
0 
0 
0 
0 
0 
0 
0 
0 
0 
0 
0 
0 
0 
0 
0 
0 
0 
0 
0 
0 
0 
0 
0 
0 
0 
0 
0 
0 
0 
0 
0 
0 
0 
0 
0 
0 
0 
0 
0 
0 
0 
0 
0 
0 
0 
0 
0 
0 
0 
0 
0 
0 
0 
0 
0 
0 
0 
0 
0 
0 
0 
0 
0 
0 
0 
0 
0 
0 
0 
0 
0 
0 
0 
0 
0 
0 
0 
0 
0 
0 
0 
0 
0 
0 
0 
0 
0 
0 
0 
0 
0 
0 
0 
0 
0 
0 
0 
0 
0 
0 
0 
0 
0 
0 
0 
0 
0 
0 
0 
0 
0 
0 
0 
0 
0 
0 
0 
0 
0 
0 
0 
0 
0 
0 
0 
0 
0 
0 
0 
0 
0 
0 
0 
0 
0 
0 
0 
0 
0 
0 
0 
0 
0 
0 
0 
0 
0 
0 
0 
0 
0 
0 
0 
0 
0 
0 
0 
0 
0 
0 
0 
0 
0 
0 
0 
0 
0 
0 
0 
0 
0 
0 
0 
0 
0 
0 
0 
0 
0 
0 
0 
0 
0 
0 
0 
0 
0 
0 
0 
0 
0 
0 
0 
0 
0 
0 
0 
0 
0 
0 
0 
0 
0 
0 
0 
0 
0 
0 
0 
0 
0 
0 
0 
0 
0 
0 
0 
0 
0 
0 
0 
0 
0 
0 
0 
0 
0 
0 
0 
0 
0 
0 
0 
0 
0 
0 
0 
0 
0 
0 
0 
0 
0 
0 
0 
0 
0 
0 
0 
0 
0 
0 
0 
0 
0 
0 
0 
0 
0 
0 
0 
0 
0 
0 
0 
0 
0 
0 
0 
0 
0 
0 
0 
0 
0 
0 
0 
0 
0 
0 
0 
0 
0 
0 
0 
0 
0 
0 
0 
0 
0 
0 
0 
0 
0 
0 
0 
0 
0 
0 
0 
0 
0 
0 
0 
0 
0 
0 
0 
0 
0 
0 
0 
0 
0 
0 
0 
0 
0 
0 
0 
0 
0 
0 
0 
0 
0 
0 
0 
0 
0 
0 
0 
0 
0 
0 
0 
0 
0 
0 
0 
0 
0 
0 
0 
0 
0 
0 
0 
0 
0 
0 
0 
0 
0 
0 
0 
0 
0 
0 
0 
0 
0 
0 
0 
0 
0 
0 
0 
0 
0 
0 
0 
0 
0 
0 
0 
0 
0 
0 
0 
0 
0 
0 
0 
0 
0 
0 
0 
0 
0 
0 
0 
0 
0 
0 
0 
0 
0 
0 
0 
0 
0 
0 
0 
0 
0 
0 
0 
0 
0 
0 
0 
0 
0 
0 
0 
0 
0 
0 
0 
0 
0 
0 
0 
0 
0 
0 
0 
0 
0 
0 
0 
0 
0 
0 
0 
0 
0 
0 
0 
0 
0 
0 
0 
0 
0 
0 
0 
0 
0 
0 
0 
0 
0 
0 
0 
0 
0 
0 
0 
0 
0 
0 
0 
0 
0 
0 
0 
0 
0 
0 
0 
0 
0 
0 
0 
0 
0 
0 
0 
0 
0 
0 
0 
0 
0 
0 
0 
0 
0 
0 
0 
0 
0 
0 
0 
0 
0 
0 
0 
0 
0 
0 
0 
0 
0 
0 
0 
0 
0 
0 
0 
0 
0 
0 
0 
0 
0 
0 
0 
0 
0 
0 
0 
0 
0 
0 
0 
0 
0 
0 
0 
0 
0 
0 
0 
0 
0 
0 
0 
0 
0 
0 
0 
0 
0 
0 
0 
0 
0 
0 
0 
0 
0 
0 
0 
0 
0 
0 
0 
0 
0 
0 
0 
0 
0 
0 
0 
0 
0 
0 
0 
0 
0 
0 
0 
0 
0 
0 
0 
0 
0 
0 
0 
0 
0 
0 
0 
0 
0 
0 
0 
0 
0 
0 
0 
0 
0 
0 
0 
0 
0 
0 
0 
0 
0 
0 
0 
0 
0 
0 
0 
0 
0 
0 
0 
0 
0 
0 
0 
0 
0 
0 
0 
0 
0 
0 
0 
0 
0 
0 
0 
0 
0 
0 
0 
0 
0 
0 
0 
0 
0 
0 
0 
0 
0 
0 
0 
0 
0 
0 
0 
0 
0 
0 
0 
0 
0 
0 
0 
0 
0 
0 
0 
0 
0 
0 
0 
0 
0 
0 
0 
0 
0 
0 
0 
0 
0 
0 
0 
0 
0 
0 
0 
0 
0 
0 
0 
0 
0 
0 
0 
0 
0 
0 
0 
0 
0 
0 
0 
0 
0 
0 
0 
0 
0 
0 
0 
0 
0 
0 
0 
0 
0 
0 
0 
0 
0 
0 
0 
0 
0 
0 
0 
0 
0 
0 
0 
0 
0 
0 
0 
0 
0 
0 
0 
0 
0 
0 
0 
0 
0 
0 
0 
0 
0 
0 
0 
0 
0 
0 
0 
0 
0 
0 
0 
0 
0 
0 
0 
0 
0 
0 
0 
0 
0 
0 
0 
0 
0 
0 
0 
0 
0 
0 
0 
0 
0 
0 
0 
0 
0 
0 
0 
0 
0 
0 
0 
0 
0 
0 
0 
0 
0 
0 
0 
0 
0 
0 
0 
0 
0 
0 
0 
0 
0 
0 
0 
0 
0 
0 
0 
0 
0 
0 
0 
0 
0 
0 
0 
0 
0 
0 
0 
0 
0 
0 
0 
0 
0 
0 
0 
0 
0 
0 
0 
0 
0 
0 
0 
0 
0 
0 
0 
0 
0 
0 
0 
0 
0 
0 
0 
0 
0 
0 
0 
0 
0 
0 
0 
0 
0 
0 
0 
0 
0 
0 
0 
0 
0 
0 
0 
0 
0 
0 
0 
0 
0 
0 
0 
0 
0 
0 
0 
0 
0 
0 
0 
0 
0 
0 
0 
0 
0 
0 
0 
0 
0 
0 
0 
0 
0 
0 
0 
0 
0 
0 
0 
0 
0 
0 
0 
0 
0 
0 
0 
0 
0 
0 
0 
0 
0 
0 
0 
0 
0 
0 
0 
0 
0 
0 
0 
0 
0 
0 
0 
0 
0 
0 
0 
0 
0 
0 
0 
0 
0 
0 
0 
0 
0 
0 
0 
0 
0 
0 
0 
0 
0 
0 
0 
0 
0 
0 
0 
0 
0 
0 
0 
0 
0 
0 
0 
0 
0 
0 
0 
0 
0 
0 
0 
0 
0 
0 
0 
0 
0 
0 
0 
0 
0 
0 
0 
0 
0 
0 
0 
0 
0 
0 
0 
0 
0 
0 
0 
0 
0 
0 
0 
0 
0 
0 
0 
0 
0 
0 
0 
0 
0 
0 
0 
0 
0 
0 
0 
0 
0 
0 
0 
0 
0 
0 
0 
0 
0 
0 
0 
0 
0 
0 
0 
0 
0 
0 
0 
0 
0 
0 
0 
0 
0 
0 
0 
0 
0 
0 
0 
0 
0 
0 
0 
0 
0 
0 
0 
0 
0 
0 
0 
0 
0 
0 
0 
0 
0 
0 
0 
0 
0 
0 
0 
0 
0 
0 
0 
0 
0 
0 
0 
0 
0 
0 
0 
0 
0 
0 
0 
0 
0 
0 
0 
0 
0 
0 
0 
0 
0 
0 
0 
0 
0 
0 
0 
0 
0 
0 
0 
0 
0 
0 
0 
0 
0 
0 
0 
0 
0 
0 
0 
0 
0 
0 
0 
0 
0 
0 
0 
0 
0 
0 
0 
0 
0 
0 
0 
0 
0 
0 
0 
0 
0 
0 
0 
0 
0 
0 
0 
0 
0 
0 
0 
0 
0 
0 
0 
0 
0 
0 
0 
0 
0 
0 
0 
0 
0 
0 
0 
0 
0 
0 
0 
0 
0 
0 
0 
0 
0 
0 
0 
0 
0 
0 
0 
0 
0 
0 
0 
0 
0 
0 
0 
0 
0 
0 
0 
0 
0 
0 
0 
0 
0 
0 
0 
0 
0 
0 
0 
0 
0 
0 
0 
0 
0 
0 
0 
0 
0 
0 
0 
0 
0 
0 
0 
0 
0 
0 
0 
0 
0 
0 
0 
0 
0 
0 
0 
0 
0 
0 
0 
0 
0 
0 
0 
0 
0 
0 
0 
0 
0 
0 
0 
0 
0 
0 
0 
0 
0 
0 
0 
0 
0 
0 
0 
0 
0 
0 
0 
0 
0 
0 
0 
0 
0 
0 
0 
0 
0 
0 
0 
0 
0 
0 
0 
0 
0 
0 
0 
0 
0 
0 
0 
0 
0 
0 
0 
0 
0 
0 
0 
0 
0 
0 
0 
0 
0 
0 
0 
0 
0 
0 
0 
0 
0 
0 
0 
0 
0 
0 
0 
0 
0 
0 
0 
0 
0 
0 
0 
0 
0 
0 
0 
0 
0 
0 
0 
0 
0 
0 
0 
0 
0 
0 
0 
0 
0 
0 
0 
0 
0 
0 
0 
0 
0 
0 
0 
0 
0 
0 
0 
0 
0 
0 
0 
0 
0 
0 
0 
0 
0 
0 
0 
0 
0 
0 
0 
0 
0 
0 
0 
0 
0 
0 
0 
0 
0 
0 
0 
0 
0 
0 
0 
0 
0 
0 
0 
0 
0 
0 
0 
0 
0 
0 
0 
0 
0 
0 
0 
0 
0 
0 
0 
0 
0 
0 
0 
0 
0 
0 
0 
0 
0 
0 
0 
0 
0 
0 
0 
0 
0 
0 
0 
0 
0 
0 
0 
0 
0 
0 
0 
0 
0 
0 
0 
0 
0 
0 
0 
0 
0 
0 
0 
0 
0 
0 
0 
0 
0 
0 
0 
0 
0 
0 
0 
0 
0 
0 
0 
0 
0 
0 
0 
0 
0 
0 
0 
0 
0 
0 
0 
0 
0 
0 
0 
0 
0 
0 
0 
0 
0 
0 
0 
0 
0 
0 
0 
0 
0 
0 
0 
0 
0 
0 
0 
0 
0 
0 
0 
0 
0 
0 
0 
0 
0 
0 
0 
0 
0 
0 
0 
0 
0 
0 
0 
0 
0 
0 
0 
0 
0 
0 
0 
0 
0 
0 
0 
0 
0 
0 
0 
0 
0 
0 
0 
0 
0 
0 
0 
0 
0 
0 
0 
0 
0 
0 
0 
0 
0 
0 
0 
0 
0 
0 
0 
0 
0 
0 
0 
0 
0 
0 
0 
0 
0 
0 
0 
0 
0 
0 
0 
0 
0 
0 
0 
0 
0 
0 
0 
0 
0 
0 
0 
0 
0 
0 
0 
0 
0 
0 
0 
0 
0 
0 
0 
0 
0 
0 
0 
0 
0 
0 
0 
0 
0 
0 
0 
0 
0 
0 
0 
0 
0 
0 
0 
0 
0 
0 
0 
0 
0 
0 
0 
0 
0 
0 
0 
0 
0 
0 
0 
0 
0 
0 
0 
0 
0 
0 
0 
0 
0 
0 
0 
0 
0 
0 
0 
0 
0 
0 
0 
0 
0 
0 
0 
0 
0 
0 
0 
0 
0 
0 
0 
0 
0 
0 
0 
0 
0 
0 
0 
0 
0 
0 
0 
0 
0 
0 
0 
0 
0 
0 
0 
0 
0 
0 
0 
0 
0 
0 
0 
0 
0 
0 
0 
0 
0 
0 
0 
0 
0 
0 
0 
0 
0 
0 
0 
0 
0 
0 
0 
0 
0 
0 
0 
0 
0 
0 
0 
0 
0 
0 
0 
0 
0 
0 
0 
0 
0 
0 
0 
0 
0 
0 
0 
0 
0 
0 
0 
0 
0 
0 
0 
0 
0 
0 
0 
0 
0 
0 
0 
0 
0 
0 
0 
0 
0 
0 
0 
0 
0 
0 
0 
0 
0 
0 
0 
0 
0 
0 
0 
0 
0 
0 
0 
0 
0 
0 
0 
0 
0 
0 
0 
0 
0 
0 
0 
0 
0 
0 
0 
0 
0 
0 
0 
0 
0 
0 
0 
0 
0 
0 
0 
0 
0 
0 
0 
0 
0 
0 
0 
0 
0 
0 
0 
0 
0 
0 
0 
0 
0 
0 
0 
0 
0 
0 
0 
0 
0 
0 
0 
0 
0 
0 
0 
0 
0 
0 
0 
0 
0 
0 
0 
0 
0 
0 
0 
0 
0 
0 
0 
0 
0 
0 
0 
0 
0 
0 
0 
0 
0 
0 
0 
0 
0 
0 
0 
0 
0 
0 
0 
0 
0 
0 
0 
0 
0 
0 
0 
0 
0 
0 
0 
0 
0 
0 
0 
0 
0 
0 
0 
0 
0 
0 
0 
0 
0 
0 
0 
0 
0 
0 
0 
0 
0 
0 
0 
0 
0 
0 
0 
0 
0 
0 
0 
0 
0 
0 
0 
0 
0 
0 
0 
0 
0 
0 
0 
0 
0 
0 
0 
0 
0 
0 
0 
0 
0 
0 
0 
0 
0 
0 
0 
0 
0 
0 
0 
0 
0 
0 
0 
0 
0 
0 
0 
0 
0 
0 
0 
0 
0 
0 
0 
0 
0 
0 
0 
0 
0 
0 
0 
0 
0 
0 
0 
0 
0 
0 
0 
0 
0 
0 
0 
0 
0 
0 
0 
0 
0 
0 
0 
0 
0 
0 
0 
0 
0 
0 
0 
0 
0 
0 
0 
0 
0 
0 
0 
0 
0 
0 
0 
0 
0 
0 
0 
0 
0 
0 
0 
0 
0 
0 
0 
0 
0 
0 
0 
0 
0 
0 
0 
0 
0 
0 
0 
0 
0 
0 
0 
0 
0 
0 
0 
0 
0 
0 
0 
0 
0 
0 
0 
0 
0 
0 
0 
0 
0 
0 
0 
0 
0 
0 
0 
0 
0 
0 
0 
0 
0 
0 
0 
0 
0 
0 
0 
0 
0 
0 
0 
0 
0 
0 
0 
0 
0 
0 
0 
0 
0 
0 
0 
0 
0 
0 
0 
0 
0 
0 
0 
0 
0 
0 
0 
0 
0 
0 
0 
0 
0 
0 
0 
0 
0 
0 
0 
0 
0 
0 
0 
0 
0 
0 
0 
0 
0 
0 
0 
0 
0 
0 
0 
0 
0 
0 
0 
0 
0 
0 
0 
0 
0 
0 
0 
0 
0 
0 
0 
0 
0 
0 
0 
0 
0 
0 
0 
0 
0 
0 
0 
0 
0 
0 
0 
0 
0 
0 
0 
0 
0 
0 
0 
0 
0 
0 
0 
0 
0 
0 
0 
0 
0 
0 
0 
0 
0 
0 
0 
0 
0 
0 
0 
0 
0 
0 
0 
0 
0 
0 
0 
0 
0 
0 
0 
0 
0 
0 
0 
0 
0 
0 
0 
0 
0 
0 
0 
0 
0 
0 
0 
0 
0 
0 
0 
0 
0 
0 
0 
0 
0 
0 
0 
0 
0 
0 
0 
0 
0 
0 
0 
0 
0 
0 
0 
0 
0 
0 
0 
0 
0 
0 
0 
0 
0 
0 
0 
0 
0 
0 
0 
0 
0 
0 
0 
0 
0 
0 
0 
0 
0 
0 
0 
0 
0 
0 
0 
0 
0 
0 
0 
0 
0 
0 
0 
0 
0 
0 
0 
0 
0 
0 
0 
0 
0 
0 
0 
0 
0 
0 
0 
0 
0 
0 
0 
0 
0 
0 
0 
0 
0 
0 
0 
0 
0 
0 
0 
0 
0 
0 
0 
0 
0 
0 
0 
0 
0 
0 
0 
0 
0 
0 
0 
0 
0 
0 
0 
0 
0 
0 
0 
0 
0 
0 
0 
0 
0 
0 
0 
0 
0 
0 
0 
0 
0 
0 
0 
0 
0 
0 
0 
0 
0 
0 
0 
0 
0 
0 
0 
0 
0 
0 
0 
0 
0 
0 
0 
0 
0 
0 
0 
0 
0 
0 
0 
0 
0 
0 
0 
0 
0 
0 
0 
0 
0 
0 
0 
0 
0 
0 
0 
0 
0 
0 
0 
0 
0 
0 
0 
0 
0 
0 
0 
0 
0 
0 
0 
0 
0 
0 
0 
0 
0 
0 
0 
0 
0 
0 
0 
0 
0 
0 
0 
0 
0 
0 
0 
0 
0 
0 
0 
0 
0 
0 
0 
0 
0 
0 
0 
0 
0 
0 
0 
0 
0 
0 
0 
0 
0 
0 
0 
0 
0 
0 
0 
0 
0 
0 
0 
0 
0 
0 
0 
0 
0 
0 
0 
0 
0 
0 
0 
0 
0 
0 
0 
0 
0 
0 
0 
0 
0 
0 
0 
0 
0 
0 
0 
0 
0 
0 
0 
0 
0 
0 
0 
0 
0 
0 
0 
0 
0 
0 
0 
0 
0 
0 
0 
0 
0 
0 
0 
0 
0 
0 
0 
0 
0 
0 
0 
0 
0 
0 
0 
0 
0 
0 
0 
0 
0 
0 
0 
0 
0 
0 
0 
0 
0 
0 
0 
0 
0 
0 
0 
0 
0 
0 
0 
0 
0 
0 
0 
0 
0 
0 
0 
0 
0 
0 
0 
0 
0 
0 
0 
0 
0 
0 
0 
0 
0 
0 
0 
0 
0 
0 
0 
0 
0 
0 
0 
0 
0 
0 
0 
0 
0 
0 
0 
0 
0 
0 
0 
0 
0 
0 
0 
0 
0 
0 
0 
0 
0 
0 
0 
0 
0 
0 
0 
0 
0 
0 
0 
0 
0 
0 
0 
0 
0 
0 
0 
0 
0 
0 
0 
0 
0 
0 
0 
0 
0 
0 
0 
0 
0 
0 
0 
0 
0 
0 
0 
0 
0 
0 
0 
0 
0 
0 
0 
0 
0 
0 
0 
0 
0 
0 
0 
0 
0 
0 
0 
0 
0 
0 
0 
0 
0 
0 
0 
0 
0 
0 
0 
0 
0 
0 
0 
0 
0 
0 
0 
0 
0 
0 
0 
0 
0 
0 
0 
0 
0 
0 
0 
0 
0 
0 
0 
0 
0 
0 
0 
0 
0 
0 
0 
0 
0 
0 
0 
0 
0 
0 
0 
0 
0 
0 
0 
0 
0 
0 
0 
0 
0 
0 
0 
0 
0 
0 
0 
0 
0 
0 
0 
0 
0 
0 
0 
0 
0 
0 
0 
0 
0 
0 
0 
0 
0 
0 
0 
0 
0 
0 
0 
0 
0 
0 
0 
0 
0 
0 
0 
0 
0 
0 
0 
0 
0 
0 
0 
0 
0 
0 
0 
0 
0 
0 
0 
0 
0 
0 
0 
0 
0 
0 
0 
0 
0 
0 
0 
0 
0 
0 
0 
0 
0 
0 
0 
0 
0 
0 
0 
0 
0 
0 
0 
0 
0 
0 
0 
0 
0 
0 
0 
0 
0 
0 
0 
0 
0 
0 
0 
0 
0 
0 
0 
0 
0 
0 
0 
0 
0 
0 
0 
0 
0 
0 
0 
0 
0 
0 
0 
0 
0 
0 
0 
0 
0 
0 
0 
0 
0 
0 
0 
0 
0 
0 
0 
0 
0 
0 
0 
0 
0 
0 
0 
0 
0 
0 
0 
0 
0 
0 
0 
0 
0 
0 
0 
0 
0 
0 
0 
0 
0 
0 
0 
0 
0 
0 
0 
0 
0 
0 
0 
0 
0 
0 
0 
0 
0 
0 
0 
0 
0 
0 
0 
0 
0 
0 
0 
0 
0 
0 
0 
0 
0 
0 
0 
0 
0 
0 
0 
0 
0 
0 
0 
0 
0 
0 
0 
0 
0 
0 
0 
0 
0 
0 
0 
0 
0 
0 
0 
0 
0 
0 
0 
0 
0 
0 
0 
0 
0 
0 
0 
0 
0 
0 
0 
0 
0 
0 
0 
0 
0 
0 
0 
0 
0 
0 
0 
0 
0 
0 
0 
0 
0 
0 
0 
0 
0 
0 
0 
0 
0 
0 
0 
0 
0 
0 
0 
0 
0 
0 
0 
0 
0 
0 
0 
0 
0 
0 
0 
0 
0 
0 
0 
0 
0 
0 
0 
0 
0 
0 
0 
0 
0 
0 
0 
0 
0 
0 
0 
0 
0 
0 
0 
0 
0 
0 
0 
0 
0 
0 
0 
0 
0 
0 
0 
0 
0 
0 
0 
0 
0 
0 
0 
0 
0 
0 
0 
0 
0 
0 
0 
0 
0 
0 
0 
0 
0 
0 
0 
0 
0 
0 
0 
0 
0 
0 
0 
0 
0 
0 
0 
0 
0 
0 
0 
0 
0 
0 
0 
0 
0 
0 
0 
0 
0 
0 
0 
0 
0 
0 
0 
0 
0 
0 
0 
0 
0 
0 
0 
0 
0 
0 
0 
0 
0 
0 
0 
0 
0 
0 
0 
0 
0 
0 
0 
0 
0 
0 
0 
0 
0 
0 
0 
0 
0 
0 
0 
0 
0 
0 
0 
0 
0 
0 
0 
0 
0 
0 
0 
0 
0 
0 
0 
0 
0 
0 
0 
0 
0 
0 
0 
0 
0 
0 
0 
0 
0 
0 
0 
0 
0 
0 
0 
0 
0 
0 
0 
0 
0 
0 
0 
0 
0 
0 
0 
0 
0 
0 
0 
0 
0 
0 
0 
0 
0 
0 
0 
0 
0 
0 
0 
0 
0 
0 
0 
0 
0 
0 
0 
0 
0 
0 
0 
0 
0 
0 
0 
0 
0 
0 
0 
0 
0 
0 
0 
0 
0 
0 
0 
0 
0 
0 
0 
0 
0 
0 
0 
0 
0 
0 
0 
0 
0 
0 
0 
0 
0 
0 
0 
0 
0 
0 
0 
0 
0 
0 
0 
0 
0 
0 
0 
0 
0 
0 
0 
0 
0 
0 
0 
0 
0 
0 
0 
0 
0 
0 
0 
0 
0 
0 
0 
0 
0 
0 
0 
0 
0 
0 
0 
0 
0 
0 
0 
0 
0 
0 
0 
0 
0 
0 
0 
0 
0 
0 
0 
0 
0 
0 
0 
0 
0 
0 
0 
0 
0 
0 
0 
0 
0 
0 
0 
0 
0 
0 
0 
0 
0 
0 
0 
0 
0 
0 
0 
0 
0 
0 
0 
0 
0 
0 
0 
0 
0 
0 
0 
0 
0 
0 
0 
0 
0 
0 
0 
0 
0 
0 
0 
0 
0 
0 
0 
0 
0 
0 
0 
0 
0 
0 
0 
0 
0 
0 
0 
0 
0 
0 
0 
0 
0 
0 
0 
0 
0 
0 
0 
0 
0 
0 
0 
0 
0 
0 
0 
0 
0 
0 
0 
0 
0 
0 
0 
0 
0 
0 
0 
0 
0 
0 
0 
0 
0 
0 
0 
0 
0 
0 
0 
0 
0 
0 
0 
0 
0 
0 
0 
0 
0 
0 
0 
0 
0 
0 
0 
0 
0 
0 
0 
0 
0 
0 
0 
0 
0 
0 
0 
0 
0 
0 
0 
0 
0 
0 
0 
0 
0 
0 
0 
0 
0 
0 
0 
0 
0 
0 
0 
0 
0 
0 
0 
0 
0 
0 
0 
0 
0 
0 
0 
0 
0 
0 
0 
0 
0 
0 
0 
0 
0 
0 
0 
0 
0 
0 
0 
0 
0 
0 
0 
0 
0 
0 
0 
0 
0 
0 
0 
0 
0 
0 
0 
0 
0 
0 
0 
0 
0 
0 
0 
0 
0 
0 
0 
0 
0 
0 
0 
0 
0 
0 
0 
0 
0 
0 
0 
0 
0 
0 
0 
0 
0 
0 
0 
0 
0 
0 
0 
0 
0 
0 
0 
0 
0 
0 
0 
0 
0 
0 
0 
0 
0 
0 
0 
0 
0 
0 
0 
0 
0 
0 
0 
0 
0 
0 
0 
0 
0 
0 
0 
0 
0 
0 
0 
0 
0 
0 
0 
0 
0 
0 
0 
0 
0 
0 
0 
0 
0 
0 
0 
0 
0 
0 
0 
0 
0 
0 
0 
0 
0 
0 
0 
0 
0 
0 
0 
0 
0 
0 
0 
0 
0 
0 
0 
0 
0 
0 
0 
0 
0 
0 
0 
0 
0 
0 
0 
0 
0 
0 
0 
0 
0 
0 
0 
0 
0 
0 
0 
0 
0 
0 
0 
0 
0 
0 
0 
0 
0 
0 
0 
0 
0 
0 
0 
0 
0 
0 
0 
0 
0 
0 
0 
0 
0 
0 
0 
0 
0 
0 
0 
0 
0 
0 
0 
0 
0 
0 
0 
0 
0 
0 
0 
0 
0 
0 
0 
0 
0 
0 
0 
0 
0 
0 
0 
0 
0 
0 
0 
0 
0 
0 
0 
0 
0 
0 
0 
0 
0 
0 
0 
0 
0 
0 
0 
0 
0 
0 
0 
0 
0 
0 
0 
0 
0 
0 
0 
0 
0 
0 
0 
0 
0 
0 
0 
0 
0 
0 
0 
0 
0 
0 
0 
0 
0 
0 
0 
0 
0 
0 
0 
0 
0 
0 
0 
0 
0 
0 
0 
0 
0 
0 
0 
0 
0 
0 
0 
0 
0 
0 
0 
0 
0 
0 
0 
0 
0 
0 
0 
0 
0 
0 
0 
0 
0 
0 
0 
0 
0 
0 
0 
0 
0 
0 
0 
0 
0 
0 
0 
0 
0 
0 
0 
0 
0 
0 
0 
0 
0 
0 
0 
0 
0 
0 
0 
0 
0 
0 
0 
0 
0 
0 
0 
0 
0 
0 
0 
0 
0 
0 
0 
0 
0 
0 
0 
0 
0 
0 
0 
0 
0 
0 
0 
0 
0 
0 
0 
0 
0 
0 
0 
0 
0 
0 
0 
0 
0 
0 
0 
0 
0 
0 
0 
0 
0 
0 
0 
0 
0 
0 
0 
0 
0 
0 
0 
0 
0 
0 
0 
0 
0 
0 
0 
0 
0 
0 
0 
0 
0 
0 
0 
0 
0 
0 
0 
0 
0 
0 
0 
0 
0 
0 
0 
0 
0 
0 
0 
0 
0 
0 
0 
0 
0 
0 
0 
0 
0 
0 
0 
0 
0 
0 
0 
0 
0 
0 
0 
0 
0 
0 
0 
0 
0 
0 
0 
0 
0 
0 
0 
0 
0 
0 
0 
0 
0 
0 
0 
0 
0 
0 
0 
0 
0 
0 
0 
0 
0 
0 
0 
0 
0 
0 
0 
0 
0 
0 
0 
0 
0 
0 
0 
0 
0 
0 
0 
0 
0 
0 
0 
0 
0 
0 
0 
0 
0 
0 
0 
0 
0 
0 
0 
0 
0 
0 
0 
0 
0 
0 
0 
0 
0 
0 
0 
0 
0 
0 
0 
0 
0 
0 
0 
0 
0 
0 
0 
0 
0 
0 
0 
0 
0 
0 
0 
0 
0 
0 
0 
0 
0 
0 
0 
0 
0 
0 
0 
0 
0 
0 
0 
0 
0 
0 
0 
0 
0 
0 
0 
0 
0 
0 
0 
0 
0 
0 
0 
0 
0 
0 
0 
0 
0 
0 
0 
0 
0 
0 
0 
0 
0 
0 
0 
0 
0 
0 
0 
0 
0 
0 
0 
0 
0 
0 
0 
0 
0 
0 
0 
0 
0 
0 
0 
0 
0 
0 
0 
0 
0 
0 
0 
0 
0 
0 
0 
0 
0 
0 
0 
0 
0 
0 
0 
0 
0 
0 
0 
0 
0 
0 
0 
0 
0 
0 
0 
0 
0 
0 
0 
0 
0 
0 
0 
0 
0 
0 
0 
0 
0 
0 
0 
0 
0 
0 
0 
0 
0 
0 
0 
0 
0 
0 
0 
0 
0 
0 
0 
0 
0 
0 
0 
0 
0 
0 
0 
0 
0 
0 
0 
0 
0 
0 
0 
0 
0 
0 
0 
0 
0 
0 
0 
0 
0 
0 
0 
0 
0 
0 
0 
0 
0 
0 
0 
0 
0 
0 
0 
0 
0 
0 
0 
0 
0 
0 
0 
0 
0 
0 
0 
0 
0 
0 
0 
0 
0 
0 
0 
0 
0 
0 
0 
0 
0 
0 
0 
0 
0 
0 
0 
0 
0 
0 
0 
0 
0 
0 
0 
0 
0 
0 
0 
0 
0 
0 
0 
0 
0 
0 
0 
0 
0 
0 
0 
0 
0 
0 
0 
0 
0 
0 
0 
0 
0 
0 
0 
0 
0 
0 
0 
0 
0 
0 
0 
0 
0 
0 
0 
0 
0 
0 
0 
0 
0 
0 
0 
0 
0 
0 
0 
0 
0 
0 
0 
0 
0 
0 
0 
0 
0 
0 
0 
0 
0 
0 
0 
0 
0 
0 
0 
0 
0 
0 
0 
0 
0 
0 
0 
0 
0 
0 
0 
0 
0 
0 
0 
0 
0 
0 
0 
0 
0 
0 
0 
0 
0 
0 
0 
0 
0 
0 
0 
0 
0 
0 
0 
0 
0 
0 
0 
0 
0 
0 
0 
0 
0 
0 
0 
0 
0 
0 
0 
0 
0 
0 
0 
0 
0 
0 
0 
0 
0 
0 
0 
0 
0 
0 
0 
0 
0 
0 
0 
0 
0 
0 
0 
0 
0 
0 
0 
0 
0 
0 
0 
0 
0 
0 
0 
0 
0 
0 
0 
0 
0 
0 
0 
0 
0 
0 
0 
0 
0 
0 
0 
0 
0 
0 
0 
0 
0 
0 
0 
0 
0 
0 
0 
0 
0 
0 
0 
0 
0 
0 
0 
0 
0 
0 
0 
0 
0 
0 
0 
0 
0 
0 
0 
0 
0 
0 
0 
0 
0 
0 
0 
0 
0 
0 
0 
0 
0 
0 
0 
0 
0 
0 
0 
0 
0 
0 
0 
0 
0 
0 
0 
0 
0 
0 
0 
0 
0 
0 
0 
0 
0 
0 
0 
0 
0 
0 
0 
0 
0 
0 
0 
0 
0 
0 
0 
0 
0 
0 
0 
0 
0 
0 
0 
0 
0 
0 
0 
0 
0 
0 
0 
0 
0 
0 
0 
0 
0 
0 
0 
0 
0 
0 
0 
0 
0 
0 
0 
0 
0 
0 
0 
0 
0 
0 
0 
0 
0 
0 
0 
0 
0 
0 
0 
0 
0 
0 
0 
0 
0 
0 
0 
0 
0 
0 
0 
0 
0 
0 
0 
0 
0 
0 
0 
0 
0 
0 
0 
0 
0 
0 
0 
0 
0 
0 
0 
0 
0 
0 
0 
0 
0 
0 
0 
0 
0 
0 
0 
0 
0 
0 
0 
0 
0 
0 
0 
0 
0 
0 
0 
0 
0 
0 
0 
0 
0 
0 
0 
0 
0 
0 
0 
0 
0 
0 
0 
0 
0 
0 
0 
0 
0 
0 
0 
0 
0 
0 
0 
0 
0 
0 
0 
0 
0 
0 
0 
0 
0 
0 
0 
0 
0 
0 
0 
0 
0 
0 
0 
0 
0 
0 
0 
0 
0 
0 
0 
0 
0 
0 
0 
0 
0 
0 
0 
0 
0 
0 
0 
0 
0 
0 
0 
0 
0 
0 
0 
0 
0 
0 
0 
0 
0 
0 
0 
0 
0 
0 
0 
0 
0 
0 
0 
0 
0 
0 
0 
0 
0 
0 
0 
0 
0 
0 
0 
0 
0 
0 
0 
0 
0 
0 
0 
0 
0 
0 
0 
0 
0 
0 
0 
0 
0 
0 
0 
0 
0 
0 
0 
0 
0 
0 
0 
0 
0 
0 
0 
0 
0 
0 
0 
0 
0 
0 
0 
0 
0 
0 
0 
0 
0 
0 
0 
0 
0 
0 
0 
0 
0 
0 
0 
0 
0 
0 
0 
0 
0 
0 
0 
0 
0 
0 
0 
0 
0 
0 
0 
0 
0 
0 
0 
0 
0 
0 
0 
0 
0 
0 
0 
0 
0 
0 
0 
0 
0 
0 
0 
0 
0 
0 
0 
0 
0 
0 
0 
0 
0 
0 
0 
0 
0 
0 
0 
0 
0 
0 
0 
0 
0 
0 
0 
0 
0 
0 
0 
0 
0 
0 
0 
0 
0 
0 
0 
0 
0 
0 
0 
0 
0 
0 
0 
0 
0 
0 
0 
0 
0 
0 
0 
0 
0 
0 
0 
0 
0 
0 
0 
0 
0 
0 
0 
0 
0 
0 
0 
0 
0 
0 
0 
0 
0 
0 
0 
0 
0 
0 
0 
0 
0 
0 
0 
0 
0 
0 
0 
0 
0 
0 
0 
0 
0 
0 
0 
0 
0 
0 
0 
0 
0 
0 
0 
0 
0 
0 
0 
0 
0 
0 
0 
0 
0 
0 
0 
0 
0 
0 
0 
0 
0 
0 
0 
0 
0 
0 
0 
0 
0 
0 
0 
0 
0 
0 
0 
0 
0 
0 
0 
0 
0 
0 
0 
0 
0 
0 
0 
0 
0 
0 
0 
0 
0 
0 
0 
0 
0 
0 
0 
0 
0 
0 
0 
0 
0 
0 
0 
0 
0 
0 
0 
0 
0 
0 
0 
0 
0 
0 
0 
0 
0 
0 
0 
0 
0 
0 
0 
0 
0 
0 
0 
0 
0 
0 
0 
0 
0 
0 
0 
0 
0 
0 
0 
0 
0 
0 
0 
0 
0 
0 
0 
0 
0 
0 
0 
0 
0 
0 
0 
0 
0 
0 
0 
0 
0 
0 
0 
0 
0 
0 
0 
0 
0 
0 
0 
0 
0 
0 
0 
0 
0 
0 
0 
0 
0 
0 
0 
0 
0 
0 
0 
0 
0 
0 
0 
0 
0 
0 
0 
0 
0 
0 
0 
0 
0 
0 
0 
0 
0 
0 
0 
0 
0 
0 
0 
0 
0 
0 
0 
0 
0 
0 
0 
0 
0 
0 
0 
0 
0 
0 
0 
0 
0 
0 
0 
0 
0 
0 
0 
0 
0 
0 
0 
0 
0 
0 
0 
0 
0 
0 
0 
0 
0 
0 
0 
0 
0 
0 
0 
0 
0 
0 
0 
0 
0 
0 
0 
0 
0 
0 
0 
0 
0 
0 
0 
0 
0 
0 
0 
0 
0 
0 
0 
0 
0 
0 
0 
0 
0 
0 
0 
0 
0 
0 
0 
0 
0 
0 
0 
0 
0 
0 
0 
0 
0 
0 
0 
0 
0 
0 
0 
0 
0 
0 
0 
0 
0 
0 
0 
0 
0 
0 
0 
0 
0 
0 
0 
0 
0 
0 
0 
0 
0 
0 
0 
0 
0 
0 
0 
0 
0 
0 
0 
0 
0 
0 
0 
0 
0 
0 
0 
0 
0 
0 
0 
0 
0 
0 
0 
0 
0 
0 
0 
0 
0 
0 
0 
0 
0 
0 
0 
0 
0 
0 
0 
0 
0 
0 
0 
0 
0 
0 
0 
0 
0 
0 
0 
0 
0 
0 
0 
0 
0 
0 
0 
0 
0 
0 
0 
0 
0 
0 
0 
0 
0 
0 
0 
0 
0 
0 
0 
0 
0 
0 
0 
0 
0 
0 
0 
0 
0 
0 
0 
0 
0 
0 
0 
0 
0 
0 
0 
0 
0 
0 
0 
0 
0 
0 
0 
0 
0 
0 
0 
0 
0 
0 
0 
0 
0 
0 
0 
0 
0 
0 
0 
0 
0 
0 
0 
0 
0 
0 
0 
0 
0 
0 
0 
0 
0 
0 
0 
0 
0 
0 
0 
0 
0 
0 
0 
0 
0 
0 
0 
0 
0 
0 
0 
0 
0 
0 
0 
0 
0 
0 
0 
0 
0 
0 
0 
0 
0 
0 
0 
0 
0 
0 
0 
0 
0 
0 
0 
0 
0 
0 
0 
0 
0 
0 
0 
0 
0 
0 
0 
0 
0 
0 
0 
0 
0 
0 
0 
0 
0 
0 
0 
0 
0 
0 
0 
0 
0 
0 
0 
0 
0 
0 
0 
0 
0 
0 
0 
0 
0 
0 
0 
0 
0 
0 
0 
0 
0 
0 
0 
0 
0 
0 
0 
0 
0 
0 
0 
0 
0 
0 
0 
0 
0 
0 
0 
0 
0 
0 
0 
0 
0 
0 
0 
0 
0 
0 
0 
0 
0 
0 
0 
0 
0 
0 
0 
0 
0 
0 
0 
0 
0 
0 
0 
0 
0 
0 
0 
0 
0 
0 
0 
0 
0 
0 
0 
0 
0 
0 
0 
0 
0 
0 
0 
0 
0 
0 
0 
0 
0 
0 
0 
0 
0 
0 
0 
0 
0 
0 
0 
0 
0 
0 
0 
0 
0 
0 
0 
0 
0 
0 
0 
0 
0 
0 
0 
0 
0 
0 
0 
0 
0 
0 
0 
0 
0 
0 
0 
0 
0 
0 
0 
0 
0 
0 
0 
0 
0 
0 
0 
0 
0 
0 
0 
0 
0 
0 
0 
0 
0 
0 
0 
0 
0 
0 
0 
0 
0 
0 
0 
0 
0 
0 
0 
0 
0 
0 
0 
0 
0 
0 
0 
0 
0 
0 
0 
0 
0 
0 
0 
0 
0 
0 
0 
0 
0 
0 
0 
0 
0 
0 
0 
0 
0 
0 
0 
0 
0 
0 
0 
0 
0 
0 
0 
0 
0 
0 
0 
0 
0 
0 
0 
0 
0 
0 
0 
0 
0 
0 
0 
0 
0 
0 
0 
0 
0 
0 
0 
0 
0 
0 
0 
0 
0 
0 
0 
0 
0 
0 
0 
0 
0 
0 
0 
0 
0 
0 
0 
0 
0 
0 
0 
0 
0 
0 
0 
0 
0 
0 
0 
0 
0 
0 
0 
0 
0 
0 
0 
0 
0 
0 
0 
0 
0 
0 
0 
0 
0 
0 
0 
0 
0 
0 
0 
0 
0 
0 
0 
0 
0 
0 
0 
0 
0 
0 
0 
0 
0 
0 
0 
0 
0 
0 
0 
0 
0 
0 
0 
0 
0 
0 
0 
0 
0 
0 
0 
0 
0 
0 
0 
0 
0 
0 
0 
0 
0 
0 
0 
0 
0 
0 
0 
0 
0 
0 
0 
0 
0 
0 
0 
0 
0 
0 
0 
0 
0 
0 
0 
0 
0 
0 
0 
0 
0 
0 
0 
0 
0 
0 
0 
0 
0 
0 
0 
0 
0 
0 
0 
0 
0 
0 
0 
0 
0 
0 
0 
0 
0 
0 
0 
0 
0 
0 
0 
0 
0 
0 
0 
0 
0 
0 
0 
0 
0 
0 
0 
0 
0 
0 
0 
0 
0 
0 
0 
0 
0 
0 
0 
0 
0 
0 
0 
0 
0 
0 
0 
0 
0 
0 
0 
0 
0 
0 
0 
0 
0 
0 
0 
0 
0 
0 
0 
0 
0 
0 
0 
0 
0 
0 
0 
0 
0 
0 
0 
0 
0 
0 
0 
0 
0 
0 
0 
0 
0 
0 
0 
0 
0 
0 
0 
0 
0 
0 
0 
0 
0 
0 
0 
0 
0 
0 
0 
0 
0 
0 
0 
0 
0 
0 
0 
0 
0 
0 
0 
0 
0 
0 
0 
0 
0 
0 
0 
0 
0 
0 
0 
0 
0 
0 
0 
0 
0 
0 
0 
0 
0 
0 
0 
0 
0 
0 
0 
0 
0 
0 
0 
0 
0 
0 
0 
0 
0 
0 
0 
0 
0 
0 
0 
0 
0 
0 
0 
0 
0 
0 
0 
0 
0 
0 
0 
0 
0 
0 
0 
0 
0 
0 
0 
0 
0 
0 
0 
0 
0 
0 
0 
0 
0 
0 
0 
0 
0 
0 
0 
0 
0 
0 
0 
0 
0 
0 
0 
0 
0 
0 
0 
0 
0 
0 
0 
0 
0 
0 
0 
0 
0 
0 
0 
0 
0 
0 
0 
0 
0 
0 
0 
0 
0 
0 
0 
0 
0 
0 
0 
0 
0 
0 
0 
0 
0 
0 
0 
0 
0 
0 
0 
0 
0 
0 
0 
0 
0 
0 
0 
0 
0 
0 
0 
0 
0 
0 
0 
0 
0 
0 
0 
0 
0 
0 
0 
0 
0 
0 
0 
0 
0 
0 
0 
0 
0 
0 
0 
0 
0 
0 
0 
0 
0 
0 
0 
0 
0 
0 
0 
0 
0 
0 
0 
0 
0 
0 
0 
0 
0 
0 
0 
0 
0 
0 
0 
0 
0 
0 
0 
0 
0 
0 
0 
0 
0 
0 
0 
0 
0 
0 
0 
0 
0 
0 
0 
0 
0 
0 
0 
0 
0 
0 
0 
0 
0 
0 
0 
0 
0 
0 
0 
0 
0 
0 
0 
0 
0 
0 
0 
0 
0 
0 
0 
0 
0 
0 
0 
0 
0 
0 
0 
0 
0 
0 
0 
0 
0 
0 
0 
0 
0 
0 
0 
0 
0 
0 
0 
0 
0 
0 
0 
0 
0 
0 
0 
0 
0 
0 
0 
0 
0 
0 
0 
0 
0 
0 
0 
0 
0 
0 
0 
0 
0 
0 
0 
0 
0 
0 
0 
0 
0 
0 
0 
0 
0 
0 
0 
0 
0 
0 
0 
0 
0 
0 
0 
0 
0 
0 
0 
0 
0 
0 
0 
0 
0 
0 
0 
0 
0 
0 
0 
0 
0 
0 
0 
0 
0 
0 
0 
0 
0 
0 
0 
0 
0 
0 
0 
0 
0 
0 
0 
0 
0 
0 
0 
0 
0 
0 
0 
0 
0 
0 
0 
0 
0 
0 
0 
0 
0 
0 
0 
0 
0 
0 
0 
0 
0 
0 
0 
0 
0 
0 
0 
0 
0 
0 
0 
0 
0 
0 
0 
0 
0 
0 
0 
0 
0 
0 
0 
0 
0 
0 
0 
0 
0 
0 
0 
0 
0 
0 
0 
0 
0 
0 
0 
0 
0 
0 
0 
0 
0 
0 
0 
0 
0 
0 
0 
0 
0 
0 
0 
0 
0 
0 
0 
0 
0 
0 
0 
0 
0 
0 
0 
0 
0 
0 
0 
0 
0 
0 
0 
0 
0 
0 
0 
0 
0 
0 
0 
0 
0 
0 
0 
0 
0 
0 
0 
0 
0 
0 
0 
0 
0 
0 
0 
0 
0 
0 
0 
0 
0 
0 
0 
0 
0 
0 
0 
0 
0 
0 
0 
0 
0 
0 
0 
0 
0 
0 
0 
0 
0 
0 
0 
0 
0 
0 
0 
0 
0 
0 
0 
0 
0 
0 
0 
0 
0 
0 
0 
0 
0 
0 
0 
0 
0 
0 
0 
0 
0 
0 
0 
0 
0 
0 
0 
0 
0 
0 
0 
0 
0 
0 
0 
0 
0 
0 
0 
0 
0 
0 
0 
0 
0 
0 
0 
0 
0 
0 
0 
0 
0 
0 
0 
0 
0 
0 
0 
0 
0 
0 
0 
0 
0 
0 
0 
0 
0 
0 
0 
0 
0 
0 
0 
0 
0 
0 
0 
0 
0 
0 
0 
0 
0 
0 
0 
0 
0 
0 
0 
0 
0 
0 
0 
0 
0 
0 
0 
0 
0 
0 
0 
0 
0 
0 
0 
0 
0 
0 
0 
0 
0 
0 
0 
0 
0 
0 
0 
0 
0 
0 
0 
0 
0 
0 
0 
0 
0 
0 
0 
0 
0 
0 
0 
0 
0 
0 
0 
0 
0 
0 
0 
0 
0 
0 
0 
0 
0 
0 
0 
0 
0 
0 
0 
0 
0 
0 
0 
0 
0 
0 
0 
0 
0 
0 
0 
0 
0 
0 
0 
0 
0 
0 
0 
0 
0 
0 
0 
0 
0 
0 
0 
0 
0 
0 
0 
0 
0 
0 
0 
0 
0 
0 
0 
0 
0 
0 
0 
0 
0 
0 
0 
0 
0 
0 
0 
0 
0 
0 
0 
0 
0 
0 
0 
0 
0 
0 
0 
0 
0 
0 
0 
0 
0 
0 
0 
0 
0 
0 
0 
0 
0 
0 
0 
0 
0 
0 
0 
0 
0 
0 
0 
0 
0 
0 
0 
0 
0 
0 
0 
0 
0 
0 
0 
0 
0 
0 
0 
0 
0 
0 
0 
0 
0 
0 
0 
0 
0 
0 
0 
0 
0 
0 
0 
0 
0 
0 
0 
0 
0 
0 
0 
0 
0 
0 
0 
0 
0 
0 
0 
0 
0 
0 
0 
0 
0 
0 
0 
0 
0 
0 
0 
0 
0 
0 
0 
0 
0 
0 
0 
0 
0 
0 
0 
0 
0 
0 
0 
0 
0 
0 
0 
0 
0 
0 
0 
0 
0 
0 
0 
0 
0 
0 
0 
0 
0 
0 
0 
0 
0 
0 
0 
0 
0 
0 
0 
0 
0 
0 
0 
0 
0 
0 
0 
0 
0 
0 
0 
0 
0 
0 
0 
0 
0 
0 
0 
0 
0 
0 
0 
0 
0 
0 
0 
0 
0 
0 
0 
0 
0 
0 
0 
0 
0 
0 
0 
0 
0 
0 
0 
0 
0 
0 
0 
0 
0 
0 
0 
0 
0 
0 
0 
0 
0 
0 
0 
0 
0 
0 
0 
0 
0 
0 
0 
0 
0 
0 
0 
0 
0 
0 
0 
0 
0 
0 
0 
0 
0 
0 
0 
0 
0 
0 
0 
0 
0 
0 
0 
0 
0 
0 
0 
0 
0 
0 
0 
0 
0 
0 
0 
0 
0 
0 
0 
0 
0 
0 
0 
0 
0 
0 
0 
0 
0 
0 
0 
0 
0 
0 
0 
0 
0 
0 
0 
0 
0 
0 
0 
0 
0 
0 
0 
0 
0 
0 
0 
0 
0 
0 
0 
0 
0 
0 
0 
0 
0 
0 
0 
0 
0 
0 
0 
0 
0 
0 
0 
0 
0 
0 
0 
0 
0 
0 
0 
0 
0 
0 
0 
0 
0 
0 
0 
0 
0 
0 
0 
0 
0 
0 
0 
0 
0 
0 
0 
0 
0 
0 
0 
0 
0 
0 
0 
0 
0 
0 
0 
0 
0 
0 
0 
0 
0 
0 
0 
0 
0 
0 
0 
0 
0 
0 
0 
0 
0 
0 
0 
0 
0 
0 
0 
0 
0 
0 
0 
0 
0 
0 
0 
0 
0 
0 
0 
0 
0 
0 
0 
0 
0 
0 
0 
0 
0 
0 
0 
0 
0 
0 
0 
0 
0 
0 
0 
0 
0 
0 
0 
0 
0 
0 
0 
0 
0 
0 
0 
0 
0 
0 
0 
0 
0 
0 
0 
0 
0 
0 
0 
0 
0 
0 
0 
0 
0 
0 
0 
0 
0 
0 
0 
0 
0 
0 
0 
0 
0 
0 
0 
0 
0 
0 
0 
0 
0 
0 
0 
0 
0 
0 
0 
0 
0 
0 
0 
0 
0 
0 
0 
0 
0 
0 
0 
0 
0 
0 
0 
0 
0 
0 
0 
0 
0 
0 
0 
0 
0 
0 
0 
0 
0 
0 
0 
0 
0 
0 
0 
0 
0 
0 
0 
0 
0 
0 
0 
0 
0 
0 
0 
0 
0 
0 
0 
0 
0 
0 
0 
0 
0 
0 
0 
0 
0 
0 
0 
0 
0 
0 
0 
0 
0 
0 
0 
0 
0 
0 
0 
0 
0 
0 
0 
0 
0 
0 
0 
0 
0 
0 
0 
0 
0 
0 
0 
0 
0 
0 
0 
0 
0 
0 
0 
0 
0 
0 
0 
0 
0 
0 
0 
0 
0 
0 
0 
0 
0 
0 
0 
0 
0 
0 
0 
0 
0 
0 
0 
0 
0 
0 
0 
0 
0 
0 
0 
0 
0 
0 
0 
0 
0 
0 
0 
0 
0 
0 
0 
0 
0 
0 
0 
0 
0 
0 
0 
0 
0 
0 
0 
0 
0 
0 
0 
0 
0 
0 
0 
0 
0 
0 
0 
0 
0 
0 
0 
0 
0 
0 
0 
0 
0 
0 
0 
0 
0 
0 
0 
0 
0 
0 
0 
0 
0 
0 
0 
0 
0 
0 
0 
0 
0 
0 
0 
0 
0 
0 
0 
0 
0 
0 
0 
0 
0 
0 
0 
0 
0 
0 
0 
0 
0 
0 
0 
0 
0 
0 
0 
0 
0 
0 
0 
0 
0 
0 
0 
0 
0 
0 
0 
0 
0 
0 
0 
0 
0 
0 
0 
0 
0 
0 
0 
0 
0 
0 
0 
0 
0 
0 
0 
0 
0 
0 
0 
0 
0 
0 
0 
0 
0 
0 
0 
0 
0 
0 
0 
0 
0 
0 
0 
0 
0 
0 
0 
0 
0 
0 
0 
0 
0 
0 
0 
0 
0 
0 
0 
0 
0 
0 
0 
0 
0 
0 
0 
0 
0 
0 
0 
0 
0 
0 
0 
0 
0 
0 
0 
0 
0 
0 
0 
0 
0 
0 
0 
0 
0 
0 
0 
0 
0 
0 
0 
0 
0 
0 
0 
0 
0 
0 
0 
0 
0 
0 
0 
0 
0 
0 
0 
0 
0 
0 
0 
0 
0 
0 
0 
0 
0 
0 
0 
0 
0 
0 
0 
0 
0 
0 
0 
0 
0 
0 
0 
0 
0 
0 
0 
0 
0 
0 
0 
0 
0 
0 
0 
0 
0 
0 
0 
0 
0 
0 
0 
0 
0 
0 
0 
0 
0 
0 
0 
0 
0 
0 
0 
0 
0 
0 
0 
0 
0 
0 
0 
0 
0 
0 
0 
0 
0 
0 
0 
0 
0 
0 
0 
0 
0 
0 
0 
0 
0 
0 
0 
0 
0 
0 
0 
0 
0 
0 
0 
0 
0 
0 
0 
0 
0 
0 
0 
0 
0 
0 
0 
0 
0 
0 
0 
0 
0 
0 
0 
0 
0 
0 
0 
0 
0 
0 
0 
0 
0 
0 
0 
0 
0 
0 
0 
0 
0 
0 
0 
0 
0 
0 
0 
0 
0 
0 
0 
0 
0 
0 
0 
0 
0 
0 
0 
0 
0 
0 
0 
0 
0 
0 
0 
0 
0 
0 
0 
0 
0 
0 
0 
0 
0 
0 
0 
0 
0 
0 
0 
0 
0 
0 
0 
0 
0 
0 
0 
0 
0 
0 
0 
0 
0 
0 
0 
0 
0 
0 
0 
0 
0 
0 
0 
0 
0 
0 
0 
0 
0 
0 
0 
0 
0 
0 
0 
0 
0 
0 
0 
0 
0 
0 
0 
0 
0 
0 
0 
0 
0 
0 
0 
0 
0 
0 
0 
0 
0 
0 
0 
0 
0 
0 
0 
0 
0 
0 
0 
0 
0 
0 
0 
0 
0 
0 
0 
0 
0 
0 
0 
0 
0 
0 
0 
0 
0 
0 
0 
0 
0 
0 
0 
0 
0 
0 
0 
0 
0 
0 
0 
0 
0 
0 
0 
0 
0 
0 
0 
0 
0 
0 
0 
0 
0 
0 
0 
0 
0 
0 
0 
0 
0 
0 
0 
0 
0 
0 
0 
0 
0 
0 
0 
0 
0 
0 
0 
0 
0 
0 
0 
0 
0 
0 
0 
0 
0 
0 
0 
0 
0 
0 
0 
0 
0 
0 
0 
0 
0 
0 
0 
0 
0 
0 
0 
0 
0 
0 
0 
0 
0 
0 
0 
0 
0 
0 
0 
0 
0 
0 
0 
0 
0 
0 
0 
0 
0 
0 
0 
0 
0 
0 
0 
0 
0 
0 
0 
0 
0 
0 
0 
0 
0 
0 
0 
0 
0 
0 
0 
0 
0 
0 
0 
0 
0 
0 
0 
0 
0 
0 
0 
0 
0 
0 
0 
0 
0 
0 
0 
0 
0 
0 
0 
0 
0 
0 
0 
0 
0 
0 
0 
0 
0 
0 
0 
0 
0 
0 
0 
0 
0 
0 
0 
0 
0 
0 
0 
0 
0 
0 
0 
0 
0 
0 
0 
0 
0 
0 
0 
0 
0 
0 
0 
0 
0 
0 
0 
0 
0 
0 
0 
0 
0 
0 
0 
0 
0 
0 
0 
0 
0 
0 
0 
0 
0 
0 
0 
0 
0 
0 
0 
0 
0 
0 
0 
0 
0 
0 
0 
0 
0 
0 
0 
0 
0 
0 
0 
0 
0 
0 
0 
0 
0 
0 
0 
0 
0 
0 
0 
0 
0 
0 
0 
0 
0 
0 
0 
0 
0 
0 
0 
0 
0 
0 
0 
0 
0 
0 
0 
0 
0 
0 
0 
0 
0 
0 
0 
0 
0 
0 
0 
0 
0 
0 
0 
0 
0 
0 
0 
0 
0 
0 
0 
0 
0 
0 
0 
0 
0 
0 
0 
0 
0 
0 
0 
0 
0 
0 
0 
0 
0 
0 
0 
0 
0 
0 
0 
0 
0 
0 
0 
0 
0 
0 
0 
0 
0 
0 
0 
0 
0 
0 
0 
0 
0 
0 
0 
0 
0 
0 
0 
0 
0 
0 
0 
0 
0 
0 
0 
0 
0 
0 
0 
0 
0 
0 
0 
0 
0 
0 
0 
0 
0 
0 
0 
0 
0 
0 
0 
0 
0 
0 
0 
0 
0 
0 
0 
0 
0 
0 
0 
0 
0 
0 
0 
0 
0 
0 
0 
0 
0 
0 
0 
0 
0 
0 
0 
0 
0 
0 
0 
0 
0 
0 
0 
0 
0 
0 
0 
0 
0 
0 
0 
0 
0 
0 
0 
0 
0 
0 
0 
0 
0 
0 
0 
0 
0 
0 
0 
0 
0 
0 
0 
0 
0 
0 
0 
0 
0 
0 
0 
0 
0 
0 
0 
0 
0 
0 
0 
0 
0 
0 
0 
0 
0 
0 
0 
0 
0 
0 
0 
0 
0 
0 
0 
0 
0 
0 
0 
0 
0 
0 
0 
0 
0 
0 
0 
0 
0 
0 
0 
0 
0 
0 
0 
0 
0 
0 
0 
0 
0 
0 
0 
0 
0 
0 
0 
0 
0 
0 
0 
0 
0 
0 
0 
0 
0 
0 
0 
0 
0 
0 
0 
0 
0 
0 
0 
0 
0 
0 
0 
0 
0 
0 
0 
0 
0 
0 
0 
0 
0 
0 
0 
0 
0 
0 
0 
0 
0 
0 
0 
0 
0 
0 
0 
0 
0 
0 
0 
0 
0 
0 
0 
0 
0 
0 
0 
0 
0 
0 
0 
0 
0 
0 
0 
0 
0 
0 
0 
0 
0 
0 
0 
0 
0 
0 
0 
0 
0 
0 
0 
0 
0 
0 
0 
0 
0 
0 
0 
0 
0 
0 
0 
0 
0 
0 
0 
0 
0 
0 
0 
0 
0 
0 
0 
0 
0 
0 
0 
0 
0 
0 
0 
0 
0 
0 
0 
0 
0 
0 
0 
0 
0 
0 
0 
0 
0 
0 
0 
0 
0 
0 
0 
0 
0 
0 
0 
0 
0 
0 
0 
0 
0 
0 
0 
0 
0 
0 
0 
0 
0 
0 
0 
0 
0 
0 
0 
0 
0 
0 
0 
0 
0 
0 
0 
0 
0 
0 
0 
0 
0 
0 
0 
0 
0 
0 
0 
0 
0 
0 
0 
0 
0 
0 
0 
0 
0 
0 
0 
0 
0 
0 
0 
0 
0 
0 
0 
0 
0 
0 
0 
0 
0 
0 
0 
0 
0 
0 
0 
0 
0 
0 
0 
0 
0 
0 
0 
0 
0 
0 
0 
0 
0 
0 
0 
0 
0 
0 
0 
0 
0 
0 
0 
0 
0 
0 
0 
0 
0 
0 
0 
0 
0 
0 
0 
0 
0 
0 
0 
0 
0 
0 
0 
0 
0 
0 
0 
0 
0 
0 
0 
0 
0 
0 
0 
0 
0 
0 
0 
0 
0 
0 
0 
0 
0 
0 
0 
0 
0 
0 
0 
0 
0 
0 
0 
0 
0 
0 
0 
0 
0 
0 
0 
0 
0 
0 
0 
0 
0 
0 
0 
0 
0 
0 
0 
0 
0 
0 
0 
0 
0 
0 
0 
0 
0 
0 
0 
0 
0 
0 
0 
0 
0 
0 
0 
0 
0 
0 
0 
0 
0 
0 
0 
0 
0 
0 
0 
0 
0 
0 
0 
0 
0 
0 
0 
0 
0 
0 
0 
0 
0 
0 
0 
0 
0 
0 
0 
0 
0 
0 
0 
0 
0 
0 
0 
0 
0 
0 
0 
0 
0 
0 
0 
0 
0 
0 
0 
0 
0 
0 
0 
0 
0 
0 
0 
0 
0 
0 
0 
0 
0 
0 
0 
0 
0 
0 
0 
0 
0 
0 
0 
0 
0 
0 
0 
0 
0 
0 
0 
0 
0 
0 
0 
0 
0 
0 
0 
0 
0 
0 
0 
0 
0 
0 
0 
0 
0 
0 
0 
0 
0 
0 
0 
0 
0 
0 
0 
0 
0 
0 
0 
0 
0 
0 
0 
0 
0 
0 
0 
0 
0 
0 
0 
0 
0 
0 
0 
0 
0 
0 
0 
0 
0 
0 
0 
0 
0 
0 
0 
0 
0 
0 
0 
0 
0 
0 
0 
0 
0 
0 
0 
0 
0 
0 
0 
0 
0 
0 
0 
0 
0 
0 
0 
0 
0 
0 
0 
0 
0 
0 
0 
0 
0 
0 
0 
0 
0 
0 
0 
0 
0 
0 
0 
0 
0 
0 
0 
0 
0 
0 
0 
0 
0 
0 
0 
0 
0 
0 
0 
0 
0 
0 
0 
0 
0 
0 
0 
0 
0 
0 
0 
0 
0 
0 
0 
0 
0 
0 
0 
0 
0 
0 
0 
0 
0 
0 
0 
0 
0 
0 
0 
0 
0 
0 
0 
0 
0 
0 
0 
0 
0 
0 
0 
0 
0 
0 
0 
0 
0 
0 
0 
0 
0 
0 
0 
0 
0 
0 
0 
0 
0 
0 
0 
0 
0 
0 
0 
0 
0 
0 
0 
0 
0 
0 
0 
0 
0 
0 
0 
0 
0 
0 
0 
0 
0 
0 
0 
0 
0 
0 
0 
0 
0 
0 
0 
0 
0 
0 
0 
0 
0 
0 
0 
0 
0 
0 
0 
0 
0 
0 
0 
0 
0 
0 
0 
0 
0 
0 
0 
0 
0 
0 
0 
0 
0 
0 
0 
0 
0 
0 
0 
0 
0 
0 
0 
0 
0 
0 
0 
0 
0 
0 
0 
0 
0 
0 
0 
0 
0 
0 
0 
0 
0 
0 
0 
0 
0 
0 
0 
0 
0 
0 
0 
0 
0 
0 
0 
0 
0 
0 
0 
0 
0 
0 
0 
0 
0 
0 
0 
0 
0 
0 
0 
0 
0 
0 
0 
0 
0 
0 
0 
0 
0 
0 
0 
0 
0 
0 
0 
0 
0 
0 
0 
0 
0 
0 
0 
0 
0 
0 
0 
0 
0 
0 
0 
0 
0 
0 
0 
0 
0 
0 
0 
0 
0 
0 
0 
0 
0 
0 
0 
0 
0 
0 
0 
0 
0 
0 
0 
0 
0 
0 
0 
0 
0 
0 
0 
0 
0 
0 
0 
0 
0 
0 
0 
0 
0 
0 
0 
0 
0 
0 
0 
0 
0 
0 
0 
0 
0 
0 
0 
0 
0 
0 
0 
0 
0 
0 
0 
0 
0 
0 
0 
0 
0 
0 
0 
0 
0 
0 
0 
0 
0 
0 
0 
0 
0 
0 
0 
0 
0 
0 
0 
0 
0 
0 
0 
0 
0 
0 
0 
0 
0 
0 
0 
0 
0 
0 
0 
0 
0 
0 
0 
0 
0 
0 
0 
0 
0 
0 
0 
0 
0 
0 
0 
0 
0 
0 
0 
0 
0 
0 
0 
0 
0 
0 
0 
0 
0 
0 
0 
0 
0 
0 
0 
0 
0 
0 
0 
0 
0 
0 
0 
0 
0 
0 
0 
0 
0 
0 
0 
0 
0 
0 
0 
0 
0 
0 
0 
0 
0 
0 
0 
0 
0 
0 
0 
0 
0 
0 
0 
0 
0 
0 
0 
0 
0 
0 
0 
0 
0 
0 
0 
0 
0 
0 
0 
0 
0 
0 
0 
0 
0 
0 
0 
0 
0 
0 
0 
0 
0 
0 
0 
0 
0 
0 
0 
0 
0 
0 
0 
0 
0 
0 
0 
0 
0 
0 
0 
0 
0 
0 
0 
0 
0 
0 
0 
0 
0 
0 
0 
0 
0 
0 
0 
0 
0 
0 
0 
0 
0 
0 
0 
0 
0 
0 
0 
0 
0 
0 
0 
0 
0 
0 
0 
0 
0 
0 
0 
0 
0 
0 
0 
0 
0 
0 
0 
0 
0 
0 
0 
0 
0 
0 
0 
0 
0 
0 
0 
0 
0 
0 
0 
0 
0 
0 
0 
0 
0 
0 
0 
0 
0 
0 
0 
0 
0 
0 
0 
0 
0 
0 
0 
0 
0 
0 
0 
0 
0 
0 
0 
0 
0 
0 
0 
0 
0 
0 
0 
0 
0 
0 
0 
0 
0 
0 
0 
0 
0 
0 
0 
0 
0 
0 
0 
0 
0 
0 
0 
0 
0 
0 
0 
0 
0 
0 
0 
0 
0 
0 
0 
0 
0 
0 
0 
0 
0 
0 
0 
0 
0 
0 
0 
0 
0 
0 
0 
0 
0 
0 
0 
0 
0 
0 
0 
0 
0 
0 
0 
0 
0 
0 
0 
0 
0 
0 
0 
0 
0 
0 
0 
0 
0 
0 
0 
0 
0 
0 
0 
0 
0 
0 
0 
0 
0 
0 
0 
0 
0 
0 
0 
0 
0 
0 
0 
0 
0 
0 
0 
0 
0 
0 
0 
0 
0 
0 
0 
0 
0 
0 
0 
0 
0 
0 
0 
0 
0 
0 
0 
0 
0 
0 
0 
0 
0 
0 
0 
0 
0 
0 
0 
0 
0 
0 
0 
0 
0 
0 
0 
0 
0 
0 
0 
0 
0 
0 
0 
0 
0 
0 
0 
0 
0 
0 
0 
0 
0 
0 
0 
0 
0 
0 
0 
0 
0 
0 
0 
0 
0 
0 
0 
0 
0 
0 
0 
0 
0 
0 
0 
0 
0 
0 
0 
0 
0 
0 
0 
0 
0 
0 
0 
0 
0 
0 
0 
0 
0 
0 
0 
0 
0 
0 
0 
0 
0 
0 
0 
0 
0 
0 
0 
0 
0 
0 
0 
0 
0 
0 
0 
0 
0 
0 
0 
0 
0 
0 
0 
0 
0 
0 
0 
0 
0 
0 
0 
0 
0 
0 
0 
0 
0 
0 
0 
0 
0 
0 
0 
0 
0 
0 
0 
0 
0 
0 
0 
0 
0 
0 
0 
0 
0 
0 
0 
0 
0 
0 
0 
0 
0 
0 
0 
0 
0 
0 
0 
0 
0 
0 
0 
0 
0 
0 
0 
0 
0 
0 
0 
0 
0 
0 
0 
0 
0 
0 
0 
0 
0 
0 
0 
0 
0 
0 
0 
0 
0 
0 
0 
0 
0 
0 
0 
0 
0 
0 
0 
0 
0 
0 
0 
0 
0 
0 
0 
0 
0 
0 
0 
0 
0 
0 
0 
0 
0 
0 
0 
0 
0 
0 
0 
0 
0 
0 
0 
0 
0 
0 
0 
0 
0 
0 
0 
0 
0 
0 
0 
0 
0 
0 
0 
0 
0 
0 
0 
0 
0 
0 
0 
0 
0 
0 
0 
0 
0 
0 
0 
0 
0 
0 
0 
0 
0 
0 
0 
0 
0 
0 
0 
0 
0 
0 
0 
0 
0 
0 
0 
0 
0 
0 
0 
0 
0 
0 
0 
0 
0 
0 
0 
0 
0 
0 
0 
0 
0 
0 
0 
0 
0 
0 
0 
0 
0 
0 
0 
0 
0 
0 
0 
0 
0 
0 
0 
0 
0 
0 
0 
0 
0 
0 
0 
0 
0 
0 
0 
0 
0 
0 
0 
0 
0 
0 
0 
0 
0 
0 
0 
0 
0 
0 
0 
0 
0 
0 
0 
0 
0 
0 
0 
0 
0 
0 
0 
0 
0 
0 
0 
0 
0 
0 
0 
0 
0 
0 
0 
0 
0 
0 
0 
0 
0 
0 
0 
0 
0 
0 
0 
0 
0 
0 
0 
0 
0 
0 
0 
0 
0 
0 
0 
0 
0 
0 
0 
0 
0 
0 
0 
0 
0 
0 
0 
0 
0 
0 
0 
0 
0 
0 
0 
0 
0 
0 
0 
0 
0 
0 
0 
0 
0 
0 
0 
0 
0 
0 
0 
0 
0 
0 
0 
0 
0 
0 
0 
0 
0 
0 
0 
0 
0 
0 
0 
0 
0 
0 
0 
0 
0 
0 
0 
0 
0 
0 
0 
0 
0 
0 
0 
0 
0 
0 
0 
0 
0 
0 
0 
0 
0 
0 
0 
0 
0 
0 
0 
0 
0 
0 
0 
0 
0 
0 
0 
0 
0 
0 
0 
0 
0 
0 
0 
0 
0 
0 
0 
0 
0 
0 
0 
0 
0 
0 
0 
0 
0 
0 
0 
0 
0 
0 
0 
0 
0 
0 
0 
0 
0 
0 
0 
0 
0 
0 
0 
0 
0 
0 
0 
0 
0 
0 
0 
0 
0 
0 
0 
0 
0 
0 
0 
0 
0 
0 
0 
0 
0 
0 
0 
0 
0 
0 
0 
0 
0 
0 
0 
0 
0 
0 
0 
0 
0 
0 
0 
0 
0 
0 
0 
0 
0 
0 
0 
0 
0 
0 
0 
0 
0 
0 
0 
0 
0 
0 
0 
0 
0 
0 
0 
0 
0 
0 
0 
0 
0 
0 
0 
0 
0 
0 
0 
0 
0 
0 
0 
0 
0 
0 
0 
0 
0 
0 
0 
0 
0 
0 
0 
0 
0 
0 
0 
0 
0 
0 
0 
0 
0 
0 
0 
0 
0 
0 
0 
0 
0 
0 
0 
0 
0 
0 
0 
0 
0 
0 
0 
0 
0 
0 
0 
0 
0 
0 
0 
0 
0 
0 
0 
0 
0 
0 
0 
0 
0 
0 
0 
0 
0 
0 
0 
0 
0 
0 
0 
0 
0 
0 
0 
0 
0 
0 
0 
0 
0 
0 
0 
0 
0 
0 
0 
0 
0 
0 
0 
0 
0 
0 
0 
0 
0 
0 
0 
0 
0 
0 
0 
0 
0 
0 
0 
0 
0 
0 
0 
0 
0 
0 
0 
0 
0 
0 
0 
0 
0 
0 
0 
0 
0 
0 
0 
0 
0 
0 
0 
0 
0 
0 
0 
0 
0 
0 
0 
0 
0 
0 
0 
0 
0 
0 
0 
0 
0 
0 
0 
0 
0 
0 
0 
0 
0 
0 
0 
0 
0 
0 
0 
0 
0 
0 
0 
0 
0 
0 
0 
0 
0 
0 
0 
0 
0 
0 
0 
0 
0 
0 
0 
0 
0 
0 
0 
0 
0 
0 
0 
0 
0 
0 
0 
0 
0 
0 
0 
0 
0 
0 
0 
0 
0 
0 
0 
0 
0 
0 
0 
0 
0 
0 
0 
0 
0 
0 
0 
0 
0 
0 
0 
0 
0 
0 
0 
0 
0 
0 
0 
0 
0 
0 
0 
0 
0 
0 
0 
0 
0 
0 
0 
0 
0 
0 
0 
0 
0 
0 
0 
0 
0 
0 
0 
0 
0 
0 
0 
0 
0 
0 
0 
0 
0 
0 
0 
0 
0 
0 
0 
0 
0 
0 
0 
0 
0 
0 
0 
0 
0 
0 
0 
0 
0 
0 
0 
0 
0 
0 
0 
0 
0 
0 
0 
0 
0 
0 
0 
0 
0 
0 
0 
0 
0 
0 
0 
0 
0 
0 
0 
0 
0 
0 
0 
0 
0 
0 
0 
0 
0 
0 
0 
0 
0 
0 
0 
0 
0 
0 
0 
0 
0 
0 
0 
0 
0 
0 
0 
0 
0 
0 
0 
0 
0 
0 
0 
0 
0 
0 
0 
0 
0 
0 
0 
0 
0 
0 
0 
0 
0 
0 
0 
0 
0 
0 
0 
0 
0 
0 
0 
0 
0 
0 
0 
0 
0 
0 
0 
0 
0 
0 
0 
0 
0 
0 
0 
0 
0 
0 
0 
0 
0 
0 
0 
0 
0 
0 
0 
0 
0 
0 
0 
0 
0 
0 
0 
0 
0 
0 
0 
0 
0 
0 
0 
0 
0 
0 
0 
0 
0 
0 
0 
0 
0 
0 
0 
0 
0 
0 
0 
0 
0 
0 
0 
0 
0 
0 
0 
0 
0 
0 
0 
0 
0 
0 
0 
0 
0 
0 
0 
0 
0 
0 
0 
0 
0 
0 
0 
0 
0 
0 
0 
0 
0 
0 
0 
0 
0 
0 
0 
0 
0 
0 
0 
0 
0 
0 
0 
0 
0 
0 
0 
0 
0 
0 
0 
0 
0 
0 
0 
0 
0 
0 
0 
0 
0 
0 
0 
0 
0 
0 
0 
0 
0 
0 
0 
0 
0 
0 
0 
0 
0 
0 
0 
0 
0 
0 
0 
0 
0 
0 
0 
0 
0 
0 
0 
0 
0 
0 
0 
0 
0 
0 
0 
0 
0 
0 
0 
0 
0 
0 
0 
0 
0 
0 
0 
0 
0 
0 
0 
0 
0 
0 
0 
0 
0 
0 
0 
0 
0 
0 
0 
0 
0 
0 
0 
0 
0 
0 
0 
0 
0 
0 
0 
0 
0 
0 
0 
0 
0 
0 
0 
0 
0 
0 
0 
0 
0 
0 
0 
0 
0 
0 
0 
0 
0 
0 
0 
0 
0 
0 
0 
0 
0 
0 
0 
0 
0 
0 
0 
0 
0 
0 
0 
0 
0 
0 
0 
0 
0 
0 
0 
0 
0 
0 
0 
0 
0 
0 
0 
0 
0 
0 
0 
0 
0 
0 
0 
0 
0 
0 
0 
0 
0 
0 
0 
0 
0 
0 
0 
0 
0 
0 
0 
0 
0 
0 
0 
0 
0 
0 
0 
0 
0 
0 
0 
0 
0 
0 
0 
0 
0 
0 
0 
0 
0 
0 
0 
0 
0 
0 
0 
0 
0 
0 
0 
0 
0 
0 
0 
0 
0 
0 
0 
0 
0 
0 
0 
0 
0 
0 
0 
0 
0 
0 
0 
0 
0 
0 
0 
0 
0 
0 
0 
0 
0 
0 
0 
0 
0 
0 
0 
0 
0 
0 
0 
0 
0 
0 
0 
0 
0 
0 
0 
0 
0 
0 
0 
0 
0 
0 
0 
0 
0 
0 
0 
0 
0 
0 
0 
0 
0 
0 
0 
0 
0 
0 
0 
0 
0 
0 
0 
0 
0 
0 
0 
0 
0 
0 
0 
0 
0 
0 
0 
0 
0 
0 
0 
0 
0 
0 
0 
0 
0 
0 
0 
0 
0 
0 
0 
0 
0 
0 
0 
0 
0 
0 
0 
0 
0 
0 
0 
0 
0 
0 
0 
0 
0 
0 
0 
0 
0 
0 
0 
0 
0 
0 
0 
0 
0 
0 
0 
0 
0 
0 
0 
0 
0 
0 
0 
0 
0 
0 
0 
0 
0 
0 
0 
0 
0 
0 
0 
0 
0 
0 
0 
0 
0 
0 
0 
0 
0 
0 
0 
0 
0 
0 
0 
0 
0 
0 
0 
0 
0 
0 
0 
0 
0 
0 
0 
0 
0 
0 
0 
0 
0 
0 
0 
0 
0 
0 
0 
0 
0 
0 
0 
0 
0 
0 
0 
0 
0 
0 
0 
0 
0 
0 
0 
0 
0 
0 
0 
0 
0 
0 
0 
0 
0 
0 
0 
0 
0 
0 
0 
0 
0 
0 
0 
0 
0 
0 
0 
0 
0 
0 
0 
0 
0 
0 
0 
0 
0 
0 
0 
0 
0 
0 
0 
0 
0 
0 
0 
0 
0 
0 
0 
0 
0 
0 
0 
0 
0 
0 
0 
0 
0 
0 
0 
0 
0 
0 
0 
0 
0 
0 
0 
0 
0 
0 
0 
0 
0 
0 
0 
0 
0 
0 
0 
0 
0 
0 
0 
0 
0 
0 
0 
0 
0 
0 
0 
0 
0 
0 
0 
0 
0 
0 
0 
0 
0 
0 
0 
0 
0 
0 
0 
0 
0 
0 
0 
0 
0 
0 
0 
0 
0 
0 
0 
0 
0 
0 
0 
0 
0 
0 
0 
0 
0 
0 
0 
0 
0 
0 
0 
0 
0 
0 
0 
0 
0 
0 
0 
0 
0 
0 
0 
0 
0 
0 
0 
0 
0 
0 
0 
0 
0 
0 
0 
0 
0 
0 
0 
0 
0 
0 
0 
0 
0 
0 
0 
0 
0 
0 
0 
0 
0 
0 
0 
0 
0 
0 
0 
0 
0 
0 
0 
0 
0 
0 
0 
0 
0 
0 
0 
0 
0 
0 
0 
0 
0 
0 
0 
0 
0 
0 
0 
0 
0 
0 
0 
0 
0 
0 
0 
0 
0 
0 
0 
0 
0 
0 
0 
0 
0 
0 
0 
0 
0 
0 
0 
0 
0 
0 
0 
0 
0 
0 
0 
0 
0 
0 
0 
0 
0 
0 
0 
0 
0 
0 
0 
0 
0 
0 
0 
0 
0 
0 
0 
0 
0 
0 
0 
0 
0 
0 
0 
0 
0 
0 
0 
0 
0 
0 
0 
0 
0 
0 
0 
0 
0 
0 
0 
0 
0 
0 
0 
0 
0 
0 
0 
0 
0 
0 
0 
0 
0 
0 
0 
0 
0 
0 
0 
0 
0 
0 
0 
0 
0 
0 
0 
0 
0 
0 
0 
0 
0 
0 
0 
0 
0 
0 
0 
0 
0 
0 
0 
0 
0 
0 
0 
0 
0 
0 
0 
0 
0 
0 
0 
0 
0 
0 
0 
0 
0 
0 
0 
0 
0 
0 
0 
0 
0 
0 
0 
0 
0 
0 
0 
0 
0 
0 
0 
0 
0 
0 
0 
0 
0 
0 
0 
0 
0 
0 
0 
0 
0 
0 
0 
0 
0 
0 
0 
0 
0 
0 
0 
0 
0 
0 
0 
0 
0 
0 
0 
0 
0 
0 
0 
0 
0 
0 
0 
0 
0 
0 
0 
0 
0 
0 
0 
0 
0 
0 
0 
0 
0 
0 
0 
0 
0 
0 
0 
0 
0 
0 
0 
0 
0 
0 
0 
0 
0 
0 
0 
0 
0 
0 
0 
0 
0 
0 
0 
0 
0 
0 
0 
0 
0 
0 
0 
0 
0 
0 
0 
0 
0 
0 
0 
0 
0 
0 
0 
0 
0 
0 
0 
0 
0 
0 
0 
0 
0 
0 
0 
0 
0 
0 
0 
0 
0 
0 
0 
0 
0 
0 
0 
0 
0 
0 
0 
0 
0 
0 
0 
0 
0 
0 
0 
0 
0 
0 
0 
0 
0 
0 
0 
0 
0 
0 
0 
0 
0 
0 
0 
0 
0 
0 
0 
0 
0 
0 
0 
0 
0 
0 
0 
0 
0 
0 
0 
0 
0 
0 
0 
0 
0 
0 
0 
0 
0 
0 
0 
0 
0 
0 
0 
0 
0 
0 
0 
0 
0 
0 
0 
0 
0 
0 
0 
0 
0 
0 
0 
0 
0 
0 
0 
0 
0 
0 
0 
0 
0 
0 
0 
0 
0 
0 
0 
0 
0 
0 
0 
0 
0 
0 
0 
0 
0 
0 
0 
0 
0 
0 
0 
0 
0 
0 
0 
0 
0 
0 
0 
0 
0 
0 
0 
0 
0 
0 
0 
0 
0 
0 
0 
0 
0 
0 
0 
0 
0 
0 
0 
0 
0 
0 
0 
0 
0 
0 
0 
0 
0 
0 
0 
0 
0 
0 
0 
0 
0 
0 
0 
0 
0 
0 
0 
0 
0 
0 
0 
0 
0 
0 
0 
0 
0 
0 
0 
0 
0 
0 
0 
0 
0 
0 
0 
0 
0 
0 
0 
0 
0 
0 
0 
0 
0 
0 
0 
0 
0 
0 
0 
0 
0 
0 
0 
0 
0 
0 
0 
0 
0 
0 
0 
0 
0 
0 
0 
0 
0 
0 
0 
0 
0 
0 
0 
0 
0 
0 
0 
0 
0 
0 
0 
0 
0 
0 
0 
0 
0 
0 
0 
0 
0 
0 
0 
0 
0 
0 
0 
0 
0 
0 
0 
0 
0 
0 
0 
0 
0 
0 
0 
0 
0 
0 
0 
0 
0 
0 
0 
0 
0 
0 
0 
0 
0 
0 
0 
0 
0 
0 
0 
0 
0 
0 
0 
0 
0 
0 
0 
0 
0 
0 
0 
0 
0 
0 
0 
0 
0 
0 
0 
0 
0 
0 
0 
0 
0 
0 
0 
0 
0 
0 
0 
0 
0 
0 
0 
0 
0 
0 
0 
0 
0 
0 
0 
0 
0 
0 
0 
0 
0 
0 
0 
0 
0 
0 
0 
0 
0 
0 
0 
0 
0 
0 
0 
0 
0 
0 
0 
0 
0 
0 
0 
0 
0 
0 
0 
0 
0 
0 
0 
0 
0 
0 
0 
0 
0 
0 
0 
0 
0 
0 
0 
0 
0 
0 
0 
0 
0 
0 
0 
0 
0 
0 
0 
0 
0 
0 
0 
0 
0 
0 
0 
0 
0 
0 
0 
0 
0 
0 
0 
0 
0 
0 
0 
0 
0 
0 
0 
0 
0 
0 
0 
0 
0 
0 
0 
0 
0 
0 
0 
0 
0 
0 
0 
0 
0 
0 
0 
0 
0 
0 
0 
0 
0 
0 
0 
0 
0 
0 
0 
0 
0 
0 
0 
0 
0 
0 
0 
0 
0 
0 
0 
0 
0 
0 
0 
0 
0 
0 
0 
0 
0 
0 
0 
0 
0 
0 
0 
0 
0 
0 
0 
0 
0 
0 
0 
0 
0 
0 
0 
0 
0 
0 
0 
0 
0 
0 
0 
0 
0 
0 
0 
0 
0 
0 
0 
0 
0 
0 
0 
0 
0 
0 
0 
0 
0 
0 
0 
0 
0 
0 
0 
0 
0 
0 
0 
0 
0 
0 
0 
0 
0 
0 
0 
0 
0 
0 
0 
0 
0 
0 
0 
0 
0 
0 
0 
0 
0 
0 
0 
0 
0 
0 
0 
0 
0 
0 
0 
0 
0 
0 
0 
0 
0 
0 
0 
0 
0 
0 
0 
0 
0 
0 
0 
0 
0 
0 
0 
0 
0 
0 
0 
0 
0 
0 
0 
0 
0 
0 
0 
0 
0 
0 
0 
0 
0 
0 
0 
0 
0 
0 
0 
0 
0 
0 
0 
0 
0 
0 
0 
0 
0 
0 
0 
0 
0 
0 
0 
0 
0 
0 
0 
0 
0 
0 
0 
0 
0 
0 
0 
0 
0 
0 
0 
0 
0 
0 
0 
0 
0 
0 
0 
0 
0 
0 
0 
0 
0 
0 
0 
0 
0 
0 
0 
0 
0 
0 
0 
0 
0 
0 
0 
0 
0 
0 
0 
0 
0 
0 
0 
0 
0 
0 
0 
0 
0 
0 
0 
0 
0 
0 
0 
0 
0 
0 
0 
0 
0 
0 
0 
0 
0 
0 
0 
0 
0 
0 
0 
0 
0 
0 
0 
0 
0 
0 
0 
0 
0 
0 
0 
0 
0 
0 
0 
0 
0 
0 
0 
0 
0 
0 
0 
0 
0 
0 
0 
0 
0 
0 
0 
0 
0 
0 
0 
0 
0 
0 
0 
0 
0 
0 
0 
0 
0 
0 
0 
0 
0 
0 
0 
0 
0 
0 
0 
0 
0 
0 
0 
0 
0 
0 
0 
0 
0 
0 
0 
0 
0 
0 
0 
0 
0 
0 
0 
0 
0 
0 
0 
0 
0 
0 
0 
0 
0 
0 
0 
0 
0 
0 
0 
0 
0 
0 
0 
0 
0 
0 
0 
0 
0 
0 
0 
0 
0 
0 
0 
0 
0 
0 
0 
0 
0 
0 
0 
0 
0 
0 
0 
0 
0 
0 
0 
0 
0 
0 
0 
0 
0 
0 
0 
0 
0 
0 
0 
0 
0 
0 
0 
0 
0 
0 
0 
0 
0 
0 
0 
0 
0 
0 
0 
0 
0 
0 
0 
0 
0 
0 
0 
0 
0 
0 
0 
0 
0 
0 
0 
0 
0 
0 
0 
0 
0 
0 
0 
0 
0 
0 
0 
0 
0 
0 
0 
0 
0 
0 
0 
0 
0 
0 
0 
0 
0 
0 
0 
0 
0 
0 
0 
0 
0 
0 
0 
0 
0 
0 
0 
0 
0 
0 
0 
0 
0 
0 
0 
0 
0 
0 
0 
0 
0 
0 
0 
0 
0 
0 
0 
0 
0 
!IDEND=

