!FILE=Disk 
!KIND=Matrix 
!LABORATORY=Oslo Cyclotron Laboratory (OCL) 
!EXPERIMENT=siri2root 
!COMMENT=none
!TIME=2021-01-12 12:50:04
!CALIBRATION EkeV=6, 0.000000E+00, 1.000000E+00, 0.000000E+00
!PRECISION=16
!DIMENSION=1,0:20999
!CHANNEL=(0:20999)
1394.03 
1164.17 
962.113 
809.516 
716.129 
673.67 
663.588 
676.295 
704.371 
732.862 
751.152 
758.294 
758.42 
754.377 
748.515 
744.87 
745.346 
749.438 
755.345 
760.748 
764.507 
767.127 
769.935 
774.047 
780.076 
788.262 
798.426 
809.927 
821.714 
832.58 
841.532 
848.033 
852.035 
853.942 
854.518 
854.647 
855.039 
856.07 
857.777 
859.898 
861.954 
863.488 
864.304 
864.551 
864.708 
865.475 
867.49 
871.019 
875.82 
881.126 
885.886 
889.292 
891.16 
891.743 
891.262 
890.284 
889.728 
889.896 
890.806 
892.547 
894.75 
896.813 
898.398 
899.564 
900.789 
902.845 
906.396 
911.617 
918.083 
924.905 
930.944 
935.113 
936.98 
937.207 
936.847 
936.405 
936.247 
937.849 
943.246 
952.888 
965.551 
979.376 
992.251 
1002.36 
1008.74 
1011.49 
1011.85 
1011.48 
1011.12 
1011.46 
1014.09 
1019.95 
1028.53 
1038.41 
1047.94 
1055.98 
1062.13 
1066.78 
1070.85 
1075.4 
1081.22 
1088.78 
1098.23 
1109.44 
1122.11 
1135.86 
1150.18 
1164.51 
1178.18 
1190.63 
1201.55 
1210.96 
1219.14 
1226.65 
1233.97 
1241.28 
1248.5 
1255.43 
1261.99 
1268.4 
1275.33 
1283.68 
1294.08 
1306.63 
1320.67 
1334.97 
1348.03 
1358.64 
1366.29 
1371.24 
1374.41 
1377.06 
1380.25 
1384.54 
1389.92 
1395.8 
1401.17 
1404.91 
1406.57 
1406.56 
1405.22 
1402.93 
1400.6 
1399.12 
1398.98 
1400.25 
1402.88 
1406.83 
1412.03 
1418.49 
1426.21 
1435.03 
1444.56 
1454.1 
1462.72 
1469.51 
1473.76 
1475.14 
1473.55 
1469.1 
1462.15 
1453.37 
1443.63 
1434.03 
1425.81 
1420.25 
1418.22 
1420.02 
1425.71 
1435.17 
1447.6 
1461.67 
1475.9 
1488.81 
1499.14 
1505.99 
1508.93 
1507.86 
1503.35 
1496.97 
1490.52 
1485.23 
1481.62 
1479.23 
1476.72 
1472.3 
1464.52 
1453.07 
1438.97 
1424.4 
1411.95 
1403.71 
1400.73 
1403.23 
1410.02 
1418.15 
1424.56 
1427.52 
1426.51 
1421.62 
1413.58 
1404.05 
1394.95 
1387.71 
1382.88 
1380.04 
1378 
1375.23 
1370.4 
1362.78 
1352.38 
1339.96 
1326.92 
1314.91 
1305.34 
1298.98 
1296.04 
1296.53 
1299.55 
1302.78 
1304.12 
1302.91 
1298.91 
1291.73 
1281.44 
1268.72 
1254.54 
1239.93 
1225.84 
1213.09 
1202.46 
1194.59 
1189.67 
1187.49 
1188.27 
1190.66 
1191.45 
1189.73 
1186.31 
1181.96 
1178.4 
1177.73 
1180.89 
1187.86 
1198.3 
1211.14 
1224.53 
1236.45 
1245.41 
1250.84 
1252.85 
1251.7 
1248.21 
1243.96 
1239.83 
1235.72 
1231.2 
1225.76 
1219 
1210.78 
1201.28 
1191.01 
1180.75 
1171.44 
1163.98 
1159.02 
1156.82 
1157.41 
1160.14 
1162.91 
1163.52 
1161.18 
1155.88 
1147.75 
1137.41 
1125.94 
1114.68 
1104.85 
1097.22 
1092.04 
1088.94 
1087.11 
1085.54 
1083.46 
1080.54 
1076.98 
1073.38 
1070.36 
1068.22 
1066.87 
1065.85 
1064.52 
1062.35 
1059.22 
1055.48 
1051.82 
1049.07 
1047.81 
1048.2 
1050.1 
1053.07 
1056.54 
1060.09 
1063.52 
1066.74 
1069.54 
1071.53 
1072.31 
1071.7 
1069.47 
1065.26 
1059.28 
1052.45 
1046.02 
1041.19 
1038.69 
1038.75 
1041.18 
1045.36 
1050.35 
1055.17 
1059.02 
1061.38 
1062.11 
1061.19 
1058.73 
1055.08 
1050.97 
1047.51 
1045.52 
1045.05 
1046.02 
1047.87 
1049.3 
1049.5 
1046.57 
1036.71 
1017.8 
990.079 
954.906 
915.096 
874.794 
838.581 
810.176 
791.423 
781.963 
779.158 
779.189 
779.59 
779.856 
779.452 
777.259 
772.926 
766.928 
759.815 
752 
743.773 
735.385 
727.098 
719.133 
711.599 
704.466 
697.625 
691.013 
684.655 
678.682 
673.364 
668.995 
665.733 
663.532 
662.149 
661.176 
660.16 
658.711 
656.579 
653.675 
650.075 
645.999 
641.734 
637.531 
633.52 
629.673 
625.799 
621.584 
616.728 
611.101 
604.795 
598.128 
591.576 
585.61 
580.533 
576.432 
573.186 
570.537 
568.248 
566.218 
564.443 
562.941 
561.73 
560.745 
559.73 
558.258 
555.873 
552.259 
547.352 
541.374 
534.792 
528.199 
522.153 
517.053 
513.078 
510.181 
508.142 
506.701 
505.653 
504.883 
504.354 
504.064 
503.977 
503.985 
503.887 
503.353 
502.01 
499.565 
495.902 
491.111 
485.499 
479.577 
473.975 
469.329 
466.179 
464.716 
464.755 
466.152 
468.721 
471.888 
474.849 
476.826 
477.29 
476.078 
473.319 
469.45 
465.132 
461.016 
457.57 
454.978 
453.12 
451.638 
450.106 
448.202 
445.791 
442.952 
439.933 
437.043 
434.535 
432.552 
431.133 
430.228 
429.715 
429.441 
429.256 
429.046 
428.737 
428.296 
427.718 
427.006 
426.145 
425.081 
423.705 
421.854 
419.367 
416.171 
412.345 
408.154 
404.074 
400.674 
398.367 
397.237 
396.962 
396.994 
396.801 
395.897 
394.045 
391.404 
388.433 
385.686 
383.589 
382.315 
381.767 
381.636 
381.533 
381.098 
380.084 
378.419 
376.232 
373.846 
371.727 
370.309 
369.805 
370.256 
371.558 
372.93 
373.136 
371.531 
367.775 
361.549 
353.228 
343.766 
333.916 
323.946 
313.835 
303.347 
292.123 
280.015 
267.289 
254.6 
242.845 
232.857 
225.111 
219.616 
215.912 
213.196 
210.669 
207.84 
204.61 
201.239 
198.255 
196.205 
195.411 
195.959 
197.656 
199.964 
202.282 
204.216 
205.611 
206.522 
207.081 
207.356 
207.357 
207.015 
206.158 
204.669 
202.58 
200.099 
197.645 
195.729 
194.664 
194.458 
195.052 
196.305 
197.809 
198.997 
199.421 
198.93 
197.586 
195.61 
193.342 
191.129 
189.239 
187.837 
186.98 
186.664 
186.87 
187.512 
188.391 
189.293 
190.011 
190.363 
190.277 
189.68 
188.469 
186.746 
184.877 
183.362 
182.605 
182.755 
183.83 
185.699 
187.869 
189.644 
190.516 
190.326 
189.197 
187.572 
186.159 
185.519 
185.831 
186.938 
188.252 
189.051 
189.016 
187.801 
184.928 
180.646 
175.834 
171.316 
167.645 
165.064 
163.529 
162.779 
162.564 
162.801 
163.407 
164.18 
164.916 
165.418 
165.515 
165.146 
164.363 
163.365 
162.565 
162.388 
162.997 
164.337 
166.176 
168.08 
169.562 
170.344 
170.431 
169.889 
168.821 
167.441 
165.933 
164.357 
162.712 
160.999 
159.297 
157.795 
156.76 
156.41 
156.817 
157.921 
159.509 
161.249 
162.815 
163.982 
164.622 
164.669 
164.098 
162.887 
161.015 
158.5 
155.486 
152.329 
149.535 
147.525 
146.418 
146.085 
146.415 
147.12 
147.644 
147.659 
147.13 
146.17 
145.128 
144.436 
144.352 
144.942 
146.09 
147.437 
148.506 
149.045 
149.108 
148.782 
148.192 
147.654 
147.482 
147.783 
148.514 
149.536 
150.671 
151.772 
152.748 
153.526 
154.01 
154.1 
153.756 
152.996 
151.903 
150.67 
149.568 
148.843 
148.614 
148.903 
149.63 
150.534 
151.255 
151.532 
151.284 
150.515 
149.276 
147.745 
146.147 
144.662 
143.4 
142.422 
141.767 
141.44 
141.406 
141.641 
142.119 
142.748 
143.384 
143.864 
144.062 
143.935 
143.43 
142.463 
141.046 
139.3 
137.383 
135.455 
133.651 
132.063 
130.74 
129.699 
128.928 
128.393 
128.048 
127.833 
127.708 
127.67 
127.725 
127.898 
128.242 
128.799 
129.552 
130.398 
131.113 
131.467 
131.37 
130.741 
129.496 
127.769 
125.876 
124.105 
122.616 
121.446 
120.529 
119.732 
118.943 
118.136 
117.388 
116.85 
116.655 
116.846 
117.398 
118.198 
118.937 
119.217 
118.858 
117.84 
116.19 
114.063 
111.779 
109.751 
108.371 
107.754 
107.72 
108.14 
108.88 
109.598 
109.976 
109.919 
109.423 
108.562 
107.74 
107.521 
108.158 
109.659 
111.981 
114.919 
118.063 
120.871 
122.775 
123.367 
122.514 
120.308 
117.073 
113.343 
109.715 
106.72 
104.717 
103.873 
104.215 
105.535 
107.349 
109.197 
110.786 
111.919 
112.496 
112.491 
111.91 
110.791 
109.244 
107.479 
105.818 
104.623 
104.031 
103.898 
104.146 
104.611 
104.873 
104.67 
103.831 
102.186 
100 
98.0074 
96.9008 
96.9427 
98.2673 
100.917 
104.359 
107.657 
109.968 
110.797 
110.011 
107.808 
104.8 
101.81 
99.5878 
98.607 
99.0057 
100.677 
103.286 
106.399 
109.705 
113.075 
116.496 
119.983 
123.534 
127.065 
130.376 
133.207 
135.355 
136.764 
137.538 
137.846 
137.741 
137.429 
137.304 
137.446 
137.75 
138.078 
138.223 
138.084 
137.613 
136.767 
135.622 
134.399 
133.405 
132.885 
132.928 
133.548 
134.678 
136.034 
137.208 
137.901 
138.025 
137.583 
136.654 
135.465 
134.267 
133.189 
132.247 
131.368 
130.438 
129.385 
128.227 
127.092 
126.253 
126 
126.443 
127.545 
129.164 
131.046 
132.917 
134.57 
135.899 
136.879 
137.507 
137.777 
137.68 
137.187 
136.255 
134.925 
133.364 
131.799 
130.469 
129.602 
129.255 
129.273 
129.547 
129.978 
130.366 
130.584 
130.644 
130.648 
130.718 
130.94 
131.336 
131.744 
131.87 
131.559 
130.758 
129.432 
127.676 
125.787 
124.239 
123.464 
123.629 
124.811 
126.998 
129.788 
132.497 
134.5 
135.433 
135.2 
133.992 
132.342 
130.808 
129.687 
129.039 
128.792 
128.881 
129.149 
129.344 
129.418 
129.54 
129.902 
130.637 
131.758 
133.138 
134.355 
134.819 
134.248 
132.597 
129.876 
126.306 
122.363 
118.691 
115.952 
114.557 
114.566 
115.938 
118.514 
121.802 
125.134 
127.926 
129.809 
130.636 
130.39 
129.367 
128.245 
127.531 
127.339 
127.67 
128.425 
129.304 
129.952 
130.171 
129.909 
129.244 
128.406 
127.668 
127.185 
126.959 
126.848 
126.607 
125.995 
124.877 
123.253 
121.263 
119.172 
117.304 
115.956 
115.314 
115.431 
116.21 
117.347 
118.395 
118.988 
118.988 
118.312 
116.919 
115.077 
113.288 
112.009 
111.512 
111.87 
112.937 
114.287 
115.42 
116.009 
115.956 
115.35 
114.483 
113.744 
113.407 
113.554 
114.118 
114.876 
115.51 
115.828 
115.831 
115.564 
115.1 
114.589 
114.153 
113.833 
113.591 
113.4 
113.325 
113.42 
113.74 
114.387 
115.398 
116.664 
117.947 
118.949 
119.474 
119.501 
119.057 
118.222 
117.223 
116.313 
115.64 
115.223 
114.967 
114.696 
114.243 
113.529 
112.594 
111.58 
110.68 
110.07 
109.851 
110.049 
110.633 
111.501 
112.532 
113.645 
114.817 
116.055 
117.368 
118.751 
120.143 
121.38 
122.213 
122.435 
121.974 
120.882 
119.359 
117.764 
116.517 
115.919 
116.067 
116.926 
118.319 
119.875 
121.155 
121.858 
121.888 
121.246 
120 
118.366 
116.628 
114.985 
113.508 
112.197 
111.001 
109.845 
108.705 
107.652 
106.9 
106.718 
107.225 
108.422 
110.268 
112.637 
115.293 
117.921 
120.193 
121.829 
122.68 
122.732 
122.007 
120.555 
118.489 
115.956 
113.109 
110.159 
107.416 
105.302 
104.188 
104.223 
105.515 
108.143 
111.811 
115.871 
119.583 
122.282 
123.683 
123.927 
123.151 
121.55 
119.675 
118.21 
117.498 
117.459 
117.971 
118.858 
119.653 
119.896 
119.431 
118.34 
116.885 
115.428 
114.256 
113.512 
113.238 
113.436 
113.999 
114.685 
115.236 
115.462 
115.276 
114.596 
113.336 
111.607 
109.755 
108.254 
107.497 
107.63 
108.707 
110.683 
113.155 
115.458 
116.974 
117.338 
116.452 
114.445 
111.738 
108.926 
106.511 
104.773 
103.773 
103.392 
103.357 
103.402 
103.372 
103.148 
102.818 
102.687 
102.928 
103.601 
104.774 
106.418 
108.321 
110.119 
111.402 
111.987 
111.972 
111.455 
110.559 
109.596 
108.908 
108.691 
109.001 
109.791 
110.894 
112.039 
112.925 
113.335 
113.2 
112.528 
111.411 
110.091 
108.874 
107.989 
107.505 
107.37 
107.535 
107.958 
108.55 
109.226 
109.924 
110.573 
111.037 
111.143 
110.809 
110.06 
109.02 
107.936 
107.116 
106.727 
106.708 
106.981 
107.444 
107.869 
108.086 
108.108 
108.072 
108.205 
108.832 
110.146 
112.076 
114.324 
116.418 
117.909 
118.549 
118.277 
117.238 
115.815 
114.404 
113.219 
112.313 
111.591 
110.856 
109.927 
108.739 
107.369 
106.005 
104.86 
104.085 
103.749 
103.86 
104.318 
104.916 
105.5 
106.033 
106.513 
106.952 
107.361 
107.73 
108.016 
108.171 
108.08 
107.817 
107.763 
108.082 
108.736 
109.682 
110.779 
111.855 
112.751 
113.342 
113.573 
113.433 
113.003 
112.471 
111.983 
111.57 
111.171 
110.645 
109.843 
108.712 
107.338 
105.942 
104.84 
104.296 
104.409 
105.2 
106.612 
108.354 
109.999 
111.185 
111.715 
111.543 
110.753 
109.586 
108.323 
107.173 
106.271 
105.691 
105.465 
105.603 
106.072 
106.764 
107.51 
108.1 
108.361 
108.23 
107.657 
106.583 
105.092 
103.403 
101.766 
100.417 
99.5577 
99.3155 
99.7299 
100.767 
102.278 
103.956 
105.359 
106.103 
106.037 
105.078 
103.199 
100.741 
98.3327 
96.5907 
95.9049 
96.3869 
97.9158 
100.113 
102.47 
104.526 
105.88 
106.42 
106.379 
105.935 
105.246 
104.6 
104.174 
103.986 
103.961 
103.984 
104.009 
103.989 
103.798 
103.325 
102.556 
101.583 
100.582 
99.8049 
99.5075 
99.8057 
100.683 
102.004 
103.46 
104.633 
105.199 
105.056 
104.245 
102.971 
101.648 
100.695 
100.23 
100.111 
100.293 
100.645 
100.785 
100.512 
99.8609 
98.9497 
98.0241 
97.392 
97.2788 
97.7547 
98.7576 
100.079 
101.413 
102.469 
103.08 
103.217 
102.896 
102.166 
101.164 
100.097 
99.2181 
98.7431 
98.7595 
99.327 
100.481 
102.036 
103.612 
104.818 
105.392 
105.259 
104.519 
103.484 
102.615 
102.291 
102.643 
103.613 
104.981 
106.392 
107.491 
108.06 
108.04 
107.496 
106.625 
105.663 
104.776 
104.033 
103.401 
102.802 
102.2 
101.63 
101.181 
100.942 
100.954 
101.243 
101.824 
102.62 
103.488 
104.321 
105.077 
105.757 
106.385 
107.003 
107.623 
108.208 
108.679 
108.964 
109.027 
108.867 
108.505 
108.012 
107.469 
106.918 
106.351 
105.714 
104.947 
104.02 
102.962 
101.853 
100.816 
99.9664 
99.3727 
99.0349 
98.8801 
98.7661 
98.517 
97.9889 
97.1321 
96.0168 
94.8308 
93.9348 
93.7391 
94.425 
95.9655 
98.1996 
100.784 
103.236 
105.062 
106.007 
106.127 
105.507 
104.28 
102.787 
101.402 
100.362 
99.7466 
99.5553 
99.7733 
100.389 
101.392 
102.763 
104.421 
106.187 
107.779 
108.857 
109.149 
108.562 
107.154 
105.133 
102.857 
100.741 
99.164 
98.3656 
98.4152 
99.2782 
100.798 
102.654 
104.432 
105.722 
106.248 
105.927 
104.778 
102.928 
100.666 
98.3508 
96.2976 
94.7197 
93.7134 
93.2857 
93.4169 
94.0145 
94.8887 
95.8895 
96.9235 
97.8867 
98.6791 
99.2359 
99.5489 
99.6468 
99.5505 
99.3123 
99.0457 
98.8471 
98.7651 
98.8163 
99.0147 
99.3806 
99.9117 
100.591 
101.395 
102.264 
103.078 
103.624 
103.679 
103.153 
102.076 
100.584 
98.9489 
97.5287 
96.6462 
96.4817 
97.0793 
98.3623 
100.082 
101.883 
103.443 
104.538 
105.064 
105.006 
104.463 
103.645 
102.709 
101.711 
100.663 
99.5653 
98.4394 
97.3572 
96.4501 
95.9016 
95.8735 
96.4237 
97.5268 
99.0808 
100.898 
102.751 
104.433 
105.799 
106.782 
107.391 
107.673 
107.652 
107.351 
106.815 
106.074 
105.158 
104.139 
103.118 
102.207 
101.491 
101.012 
100.754 
100.647 
100.62 
100.647 
100.722 
100.858 
101.102 
101.513 
102.12 
102.914 
103.839 
104.793 
105.653 
106.322 
106.746 
106.909 
106.81 
106.482 
105.996 
105.397 
104.692 
103.885 
103.009 
102.163 
101.507 
101.17 
101.172 
101.506 
102.099 
102.685 
102.962 
102.812 
102.127 
100.769 
98.8714 
96.8113 
94.9855 
93.6965 
93.0963 
93.2136 
93.9292 
94.9848 
96.1741 
97.4187 
98.7017 
100.024 
101.361 
102.638 
103.723 
104.463 
104.749 
104.548 
103.905 
102.965 
101.911 
100.886 
99.9448 
99.0334 
98.0189 
96.7628 
95.1972 
93.3529 
91.3764 
89.5328 
88.1402 
87.4285 
87.4692 
88.2313 
89.5763 
91.2384 
92.9001 
94.265 
95.1062 
95.4255 
95.436 
95.2513 
94.9762 
94.8467 
94.9871 
95.3824 
95.9557 
96.4859 
96.6899 
96.4376 
95.7471 
94.734 
93.6408 
92.7786 
92.3381 
92.3109 
92.649 
93.2703 
93.9867 
94.6177 
95.0894 
95.4414 
95.7649 
96.1046 
96.4441 
96.6962 
96.7853 
96.767 
96.711 
96.6422 
96.6169 
96.8397 
97.5833 
98.8583 
100.416 
101.931 
103.05 
103.505 
103.212 
102.232 
100.773 
99.1287 
97.5368 
96.0993 
94.7715 
93.4358 
92.0276 
90.5719 
89.1951 
88.1414 
87.6361 
87.7563 
88.4991 
89.756 
91.1921 
92.3541 
92.9699 
93.0424 
92.6296 
91.8492 
91.0856 
90.786 
91.1248 
92.0802 
93.5437 
95.2842 
96.9962 
98.3873 
99.2524 
99.608 
99.6576 
99.5267 
99.2782 
99.0324 
98.8769 
98.8122 
98.7628 
98.5993 
98.1992 
97.5053 
96.5464 
95.4441 
94.4089 
93.7163 
93.6 
94.1426 
95.3111 
96.9725 
98.8749 
100.698 
102.126 
102.967 
103.195 
102.829 
101.941 
100.765 
99.6297 
98.8461 
98.6125 
98.9867 
99.9108 
101.193 
102.542 
103.591 
103.982 
103.566 
102.367 
100.521 
98.3292 
96.2357 
94.7291 
94.1566 
94.6258 
96.1089 
98.4096 
101.04 
103.338 
104.755 
105.042 
104.159 
102.26 
99.8419 
97.5771 
96.0225 
95.4739 
96.0044 
97.4791 
99.4954 
101.528 
103.114 
104.008 
104.214 
103.786 
102.814 
101.51 
100.112 
98.8201 
97.7985 
97.2031 
97.1525 
97.6874 
98.7849 
100.345 
102.165 
103.965 
105.454 
106.402 
106.688 
106.283 
105.231 
103.67 
101.823 
99.9285 
98.2128 
96.8503 
95.9427 
95.5243 
95.5974 
96.0494 
96.6089 
97.0063 
97.0773 
96.7663 
96.0984 
95.1779 
94.3463 
94.0796 
94.6062 
95.9617 
98.1316 
100.927 
103.944 
106.661 
108.605 
109.615 
109.83 
109.362 
108.329 
107.022 
105.732 
104.587 
103.535 
102.431 
101.195 
99.8459 
98.5175 
97.5275 
97.2289 
97.7624 
99.0889 
101.042 
103.316 
105.545 
107.409 
108.692 
109.295 
109.196 
108.432 
107.116 
105.412 
103.51 
101.608 
99.8982 
98.5319 
97.6067 
97.1642 
97.2112 
97.6815 
98.4101 
99.2197 
99.9629 
100.513 
100.794 
100.782 
100.501 
100.026 
99.4832 
99.0129 
98.7314 
98.7006 
98.9352 
99.4089 
100.032 
100.664 
101.148 
101.368 
101.284 
100.861 
100.054 
98.9086 
97.5807 
96.2772 
95.2198 
94.5916 
94.4909 
94.9417 
95.9065 
97.2612 
98.819 
100.388 
101.801 
102.933 
103.699 
104.053 
103.982 
103.52 
102.767 
101.884 
101.065 
100.525 
100.429 
100.833 
101.709 
102.949 
104.34 
105.466 
105.833 
105.222 
103.634 
101.138 
97.9901 
94.7116 
91.9882 
90.3759 
90.0924 
91.1594 
93.4014 
96.2636 
99.0039 
101.037 
102.111 
102.407 
102.37 
102.381 
102.665 
103.252 
103.887 
104.219 
104.077 
103.276 
101.58 
99.2159 
96.8879 
95.3266 
94.9748 
95.9501 
98.1 
100.926 
103.72 
105.843 
107.005 
107.278 
106.764 
105.602 
104.121 
102.655 
101.387 
100.361 
99.5058 
98.6636 
97.6771 
96.4852 
95.1603 
93.8988 
93.0061 
92.7656 
93.2816 
94.5152 
96.3064 
98.3558 
100.312 
101.893 
102.963 
103.556 
103.787 
103.715 
103.443 
103.156 
102.902 
102.583 
102.107 
101.432 
100.576 
99.6144 
98.6643 
97.83 
97.1455 
96.5469 
95.8872 
95.0032 
93.8026 
92.3071 
90.7014 
89.3756 
88.7259 
88.912 
90.0847 
92.4365 
95.7678 
99.4788 
102.905 
105.552 
107.193 
107.775 
107.294 
105.905 
103.957 
101.765 
99.5354 
97.4368 
95.5881 
94.0619 
92.8914 
92.0734 
91.5671 
91.3008 
91.2094 
91.27 
91.5259 
92.1195 
93.2696 
95.1724 
97.8744 
101.204 
104.772 
108.03 
110.39 
111.447 
111.078 
109.386 
106.743 
103.752 
101.045 
99.1082 
98.1891 
98.3406 
99.3634 
100.781 
102.142 
103.186 
103.814 
104.045 
103.919 
103.557 
103.168 
102.854 
102.579 
102.264 
101.828 
101.243 
100.546 
99.8356 
99.2345 
98.8356 
98.6494 
98.5846 
98.4678 
98.1163 
97.4219 
96.388 
95.1514 
93.9867 
93.2381 
93.1657 
93.8535 
95.2422 
97.1188 
99.1303 
100.875 
102.001 
102.308 
101.743 
100.383 
98.5015 
96.524 
94.9096 
94.0084 
93.971 
94.822 
96.4741 
98.6432 
100.918 
102.904 
104.32 
105.03 
105.003 
104.309 
103.14 
101.728 
100.284 
99.0177 
98.1639 
97.9283 
98.3867 
99.5123 
101.185 
103.149 
105.053 
106.52 
107.301 
107.346 
106.669 
105.362 
103.723 
102.159 
101.004 
100.435 
100.493 
101.058 
101.81 
102.395 
102.583 
102.297 
101.57 
100.503 
99.2473 
97.9537 
96.7498 
95.73 
94.9561 
94.4648 
94.2737 
94.387 
94.8053 
95.5228 
96.5127 
97.7153 
99.0339 
100.341 
101.501 
102.407 
102.996 
103.247 
103.159 
102.779 
102.207 
101.522 
100.757 
99.9414 
99.1291 
98.4139 
97.9257 
97.7754 
98.0016 
98.5789 
99.4022 
100.272 
100.949 
101.297 
101.34 
101.121 
100.714 
100.345 
100.25 
100.513 
101.093 
101.846 
102.557 
103.044 
103.222 
103.078 
102.761 
102.54 
102.529 
102.724 
103.031 
103.233 
103.199 
102.785 
101.808 
100.408 
99.0296 
98.0947 
97.8306 
98.2901 
99.3789 
100.796 
102.131 
103.056 
103.412 
103.163 
102.402 
101.367 
100.282 
99.2666 
98.3831 
97.6694 
97.2016 
97.092 
97.4013 
98.1246 
99.2062 
100.509 
101.8 
102.791 
103.254 
103.112 
102.352 
101.019 
99.3299 
97.6134 
96.1732 
95.2147 
94.825 
95.017 
95.628 
96.2643 
96.6089 
96.5748 
96.1564 
95.4465 
94.7472 
94.387 
94.4947 
95.1456 
96.3757 
97.9328 
99.3809 
100.369 
100.72 
100.402 
99.5708 
98.5971 
97.8312 
97.4581 
97.5321 
97.9961 
98.6727 
99.3326 
99.7901 
99.9402 
99.757 
99.2456 
98.4186 
97.3143 
96.0333 
94.7854 
93.9401 
93.8751 
94.7358 
96.4706 
98.8568 
101.46 
103.754 
105.298 
105.855 
105.368 
104.031 
102.37 
100.955 
100.128 
99.9904 
100.53 
101.662 
103.192 
104.91 
106.646 
108.226 
109.418 
110.009 
109.909 
109.037 
107.297 
104.834 
102.042 
99.3722 
97.2241 
95.8426 
95.2186 
95.3379 
95.8569 
96.0438 
95.7519 
95.204 
94.5893 
94.2014 
94.1922 
94.6177 
95.4831 
96.5555 
97.4578 
97.9174 
97.8456 
97.23 
96.1415 
94.8609 
93.7878 
93.21 
93.2126 
93.8018 
94.9221 
96.3531 
97.7924 
99.0044 
99.8752 
100.407 
100.698 
100.924 
101.275 
101.894 
102.835 
104.043 
105.36 
106.549 
107.345 
107.552 
107.105 
106.053 
104.565 
102.917 
101.408 
100.295 
99.7147 
99.678 
100.165 
101.13 
102.449 
103.953 
105.441 
106.646 
107.313 
107.334 
106.637 
105.158 
103.034 
100.539 
97.9657 
95.6177 
93.7682 
92.6115 
92.2409 
92.6767 
93.8768 
95.687 
97.8304 
99.9426 
101.664 
102.774 
103.307 
103.462 
103.284 
102.919 
102.818 
103.181 
103.938 
104.984 
106.091 
106.956 
107.33 
107.123 
106.312 
104.942 
103.275 
101.73 
100.674 
100.194 
100.105 
100.282 
100.586 
100.759 
100.669 
100.21 
99.2226 
97.795 
96.2673 
95.0223 
94.339 
94.3277 
95.0027 
96.2883 
97.9392 
99.6175 
101.048 
102.077 
102.676 
102.913 
102.814 
102.531 
102.432 
102.631 
103.021 
103.468 
103.78 
103.831 
103.595 
103.12 
102.57 
102.177 
102.119 
102.456 
103.141 
104.003 
104.755 
105.141 
105.065 
104.416 
103.021 
100.937 
98.5015 
96.1788 
94.4458 
93.6275 
93.8226 
94.993 
96.9452 
99.2757 
101.504 
103.251 
104.333 
104.795 
104.878 
104.853 
104.864 
104.978 
105.221 
105.552 
105.895 
106.175 
106.344 
106.386 
106.302 
106.087 
105.705 
105.089 
104.165 
102.901 
101.328 
99.5567 
97.7791 
96.2418 
95.1751 
94.7199 
94.9156 
95.7057 
96.9145 
98.2971 
99.613 
100.672 
101.37 
101.72 
101.811 
101.697 
101.434 
101.178 
101.096 
101.248 
101.633 
102.229 
102.973 
103.765 
104.508 
105.141 
105.664 
106.135 
106.662 
107.351 
108.249 
109.319 
110.423 
111.224 
111.303 
110.469 
108.744 
106.29 
103.459 
100.744 
98.5989 
97.2667 
96.8117 
97.2338 
98.3572 
99.7816 
101.18 
102.425 
103.516 
104.559 
105.713 
107.084 
108.669 
110.34 
111.857 
112.961 
113.487 
113.389 
112.718 
111.627 
110.303 
108.887 
107.441 
105.98 
104.501 
103.027 
101.624 
100.398 
99.4486 
98.8111 
98.4276 
98.1563 
97.8121 
97.2464 
96.4294 
95.4844 
94.7537 
94.6601 
95.3945 
96.9279 
99.0872 
101.511 
103.721 
105.284 
106.064 
106.216 
105.855 
105.094 
104.218 
103.511 
103.107 
102.972 
102.956 
102.911 
102.764 
102.534 
102.311 
102.193 
102.217 
102.424 
102.87 
103.528 
104.301 
105.098 
105.855 
106.552 
107.206 
107.861 
108.558 
109.315 
110.119 
110.926 
111.656 
112.214 
112.526 
112.564 
112.326 
111.832 
111.15 
110.375 
109.593 
108.866 
108.222 
107.651 
107.118 
106.584 
106.015 
105.399 
104.74 
104.06 
103.389 
102.766 
102.222 
101.786 
101.475 
101.306 
101.297 
101.455 
101.786 
102.302 
103.011 
103.902 
104.945 
106.08 
107.221 
108.266 
109.117 
109.7 
109.994 
110.02 
109.794 
109.335 
108.698 
107.971 
107.254 
106.653 
106.245 
106.042 
105.968 
105.862 
105.517 
104.741 
103.433 
101.607 
99.4161 
97.1554 
95.1972 
93.8727 
93.3747 
93.7548 
94.9309 
96.6559 
98.6088 
100.508 
102.151 
103.428 
104.304 
104.808 
104.992 
104.88 
104.512 
103.98 
103.36 
102.82 
102.629 
102.927 
103.751 
105.095 
106.82 
108.615 
110.072 
110.887 
110.977 
110.348 
109.114 
107.644 
106.436 
105.782 
105.683 
106.074 
106.832 
107.644 
108.184 
108.283 
107.905 
107.099 
106.027 
104.899 
103.88 
103.06 
102.463 
102.091 
101.952 
102.06 
102.427 
103.039 
103.805 
104.539 
105.03 
105.163 
104.911 
104.341 
103.739 
103.486 
103.752 
104.553 
105.851 
107.381 
108.63 
109.168 
108.855 
107.744 
106.08 
104.33 
102.986 
102.292 
102.208 
102.658 
103.533 
104.577 
105.517 
106.173 
106.469 
106.388 
105.964 
105.292 
104.48 
103.634 
103.024 
102.854 
102.948 
103.09 
103.18 
102.948 
102.128 
100.92 
99.7054 
98.7673 
98.3442 
98.5257 
99.3055 
100.569 
102.001 
103.241 
104.08 
104.5 
104.664 
104.855 
105.341 
106.241 
107.469 
108.764 
109.828 
110.496 
110.732 
110.543 
110.051 
109.498 
109.03 
108.63 
108.188 
107.567 
106.691 
105.607 
104.491 
103.609 
103.166 
103.226 
103.689 
104.224 
104.461 
104.258 
103.559 
102.304 
100.634 
98.9146 
97.5549 
96.8114 
96.7354 
97.3101 
98.4468 
99.8769 
101.241 
102.245 
102.734 
102.669 
102.134 
101.349 
100.558 
99.9122 
99.463 
99.1872 
99.0377 
98.9804 
99.0075 
99.1816 
99.6141 
100.339 
101.247 
102.067 
102.514 
102.469 
101.831 
100.484 
98.6137 
96.7044 
95.2934 
94.7552 
95.2046 
96.6377 
98.936 
101.742 
104.558 
106.921 
108.499 
109.134 
108.791 
107.569 
105.744 
103.654 
101.621 
99.9652 
98.9795 
98.8564 
99.6535 
101.311 
103.613 
106.204 
108.666 
110.606 
111.786 
112.16 
111.744 
110.627 
109.077 
107.466 
106.152 
105.364 
105.148 
105.489 
106.307 
107.368 
108.352 
108.977 
109.068 
108.575 
107.544 
106.139 
104.626 
103.311 
102.476 
102.293 
102.808 
103.955 
105.509 
107.124 
108.441 
109.202 
109.301 
108.724 
107.529 
105.904 
104.14 
102.547 
101.423 
100.971 
101.265 
102.31 
104.031 
106.163 
108.287 
109.968 
110.945 
111.209 
110.803 
109.842 
108.665 
107.705 
107.258 
107.413 
108.11 
109.138 
110.173 
110.928 
111.242 
111.071 
110.461 
109.545 
108.478 
107.369 
106.266 
105.173 
104.092 
103.06 
102.177 
101.624 
101.589 
102.153 
103.291 
104.899 
106.777 
108.676 
110.361 
111.674 
112.548 
113.008 
113.132 
112.967 
112.524 
111.827 
110.9 
109.775 
108.515 
107.23 
106.07 
105.245 
104.964 
105.316 
106.292 
107.844 
109.84 
112.038 
114.1 
115.652 
116.407 
116.262 
115.155 
113.039 
110.103 
106.765 
103.516 
100.833 
99.0729 
98.2717 
98.1739 
98.6173 
99.4866 
100.502 
101.377 
101.959 
102.194 
102.076 
101.701 
101.282 
101.009 
100.977 
101.216 
101.707 
102.382 
103.135 
103.842 
104.384 
104.691 
104.759 
104.598 
104.241 
103.802 
103.444 
103.305 
103.439 
103.835 
104.42 
105.032 
105.444 
105.472 
105.054 
104.226 
103.121 
101.944 
100.908 
100.173 
99.8167 
99.8531 
100.199 
100.659 
101.077 
101.433 
101.836 
102.513 
103.759 
105.814 
108.715 
112.238 
115.903 
119.054 
121.027 
121.401 
120.057 
117.163 
113.275 
109.228 
105.825 
103.624 
102.876 
103.618 
105.614 
108.307 
111.099 
113.498 
115.132 
115.815 
115.504 
114.261 
112.284 
109.865 
107.343 
105.091 
103.482 
102.773 
103.044 
104.276 
106.316 
108.742 
110.95 
112.401 
112.823 
112.159 
110.561 
108.524 
106.859 
106.311 
107.154 
109.315 
112.496 
116.137 
119.589 
122.337 
124.115 
124.844 
124.522 
123.352 
121.778 
120.144 
118.594 
117.198 
115.978 
114.913 
113.932 
112.93 
111.805 
110.522 
109.135 
107.782 
106.64 
105.868 
105.56 
105.741 
106.386 
107.418 
108.735 
110.241 
111.827 
113.341 
114.582 
115.34 
115.472 
114.939 
113.79 
112.19 
110.365 
108.509 
106.745 
105.145 
103.796 
102.852 
102.48 
102.758 
103.791 
105.744 
108.511 
111.589 
114.27 
115.919 
116.215 
115.088 
112.704 
109.606 
106.571 
104.308 
103.242 
103.491 
104.901 
107.003 
109.16 
110.804 
111.584 
111.397 
110.328 
108.65 
106.772 
105.084 
103.873 
103.283 
103.349 
104.003 
105.054 
106.261 
107.424 
108.397 
109.104 
109.52 
109.688 
109.688 
109.559 
109.298 
108.902 
108.354 
107.629 
106.72 
105.663 
104.55 
103.509 
102.669 
102.14 
101.992 
102.243 
102.876 
103.829 
104.992 
106.227 
107.387 
108.361 
109.114 
109.713 
110.324 
111.18 
112.492 
114.321 
116.516 
118.723 
120.434 
121.216 
120.903 
119.358 
116.419 
112.327 
107.753 
103.508 
100.341 
98.7287 
98.8073 
100.45 
103.204 
106.314 
108.939 
110.479 
110.746 
109.742 
107.66 
105.125 
102.993 
101.884 
101.989 
103.373 
106.027 
109.565 
113.333 
116.685 
119.106 
120.382 
120.588 
119.806 
118.154 
115.966 
113.657 
111.577 
110.004 
109.132 
108.886 
108.919 
108.982 
109.021 
108.977 
108.76 
108.394 
108.049 
107.908 
108.045 
108.473 
109.201 
110.175 
111.282 
112.402 
113.461 
114.434 
115.325 
116.082 
116.551 
116.603 
116.085 
114.805 
112.753 
110.083 
107.099 
104.269 
102.117 
101.023 
101.107 
102.314 
104.382 
106.793 
108.958 
110.429 
110.993 
110.608 
109.518 
108.297 
107.471 
107.301 
107.862 
109.078 
110.709 
112.426 
113.949 
115.108 
115.844 
116.178 
116.142 
115.818 
115.352 
114.813 
114.17 
113.367 
112.377 
111.239 
110.05 
108.963 
108.153 
107.749 
107.799 
108.31 
109.248 
110.464 
111.724 
112.795 
113.524 
113.876 
113.953 
113.939 
114.026 
114.408 
115.183 
116.265 
117.431 
118.387 
118.922 
118.979 
118.567 
117.757 
116.778 
115.943 
115.484 
115.476 
115.925 
116.76 
117.767 
118.664 
119.242 
119.41 
119.153 
118.501 
117.544 
116.398 
115.155 
113.878 
112.625 
111.478 
110.56 
110.001 
109.872 
110.188 
110.895 
111.815 
112.696 
113.326 
113.643 
113.722 
113.613 
113.408 
113.298 
113.381 
113.725 
114.457 
115.591 
116.986 
118.423 
119.688 
120.639 
121.218 
121.412 
121.224 
120.671 
119.792 
118.622 
117.219 
115.698 
114.228 
113.014 
112.225 
111.945 
112.197 
112.841 
113.507 
113.861 
113.799 
113.265 
112.249 
110.984 
109.867 
109.224 
109.201 
109.826 
111.027 
112.574 
114.142 
115.429 
116.217 
116.396 
115.939 
114.873 
113.295 
111.371 
109.315 
107.369 
105.766 
104.69 
104.239 
104.44 
105.263 
106.609 
108.341 
110.311 
112.358 
114.306 
115.963 
117.142 
117.743 
117.78 
117.278 
116.291 
114.987 
113.59 
112.303 
111.252 
110.486 
110.008 
109.803 
109.864 
110.169 
110.671 
111.32 
112.039 
112.705 
113.144 
113.202 
112.823 
112.027 
110.898 
109.584 
108.264 
107.092 
106.173 
105.557 
105.263 
105.294 
105.689 
106.531 
107.874 
109.71 
111.954 
114.408 
116.794 
118.844 
120.371 
121.306 
121.662 
121.466 
120.839 
120.024 
119.191 
118.396 
117.678 
117.062 
116.561 
116.166 
115.852 
115.569 
115.272 
114.938 
114.582 
114.256 
114.049 
114.041 
114.258 
114.679 
115.228 
115.781 
116.206 
116.417 
116.392 
116.136 
115.659 
114.992 
114.154 
113.147 
111.981 
110.701 
109.42 
108.426 
108.108 
108.648 
110.076 
112.384 
115.438 
118.927 
122.387 
125.26 
127.034 
127.412 
126.317 
123.888 
120.595 
117.165 
114.35 
112.636 
112.118 
112.762 
114.394 
116.499 
118.404 
119.59 
119.829 
119.077 
117.441 
115.267 
113.055 
111.284 
110.25 
110.025 
110.594 
111.869 
113.596 
115.4 
116.904 
117.829 
118.162 
118.166 
118.092 
118.016 
118.026 
118.377 
119.313 
120.779 
122.46 
123.987 
125.079 
125.604 
125.541 
125.051 
124.507 
124.199 
124.198 
124.511 
125.09 
125.749 
126.229 
126.345 
126.039 
125.352 
124.41 
123.378 
122.399 
121.554 
120.87 
120.344 
120.016 
119.91 
119.932 
119.992 
120.057 
120.088 
119.94 
119.395 
118.455 
117.323 
116.251 
115.538 
115.405 
115.92 
116.983 
118.277 
119.35 
119.87 
119.73 
118.964 
117.743 
116.416 
115.367 
114.82 
114.796 
115.257 
116.135 
117.292 
118.604 
119.997 
121.392 
122.664 
123.637 
124.178 
124.261 
123.895 
123.144 
122.237 
121.503 
121.185 
121.362 
122.003 
122.949 
123.834 
124.29 
124.175 
123.332 
121.526 
118.864 
115.83 
113.024 
110.999 
110.099 
110.424 
111.876 
114.14 
116.751 
119.26 
121.359 
122.918 
123.936 
124.504 
124.736 
124.678 
124.393 
124.005 
123.596 
123.216 
122.919 
122.726 
122.607 
122.487 
122.263 
121.847 
121.206 
120.376 
119.458 
118.578 
117.845 
117.362 
117.169 
117.19 
117.357 
117.608 
117.821 
117.919 
117.926 
117.913 
117.952 
118.143 
118.584 
119.31 
120.295 
121.447 
122.613 
123.63 
124.382 
124.834 
125.036 
125.107 
125.182 
125.364 
125.696 
126.152 
126.661 
127.147 
127.567 
127.858 
127.933 
127.748 
127.263 
126.388 
125.088 
123.451 
121.702 
120.174 
119.198 
118.952 
119.472 
120.644 
122.1 
123.334 
123.977 
123.915 
123.186 
121.961 
120.563 
119.328 
118.48 
118.111 
118.241 
118.814 
119.711 
120.833 
122.116 
123.454 
124.686 
125.621 
126.14 
126.242 
125.948 
125.323 
124.572 
123.972 
123.673 
123.648 
123.853 
124.208 
124.515 
124.577 
124.332 
123.823 
123.2 
122.677 
122.412 
122.454 
122.776 
123.261 
123.699 
123.904 
123.809 
123.356 
122.474 
121.235 
119.837 
118.498 
117.407 
116.693 
116.362 
116.316 
116.492 
116.857 
117.347 
117.902 
118.507 
119.199 
120.064 
121.207 
122.7 
124.552 
126.663 
128.77 
130.451 
131.315 
131.193 
129.99 
127.712 
124.824 
122.162 
120.47 
120.116 
121.172 
123.445 
126.324 
129.01 
130.902 
131.729 
131.462 
130.499 
129.595 
129.156 
129.085 
129.149 
129.231 
129.189 
128.677 
127.461 
125.722 
123.963 
122.694 
122.086 
121.985 
122.273 
122.836 
123.369 
123.561 
123.307 
122.645 
121.706 
120.688 
119.789 
119.159 
118.877 
118.961 
119.34 
119.815 
120.168 
120.274 
120.1 
119.695 
119.215 
118.837 
118.65 
118.619 
118.644 
118.665 
118.583 
118.247 
117.614 
116.962 
116.764 
117.262 
118.502 
120.49 
123.064 
125.86 
128.426 
130.391 
131.573 
131.959 
131.589 
130.586 
129.188 
127.573 
125.834 
124.059 
122.339 
120.782 
119.527 
118.729 
118.497 
118.864 
119.789 
121.124 
122.626 
124.007 
125.014 
125.504 
125.437 
124.933 
124.342 
123.999 
124.024 
124.486 
125.424 
126.604 
127.596 
128.074 
127.932 
127.144 
125.744 
123.982 
122.234 
120.814 
119.884 
119.42 
119.238 
119.104 
118.824 
118.475 
118.406 
118.828 
119.854 
121.592 
123.93 
126.542 
129.069 
131.223 
132.821 
133.811 
134.227 
134.103 
133.651 
133.295 
133.277 
133.621 
134.249 
134.837 
134.955 
134.417 
133.25 
131.613 
129.822 
128.258 
127.225 
126.867 
127.209 
128.094 
129.164 
130.112 
130.802 
131.217 
131.446 
131.638 
131.903 
132.252 
132.578 
132.722 
132.608 
132.179 
131.359 
130.239 
129.104 
128.291 
128.027 
128.382 
129.292 
130.555 
131.887 
133.05 
133.925 
134.54 
135.048 
135.661 
136.542 
137.73 
139.105 
140.417 
141.335 
141.583 
141.062 
139.815 
137.997 
135.866 
133.716 
131.814 
130.362 
129.478 
129.205 
129.549 
130.486 
131.937 
133.765 
135.797 
137.836 
139.687 
141.184 
142.21 
142.71 
142.672 
142.16 
141.337 
140.398 
139.522 
138.874 
138.561 
138.616 
139.036 
139.653 
140.104 
140.165 
139.641 
138.342 
136.415 
134.18 
132.035 
130.47 
129.723 
129.686 
130.242 
131.231 
132.236 
132.875 
133.025 
132.685 
131.949 
131.091 
130.471 
130.336 
130.765 
131.708 
133.001 
134.403 
135.669 
136.537 
136.762 
136.242 
134.985 
133.067 
130.673 
128.132 
125.889 
124.403 
123.986 
124.731 
126.542 
129.099 
131.926 
134.564 
136.68 
138.126 
138.954 
139.356 
139.513 
139.486 
139.312 
139.033 
138.608 
137.995 
137.224 
136.376 
135.557 
134.85 
134.295 
133.879 
133.555 
133.281 
133.075 
133.007 
133.121 
133.421 
133.893 
134.469 
135 
135.333 
135.387 
135.147 
134.661 
134.074 
133.578 
133.297 
133.25 
133.421 
133.776 
134.256 
134.824 
135.511 
136.392 
137.492 
138.739 
139.978 
141.002 
141.647 
141.848 
141.6 
140.952 
140.052 
139.086 
138.19 
137.417 
136.721 
136.01 
135.238 
134.464 
133.835 
133.509 
133.557 
134.084 
135.254 
137.031 
139.17 
141.347 
143.224 
144.476 
144.867 
144.32 
142.881 
140.737 
138.257 
135.934 
134.272 
133.604 
134.033 
135.454 
137.526 
139.751 
141.66 
142.935 
143.436 
143.142 
142.224 
141.043 
139.892 
138.908 
138.163 
137.707 
137.578 
137.793 
138.339 
139.147 
140.048 
140.788 
141.161 
141.097 
140.613 
139.837 
139.061 
138.551 
138.39 
138.571 
138.926 
139.136 
139.045 
138.553 
137.57 
136.563 
136.353 
137.318 
139.446 
142.572 
146.247 
149.741 
152.234 
153.156 
152.33 
149.908 
146.433 
142.8 
139.954 
138.463 
138.381 
139.63 
141.992 
144.869 
147.506 
149.33 
150.059 
149.629 
148.22 
146.307 
144.373 
142.715 
141.483 
140.722 
140.411 
140.524 
141.003 
141.754 
142.731 
143.943 
145.384 
146.974 
148.521 
149.725 
150.316 
150.193 
149.267 
147.445 
144.891 
142.042 
139.405 
137.421 
136.292 
135.97 
136.39 
137.448 
138.854 
140.209 
141.121 
141.313 
140.698 
139.349 
137.57 
135.941 
135.023 
135.045 
136.175 
138.547 
141.739 
144.852 
147.012 
147.699 
146.776 
144.463 
141.479 
138.857 
137.361 
137.207 
138.371 
140.6 
143.184 
145.344 
146.69 
147.205 
146.877 
146.126 
145.87 
146.421 
147.504 
148.635 
149.267 
149.172 
148.168 
146.066 
143.249 
140.582 
138.868 
138.542 
139.705 
142.196 
145.461 
148.664 
150.974 
152.035 
152.049 
151.209 
149.758 
148.301 
147.379 
147.155 
147.63 
148.701 
150.062 
151.309 
152.116 
152.314 
151.864 
150.845 
149.537 
148.381 
147.755 
147.809 
148.643 
150.333 
152.594 
154.864 
156.67 
157.791 
158.183 
157.852 
156.97 
155.93 
155.039 
154.364 
153.777 
152.989 
151.688 
149.704 
147.072 
144.078 
141.273 
139.363 
138.896 
140.053 
142.711 
146.44 
150.545 
154.286 
157.046 
158.461 
158.429 
157.014 
154.44 
151.09 
147.443 
144.057 
141.543 
140.385 
140.766 
142.754 
146.282 
150.809 
155.425 
159.196 
161.498 
162.147 
161.154 
158.694 
155.266 
151.554 
148.228 
145.821 
144.513 
144.154 
144.625 
145.75 
147.049 
147.958 
148.13 
147.464 
146.082 
144.385 
142.947 
142.181 
142.18 
142.914 
144.245 
145.818 
147.277 
148.459 
149.365 
150.113 
150.887 
151.846 
153.055 
154.472 
155.98 
157.436 
158.717 
159.731 
160.413 
160.725 
160.653 
160.219 
159.503 
158.648 
157.846 
157.285 
157.026 
156.982 
157.121 
157.369 
157.483 
157.322 
156.856 
156.057 
154.968 
153.741 
152.6 
151.775 
151.425 
151.599 
152.353 
153.776 
155.828 
158.292 
160.833 
163.064 
164.626 
165.301 
165.027 
163.906 
162.25 
160.465 
158.911 
157.836 
157.352 
157.475 
158.057 
158.689 
158.962 
158.725 
157.886 
156.36 
154.296 
152.116 
150.36 
149.441 
149.493 
150.536 
152.48 
154.948 
157.41 
159.443 
160.848 
161.686 
162.222 
162.766 
163.467 
164.202 
164.681 
164.726 
164.144 
162.736 
160.687 
158.421 
156.373 
154.951 
154.283 
154.214 
154.628 
155.427 
156.402 
157.376 
158.288 
159.184 
160.149 
161.211 
162.325 
163.253 
163.617 
163.217 
161.975 
159.81 
156.81 
153.327 
149.925 
147.205 
145.55 
145.043 
145.658 
147.266 
149.48 
151.802 
153.852 
155.442 
156.547 
157.265 
157.764 
158.174 
158.471 
158.503 
158.176 
157.484 
156.46 
155.249 
154.268 
154.044 
154.81 
156.556 
159.182 
162.434 
165.918 
169.19 
171.84 
173.558 
174.172 
173.637 
172.044 
169.677 
166.969 
164.412 
162.49 
161.486 
161.423 
162.26 
163.888 
166.012 
168.264 
170.336 
172.014 
173.128 
173.525 
173.133 
171.906 
169.799 
166.938 
163.723 
160.731 
158.566 
157.64 
158.076 
159.752 
162.24 
164.859 
166.894 
167.864 
167.626 
166.318 
164.397 
162.5 
161.16 
160.66 
161.066 
162.196 
163.558 
164.622 
165.086 
164.863 
164.076 
163.096 
162.399 
162.329 
162.997 
164.332 
166.103 
167.988 
169.699 
171.029 
171.826 
171.974 
171.427 
170.194 
168.342 
166.017 
163.464 
161.002 
158.962 
157.598 
157.038 
157.307 
158.261 
159.549 
160.824 
161.873 
162.594 
162.999 
163.193 
163.311 
163.461 
163.697 
164.018 
164.375 
164.658 
164.747 
164.59 
164.202 
163.654 
163.087 
162.698 
162.664 
163.049 
163.823 
164.866 
165.949 
166.791 
167.185 
167.066 
166.54 
165.933 
165.587 
165.637 
166.21 
167.463 
169.218 
170.954 
172.115 
172.337 
171.516 
169.781 
167.566 
165.533 
164.305 
164.253 
165.473 
167.821 
170.806 
173.675 
175.701 
176.617 
176.659 
176.024 
174.9 
173.676 
172.659 
171.934 
171.4 
170.861 
170.251 
169.709 
169.444 
169.56 
170.211 
171.617 
173.693 
176.027 
178.126 
179.577 
180.153 
179.798 
178.624 
176.952 
175.181 
173.646 
172.572 
172.063 
172.141 
172.754 
173.753 
174.946 
176.165 
177.281 
178.231 
179.015 
179.705 
180.391 
181.089 
181.684 
182.012 
181.993 
181.489 
180.285 
178.394 
176.094 
173.765 
171.832 
170.66 
170.451 
171.252 
172.974 
175.309 
177.798 
179.977 
181.514 
182.327 
182.549 
182.286 
181.659 
180.913 
180.254 
179.799 
179.616 
179.724 
180.098 
180.661 
181.283 
181.781 
181.974 
181.783 
181.222 
180.385 
179.585 
179.232 
179.529 
180.613 
182.623 
185.349 
188.197 
190.454 
191.682 
191.875 
191.114 
189.591 
187.856 
186.655 
186.569 
187.792 
190.232 
193.538 
197.109 
200.232 
202.247 
202.735 
201.573 
198.883 
195.089 
190.871 
186.995 
184.147 
182.762 
182.964 
184.662 
187.509 
190.897 
194.109 
196.474 
197.553 
197.216 
195.531 
192.819 
189.739 
187.126 
185.61 
185.4 
186.5 
188.7 
191.335 
193.507 
194.671 
194.815 
194.039 
192.585 
191.136 
190.373 
190.535 
191.689 
193.744 
196.074 
197.725 
197.992 
196.65 
193.885 
190.326 
186.899 
184.455 
183.487 
184.128 
186.096 
188.588 
190.568 
191.254 
190.375 
188.058 
184.768 
181.304 
178.562 
177.184 
177.375 
179.154 
182.371 
186.419 
190.381 
193.361 
194.88 
194.983 
193.784 
191.519 
188.871 
186.707 
185.62 
185.79 
187.142 
189.362 
191.913 
194.271 
196.089 
197.224 
197.682 
197.504 
196.832 
195.936 
194.994 
194.081 
193.291 
192.74 
192.529 
192.703 
193.291 
194.307 
195.65 
197.096 
198.381 
199.266 
199.616 
199.393 
198.694 
197.79 
196.981 
196.457 
196.285 
196.468 
196.959 
197.645 
198.395 
199.115 
199.745 
200.238 
200.534 
200.575 
200.34 
199.84 
199.135 
198.364 
197.793 
197.72 
198.272 
199.441 
201.168 
203.284 
205.501 
207.46 
208.833 
209.428 
209.19 
208.267 
207.068 
206.067 
205.534 
205.496 
205.915 
206.687 
207.547 
208.21 
208.52 
208.444 
208.1 
207.762 
207.6 
207.586 
207.674 
207.81 
207.9 
207.909 
207.911 
208.074 
208.598 
209.613 
211.124 
212.991 
214.941 
216.651 
217.869 
218.469 
218.427 
217.867 
217.072 
216.296 
215.672 
215.255 
215.059 
215.087 
215.314 
215.585 
215.655 
215.409 
214.784 
213.648 
211.941 
209.771 
207.403 
205.212 
203.583 
202.779 
202.876 
203.818 
205.406 
207.337 
209.333 
211.208 
212.891 
214.432 
215.947 
217.484 
218.972 
220.237 
221.052 
221.256 
220.8 
219.761 
218.391 
217.051 
216.061 
215.602 
215.72 
216.35 
217.294 
218.313 
219.231 
219.947 
220.415 
220.619 
220.551 
220.197 
219.536 
218.611 
217.596 
216.786 
216.451 
216.692 
217.627 
219.431 
222.017 
224.961 
227.724 
229.872 
231.199 
231.655 
231.239 
230.077 
228.487 
226.801 
225.311 
224.317 
224.063 
224.639 
226.021 
228.105 
230.681 
233.45 
236.062 
238.182 
239.548 
240.021 
239.564 
238.276 
236.438 
234.404 
232.497 
230.953 
229.877 
229.229 
228.892 
228.792 
228.917 
229.328 
230.216 
231.796 
234.122 
237.031 
240.151 
242.978 
245.017 
246.045 
246.146 
245.416 
243.982 
242.147 
240.209 
238.301 
236.436 
234.592 
232.79 
231.187 
230.15 
230.052 
231.031 
232.994 
235.524 
237.812 
239.068 
238.975 
237.361 
234.185 
230.156 
226.507 
224.256 
223.878 
225.463 
228.782 
233.104 
237.43 
240.937 
243.207 
244.295 
244.657 
244.941 
245.715 
247.295 
249.7 
252.671 
255.729 
258.331 
260.054 
260.679 
260.153 
258.539 
256.028 
252.882 
249.367 
245.754 
242.34 
239.455 
237.43 
236.43 
236.395 
237.261 
238.912 
240.972 
242.947 
244.452 
245.322 
245.635 
245.653 
245.644 
245.76 
246.038 
246.362 
246.536 
246.466 
246.069 
245.268 
244.44 
244.289 
245.153 
247.062 
249.971 
253.628 
257.54 
261.084 
263.673 
264.938 
264.773 
263.319 
261.033 
258.576 
256.614 
255.6 
255.674 
256.81 
258.818 
261.253 
263.582 
265.408 
266.554 
267.022 
266.814 
266.251 
265.977 
266.185 
266.924 
268.496 
271.028 
274.35 
278.087 
281.724 
284.693 
286.502 
286.867 
285.713 
283.153 
279.574 
275.605 
271.969 
269.345 
268.175 
268.589 
270.512 
273.613 
277.266 
280.719 
283.322 
284.763 
285.086 
284.38 
282.779 
280.591 
278.173 
275.81 
273.73 
272.143 
271.245 
271.16 
271.923 
273.467 
275.56 
277.835 
279.89 
281.388 
282.136 
282.083 
281.287 
279.938 
278.309 
276.704 
275.44 
274.766 
274.776 
275.535 
277.082 
279.211 
281.491 
283.431 
284.639 
284.948 
284.33 
282.893 
280.978 
279.046 
277.464 
276.415 
275.947 
276.055 
276.58 
277.194 
277.682 
278.01 
278.221 
278.401 
278.618 
278.886 
279.136 
279.255 
279.18 
278.821 
278.055 
276.909 
275.814 
275.435 
276.102 
277.894 
280.842 
284.739 
289.057 
293.069 
296.044 
297.505 
297.314 
295.591 
292.734 
289.313 
285.876 
282.864 
280.6 
279.272 
278.929 
279.571 
281.131 
283.329 
285.674 
287.557 
288.484 
288.272 
286.818 
284.076 
280.42 
276.526 
273.017 
270.321 
268.622 
267.919 
268.159 
269.232 
270.972 
273.312 
276.252 
279.684 
283.292 
286.546 
288.83 
289.702 
289.025 
286.964 
284.038 
280.947 
278.279 
276.384 
275.372 
275.047 
275.038 
275.165 
275.427 
275.872 
276.685 
278.112 
280.224 
282.766 
285.2 
286.86 
287.251 
286.215 
283.891 
280.768 
277.627 
275.279 
274.268 
274.757 
276.645 
279.564 
282.93 
286.165 
288.838 
290.71 
291.74 
291.999 
291.528 
290.362 
288.602 
286.402 
283.952 
281.484 
279.258 
277.547 
276.572 
276.446 
277.193 
278.737 
280.821 
283.048 
285.032 
286.504 
287.372 
287.674 
287.465 
286.881 
286.153 
285.385 
284.525 
283.502 
282.269 
280.829 
279.261 
277.942 
277.449 
278.076 
279.88 
282.83 
286.61 
290.548 
293.533 
294.403 
292.667 
288.47 
282.52 
276.201 
271.748 
271.442 
276.197 
285.887 
299.883 
316.9 
335.379 
354.058 
372.331 
390.367 
408.734 
427.745 
447.292 
466.73 
484.55 
498.672 
507.319 
510.756 
511.108 
509.637 
507.011 
504.626 
503.589 
504.19 
506.138 
508.63 
510.841 
512.409 
513.485 
514.594 
516.288 
518.861 
522.263 
526.1 
529.697 
532.308 
533.433 
532.924 
530.947 
528.029 
524.894 
522.176 
520.292 
519.423 
519.591 
520.581 
521.951 
523.393 
524.833 
526.263 
527.711 
529.219 
530.794 
532.387 
533.927 
535.36 
536.679 
537.95 
539.291 
540.731 
541.906 
542.168 
541.177 
538.858 
535.24 
530.689 
525.975 
522.075 
519.738 
519.218 
520.525 
523.44 
527.243 
530.866 
533.283 
534.218 
534.215 
533.667 
532.919 
532.539 
532.765 
533.67 
535.322 
537.481 
539.796 
542.04 
544.02 
545.476 
546.145 
545.909 
544.596 
541.937 
538.061 
533.64 
529.611 
526.928 
526.232 
527.718 
531.188 
535.96 
540.95 
545.001 
547.279 
547.498 
545.642 
541.959 
537.264 
532.743 
529.59 
528.636 
530.144 
533.933 
539.358 
545.341 
550.629 
554.146 
555.673 
555.795 
554.906 
553.315 
551.668 
550.489 
549.922 
549.801 
549.775 
549.517 
548.859 
547.814 
546.591 
545.661 
545.55 
546.477 
548.41 
551.187 
554.482 
557.876 
560.989 
563.569 
565.52 
566.844 
567.602 
567.865 
567.664 
567.015 
565.972 
564.623 
563.132 
561.757 
560.805 
560.512 
560.957 
562.089 
563.733 
565.615 
567.464 
569.076 
570.356 
571.34 
572.149 
572.838 
573.303 
573.367 
572.951 
572.122 
571.196 
570.629 
570.658 
571.625 
574.045 
577.804 
582.135 
586.134 
589.072 
590.668 
591.222 
591.586 
592.964 
596.429 
602.381 
610.313 
618.903 
626.391 
631.296 
632.934 
631.181 
626.386 
619.632 
612.424 
606.252 
602.481 
601.259 
601.33 
602.127 
603.333 
603.722 
602.6 
600.084 
596.635 
593.116 
590.589 
589.889 
591.298 
594.718 
599.788 
605.844 
612.08 
617.726 
622.174 
625.036 
626.136 
625.44 
623.133 
619.675 
615.583 
611.333 
607.404 
604.223 
602.094 
601.038 
600.834 
601.339 
602.468 
604.018 
605.763 
607.545 
609.268 
610.889 
612.393 
613.799 
615.155 
616.534 
618.005 
619.594 
621.262 
622.916 
624.438 
625.731 
626.748 
627.484 
627.942 
628.118 
627.997 
627.471 
626.357 
624.593 
622.353 
620.052 
618.258 
617.415 
617.67 
619.039 
621.403 
624.317 
627.204 
629.678 
631.679 
633.494 
635.676 
638.736 
642.791 
647.419 
651.712 
654.554 
655.145 
653.242 
649.166 
644.005 
639.403 
636.755 
636.668 
639.226 
643.981 
649.51 
653.903 
655.818 
654.848 
651.378 
646.668 
642.465 
639.977 
639.485 
640.902 
643.87 
647.535 
651.019 
653.893 
656.243 
658.519 
661.181 
664.426 
668.125 
671.914 
675.415 
678.411 
680.87 
682.921 
684.804 
686.75 
688.886 
691.225 
693.689 
696.125 
698.361 
700.249 
701.687 
702.63 
703.068 
702.813 
702.111 
701.911 
702.623 
704.161 
706.511 
709.502 
712.776 
715.882 
718.402 
720.08 
720.823 
720.631 
719.759 
718.765 
718.064 
717.786 
717.948 
718.407 
718.904 
719.319 
719.763 
720.493 
721.843 
724.066 
727.185 
730.931 
734.795 
738.201 
740.755 
742.429 
743.583 
744.947 
747.301 
750.893 
754.921 
757.753 
758.22 
754.938 
746.174 
731.925 
713.534 
692.992 
672.621 
654.279 
639.21 
628.004 
620.675 
616.734 
615.287 
615.148 
615.306 
615.204 
614.34 
612.369 
609.323 
605.471 
601.221 
597.004 
593.192 
590.013 
587.521 
585.583 
583.898 
582.067 
579.689 
576.471 
572.304 
567.288 
561.72 
556.035 
550.717 
546.168 
542.696 
540.495 
539.533 
539.9 
541.023 
541.426 
540.692 
539.161 
536.974 
534.371 
531.627 
528.978 
526.543 
524.328 
522.308 
520.458 
518.785 
517.395 
516.463 
516.055 
516.026 
516.011 
515.467 
513.848 
510.868 
506.657 
501.82 
497.348 
494.167 
492.651 
492.375 
492.459 
491.975 
489.912 
485.682 
479.538 
472.434 
465.752 
460.778 
458.038 
457.315 
458.39 
460.97 
464.265 
467.341 
469.551 
470.721 
471.001 
470.5 
469.321 
467.734 
466.056 
464.51 
463.162 
461.887 
460.379 
458.209 
454.985 
450.52 
444.914 
438.638 
432.602 
427.959 
425.538 
425.54 
427.932 
432.418 
438.068 
443.584 
447.785 
449.933 
449.812 
447.506 
443.377 
438.082 
432.386 
427.012 
422.612 
419.763 
418.867 
420.055 
423.247 
428.097 
433.884 
439.56 
443.948 
446.172 
445.939 
443.189 
438.09 
431.484 
424.685 
418.966 
415.255 
413.624 
413.403 
414.155 
415.661 
417.459 
419.09 
420.28 
420.882 
420.839 
420.126 
418.775 
417.02 
415.316 
414.189 
413.994 
414.835 
416.55 
418.609 
420.249 
420.894 
420.361 
418.623 
415.784 
412.324 
408.924 
406.37 
405.421 
406.4 
409.357 
414.289 
420.811 
427.935 
434.209 
438.209 
439.111 
436.716 
431.464 
424.821 
419.415 
417.872 
421.23 
429.358 
441.6 
456.583 
472.633 
488.488 
503.612 
517.953 
531.792 
545.6 
559.552 
573.224 
585.673 
595.706 
602.304 
605.395 
605.788 
603.982 
600.341 
595.794 
591.377 
587.826 
585.583 
584.655 
584.686 
585.452 
586.816 
588.488 
590.221 
591.881 
593.351 
594.509 
595.258 
595.549 
595.376 
594.667 
593.218 
590.818 
587.356 
582.843 
577.509 
571.92 
566.909 
563.31 
561.663 
562.121 
564.463 
568.016 
571.921 
575.475 
578.248 
580.091 
581.116 
581.595 
581.771 
581.802 
581.791 
581.77 
581.735 
581.778 
582.139 
583.041 
584.527 
586.427 
588.364 
589.822 
590.381 
589.906 
588.398 
586.052 
583.505 
581.645 
581.124 
582.147 
584.504 
587.492 
590.056 
591.352 
591.09 
589.156 
585.564 
580.95 
576.339 
572.58 
570.144 
569.196 
569.75 
571.475 
573.632 
575.647 
577.357 
578.895 
580.618 
582.918 
586.006 
589.827 
594 
597.792 
600.354 
601.129 
599.96 
597.079 
593.261 
589.628 
587.113 
585.931 
585.674 
586.006 
586.513 
586.691 
586.614 
586.5 
586.481 
587.121 
589.069 
592.272 
596.03 
599.483 
601.918 
602.941 
602.448 
600.735 
598.58 
596.717 
595.48 
594.911 
594.802 
594.829 
594.705 
594.166 
593.116 
591.74 
590.568 
590.245 
591.061 
592.992 
595.85 
599.161 
602.171 
604.109 
604.802 
604.792 
604.607 
604.406 
604.404 
605.28 
607.745 
611.72 
616.424 
620.911 
624.168 
625.328 
624.048 
620.41 
614.798 
607.997 
601.072 
595.112 
590.922 
588.684 
588.092 
588.946 
591.06 
593.943 
596.994 
599.731 
601.869 
603.357 
604.392 
605.412 
607.028 
609.918 
614.633 
621.371 
629.88 
639.458 
649.032 
657.344 
663.241 
666.21 
666.436 
664.127 
659.588 
653.683 
647.508 
641.973 
637.684 
634.958 
633.916 
634.574 
636.796 
640.291 
644.727 
649.713 
654.697 
659.008 
661.971 
663.127 
662.336 
659.677 
655.517 
650.619 
645.989 
642.61 
641.138 
641.768 
644.457 
648.951 
654.699 
661.031 
667.311 
672.948 
677.374 
680.109 
680.898 
679.68 
676.612 
672.229 
667.351 
662.819 
659.278 
657.028 
655.98 
655.721 
655.644 
655.199 
654.212 
653.045 
652.289 
652.236 
653.25 
655.911 
660.168 
665.366 
670.723 
675.378 
678.556 
680.084 
680.376 
679.71 
678.336 
676.989 
676.448 
676.981 
678.552 
680.993 
683.952 
686.995 
689.752 
691.961 
693.446 
694.094 
693.855 
692.704 
690.655 
687.893 
684.825 
682.359 
681.651 
683.233 
687.186 
693.524 
701.941 
711.663 
721.421 
728.698 
730.399 
725.12 
712.692 
693.202 
667.64 
638.144 
607.666 
579.409 
556.205 
539.942 
531.109 
527.976 
527.592 
528.524 
530.09 
531.124 
531.146 
530.239 
528.633 
526.949 
525.833 
525.583 
526.254 
527.7 
529.476 
530.925 
531.496 
530.986 
529.32 
526.421 
522.516 
518.168 
514.001 
510.486 
507.835 
505.992 
504.702 
503.672 
502.683 
501.589 
500.266 
498.531 
496.189 
493.189 
489.73 
486.286 
483.56 
482.106 
482.032 
483.311 
485.66 
488.062 
489.385 
489.187 
487.123 
482.834 
476.951 
470.946 
466.293 
463.947 
464.19 
466.75 
470.723 
474.754 
477.477 
477.96 
475.913 
471.558 
465.61 
459.068 
452.79 
447.274 
442.636 
438.649 
434.813 
430.538 
425.36 
419.066 
411.718 
403.613 
395.153 
386.725 
378.629 
371.065 
364.163 
358.028 
352.802 
348.482 
345.584 
344.766 
345.39 
346.383 
347 
346.193 
343.393 
339.417 
335.008 
330.394 
325.893 
321.701 
317.891 
314.408 
311.111 
307.851 
304.516 
301.015 
297.234 
292.997 
288.085 
282.338 
275.738 
268.476 
260.955 
253.684 
247.111 
241.501 
236.9 
233.148 
229.922 
226.854 
223.656 
220.184 
216.453 
212.589 
208.739 
204.999 
201.397 
197.887 
194.361 
190.66 
186.597 
182.009 
176.834 
171.147 
165.171 
159.266 
153.852 
149.261 
145.592 
142.651 
139.989 
137.028 
133.264 
128.428 
122.539 
115.91 
109.095 
102.72 
97.2806 
93.0004 
89.7882 
87.2875 
85.0198 
82.5732 
79.7251 
76.461 
72.9608 
69.5524 
66.5908 
64.3278 
62.8469 
62.0506 
61.6909 
61.4612 
61.1243 
60.5778 
59.8221 
58.924 
57.9757 
57.025 
56.0429 
54.9426 
53.6407 
52.1235 
50.4733 
48.849 
47.4296 
46.3406 
45.6075 
45.1428 
44.7653 
44.2566 
43.4369 
42.2178 
40.6194 
38.76 
36.8204 
34.9854 
33.384 
32.0689 
31.0426 
30.2789 
29.7379 
29.3927 
29.2367 
29.271 
29.4986 
29.9065 
30.4293 
30.9456 
31.3046 
31.3866 
31.1511 
30.6196 
29.8652 
28.9953 
28.1078 
27.2651 
26.4885 
25.7602 
25.0412 
24.3037 
23.5456 
22.7616 
22.142 
21.9563 
22.1038 
22.332 
22.476 
22.2037 
21.2771 
19.9372 
18.4384 
16.8669 
15.3319 
13.9232 
12.7139 
11.7646 
11.1292 
10.8145 
10.7693 
10.9616 
11.3573 
11.8492 
12.2543 
12.3906 
12.1848 
11.6438 
10.8079 
9.76536 
8.63129 
7.51135 
6.47367 
5.54492 
4.72845 
4.01669 
3.39831 
2.86755 
2.42471 
2.06919 
1.79151 
1.56894 
1.37016 
1.16728 
0.946773 
0.713216 
0.48589 
0.289252 
0.142014 
0.0509134 
0.00939929 
0 
0 
0 
0 
0 
0 
0 
0 
0 
0 
0 
0 
0 
0 
0 
0 
0 
0 
0 
0 
0 
0 
0 
0 
0 
0 
0 
0 
0 
0 
0 
0 
0 
0 
0 
0 
0 
0 
0 
0 
0 
0 
0 
0 
0 
0 
0 
0 
0 
0 
0 
0 
0 
0 
0 
0 
0 
0 
0 
0 
0 
0 
0 
0 
0 
0 
0 
0 
0 
0 
0 
0 
0 
0 
0 
0 
0 
0 
0 
0 
0 
0 
0 
0 
0 
0 
0 
0 
0 
0 
0 
0 
0 
0 
0 
0 
0 
0 
0 
0 
0 
0 
0 
0 
0 
0 
0 
0 
0 
0 
0 
0 
0 
0 
0 
0 
0 
0 
0 
0 
0 
0 
0 
0 
0 
0 
0 
0 
0 
0 
0 
0 
0 
0 
0 
0 
0 
0 
0 
0 
0 
0 
0 
0 
0 
0 
0 
0 
0 
0 
0 
0 
0 
0 
0 
0 
0 
0 
0 
0 
0 
0 
0 
0 
0 
0 
0 
0 
0 
0 
0 
0 
0 
0 
0 
0 
0 
0 
0 
0 
0 
0 
0 
0 
0 
0 
0 
0 
0 
0 
0 
0 
0 
0 
0 
0 
0 
0 
0 
0 
0 
0 
0 
0 
0 
0 
0 
0 
0 
0 
0 
0 
0 
0 
0 
0 
0 
0 
0 
0 
0 
0 
0 
0 
0 
0 
0 
0 
0 
0 
0 
0 
0 
0 
0 
0 
0 
0 
0 
0 
0 
0 
0 
0 
0 
0 
0 
0 
0 
0 
0 
0 
0 
0 
0 
0 
0 
0 
0 
0 
0 
0 
0 
0 
0 
0 
0 
0 
0 
0 
0 
0 
0 
0 
0 
0 
0 
0 
0 
0 
0 
0 
0 
0 
0 
0 
0 
0 
0 
0 
0 
0 
0 
0 
0 
0 
0 
0 
0 
0 
0 
0 
0 
0 
0 
0 
0 
0 
0 
0 
0 
0 
0 
0 
0 
0 
0 
0 
0 
0 
0 
0 
0 
0 
0 
0 
0 
0 
0 
0 
0 
0 
0 
0 
0 
0 
0 
0 
0 
0 
0 
0 
0 
0 
0 
0 
0 
0 
0 
0 
0 
0 
0 
0 
0 
0 
0 
0 
0 
0 
0 
0 
0 
0 
0 
0 
0 
0 
0 
0 
0 
0 
0 
0 
0 
0 
0 
0 
0 
0 
0 
0 
0 
0 
0 
0 
0 
0 
0 
0 
0 
0 
0 
0 
0 
0 
0 
0 
0 
0 
0 
0 
0 
0 
0 
0 
0 
0 
0 
0 
0 
0 
0 
0 
0 
0 
0 
0 
0 
0 
0 
0 
0 
0 
0 
0 
0 
0 
0 
0 
0 
0 
0 
0 
0 
0 
0 
0 
0 
0 
0 
0 
0 
0 
0 
0 
0 
0 
0 
0 
0 
0 
0 
0 
0 
0 
0 
0 
0 
0 
0 
0 
0 
0 
0 
0 
0 
0 
0 
0 
0 
0 
0 
0 
0 
0 
0 
0 
0 
0 
0 
0 
0 
0 
0 
0 
0 
0 
0 
0 
0 
0 
0 
0 
0 
0 
0 
0 
0 
0 
0 
0 
0 
0 
0 
0 
0 
0 
0 
0 
0 
0 
0 
0 
0 
0 
0 
0 
0 
0 
0 
0 
0 
0 
0 
0 
0 
0 
0 
0 
0 
0 
0 
0 
0 
0 
0 
0 
0 
0 
0 
0 
0 
0 
0 
0 
0 
0 
0 
0 
0 
0 
0 
0 
0 
0 
0 
0 
0 
0 
0 
0 
0 
0 
0 
0 
0 
0 
0 
0 
0 
0 
0 
0 
0 
0 
0 
0 
0 
0 
0 
0 
0 
0 
0 
0 
0 
0 
0 
0 
0 
0 
0 
0 
0 
0 
0 
0 
0 
0 
0 
0 
0 
0 
0 
0 
0 
0 
0 
0 
0 
0 
0 
0 
0 
0 
0 
0 
0 
0 
0 
0 
0 
0 
0 
0 
0 
0 
0 
0 
0 
0 
0 
0 
0 
0 
0 
0 
0 
0 
0 
0 
0 
0 
0 
0 
0 
0 
0 
0 
0 
0 
0 
0 
0 
0 
0 
0 
0 
0 
0 
0 
0 
0 
0 
0 
0 
0 
0 
0 
0 
0 
0 
0 
0 
0 
0 
0 
0 
0 
0 
0 
0 
0 
0 
0 
0 
0 
0 
0 
0 
0 
0 
0 
0 
0 
0 
0 
0 
0 
0 
0 
0 
0 
0 
0 
0 
0 
0 
0 
0 
0 
0 
0 
0 
0 
0 
0 
0 
0 
0 
0 
0 
0 
0 
0 
0 
0 
0 
0 
0 
0 
0 
0 
0 
0 
0 
0 
0 
0 
0 
0 
0 
0 
0 
0 
0 
0 
0 
0 
0 
0 
0 
0 
0 
0 
0 
0 
0 
0 
0 
0 
0 
0 
0 
0 
0 
0 
0 
0 
0 
0 
0 
0 
0 
0 
0 
0 
0 
0 
0 
0 
0 
0 
0 
0 
0 
0 
0 
0 
0 
0 
0 
0 
0 
0 
0 
0 
0 
0 
0 
0 
0 
0 
0 
0 
0 
0 
0 
0 
0 
0 
0 
0 
0 
0 
0 
0 
0 
0 
0 
0 
0 
0 
0 
0 
0 
0 
0 
0 
0 
0 
0 
0 
0 
0 
0 
0 
0 
0 
0 
0 
0 
0 
0 
0 
0 
0 
0 
0 
0 
0 
0 
0 
0 
0 
0 
0 
0 
0 
0 
0 
0 
0 
0 
0 
0 
0 
0 
0 
0 
0 
0 
0 
0 
0 
0 
0 
0 
0 
0 
0 
0 
0 
0 
0 
0 
0 
0 
0 
0 
0 
0 
0 
0 
0 
0 
0 
0 
0 
0 
0 
0 
0 
0 
0 
0 
0 
0 
0 
0 
0 
0 
0 
0 
0 
0 
0 
0 
0 
0 
0 
0 
0 
0 
0 
0 
0 
0 
0 
0 
0 
0 
0 
0 
0 
0 
0 
0 
0 
0 
0 
0 
0 
0 
0 
0 
0 
0 
0 
0 
0 
0 
0 
0 
0 
0 
0 
0 
0 
0 
0 
0 
0 
0 
0 
0 
0 
0 
0 
0 
0 
0 
0 
0 
0 
0 
0 
0 
0 
0 
0 
0 
0 
0 
0 
0 
0 
0 
0 
0 
0 
0 
0 
0 
0 
0 
0 
0 
0 
0 
0 
0 
0 
0 
0 
0 
0 
0 
0 
0 
0 
0 
0 
0 
0 
0 
0 
0 
0 
0 
0 
0 
0 
0 
0 
0 
0 
0 
0 
0 
0 
0 
0 
0 
0 
0 
0 
0 
0 
0 
0 
0 
0 
0 
0 
0 
0 
0 
0 
0 
0 
0 
0 
0 
0 
0 
0 
0 
0 
0 
0 
0 
0 
0 
0 
0 
0 
0 
0 
0 
0 
0 
0 
0 
0 
0 
0 
0 
0 
0 
0 
0 
0 
0 
0 
0 
0 
0 
0 
0 
0 
0 
0 
0 
0 
0 
0 
0 
0 
0 
0 
0 
0 
0 
0 
0 
0 
0 
0 
0 
0 
0 
0 
0 
0 
0 
0 
0 
0 
0 
0 
0 
0 
0 
0 
0 
0 
0 
0 
0 
0 
0 
0 
0 
0 
0 
0 
0 
0 
0 
0 
0 
0 
0 
0 
0 
0 
0 
0 
0 
0 
0 
0 
0 
0 
0 
0 
0 
0 
0 
0 
0 
0 
0 
0 
0 
0 
0 
0 
0 
0 
0 
0 
0 
0 
0 
0 
0 
0 
0 
0 
0 
0 
0 
0 
0 
0 
0 
0 
0 
0 
0 
0 
0 
0 
0 
0 
0 
0 
0 
0 
0 
0 
0 
0 
0 
0 
0 
0 
0 
0 
0 
0 
0 
0 
0 
0 
0 
0 
0 
0 
0 
0 
0 
0 
0 
0 
0 
0 
0 
0 
0 
0 
0 
0 
0 
0 
0 
0 
0 
0 
0 
0 
0 
0 
0 
0 
0 
0 
0 
0 
0 
0 
0 
0 
0 
0 
0 
0 
0 
0 
0 
0 
0 
0 
0 
0 
0 
0 
0 
0 
0 
0 
0 
0 
0 
0 
0 
0 
0 
0 
0 
0 
0 
0 
0 
0 
0 
0 
0 
0 
0 
0 
0 
0 
0 
0 
0 
0 
0 
0 
0 
0 
0 
0 
0 
0 
0 
0 
0 
0 
0 
0 
0 
0 
0 
0 
0 
0 
0 
0 
0 
0 
0 
0 
0 
0 
0 
0 
0 
0 
0 
0 
0 
0 
0 
0 
0 
0 
0 
0 
0 
0 
0 
0 
0 
0 
0 
0 
0 
0 
0 
0 
0 
0 
0 
0 
0 
0 
0 
0 
0 
0 
0 
0 
0 
0 
0 
0 
0 
0 
0 
0 
0 
0 
0 
0 
0 
0 
0 
0 
0 
0 
0 
0 
0 
0 
0 
0 
0 
0 
0 
0 
0 
0 
0 
0 
0 
0 
0 
0 
0 
0 
0 
0 
0 
0 
0 
0 
0 
0 
0 
0 
0 
0 
0 
0 
0 
0 
0 
0 
0 
0 
0 
0 
0 
0 
0 
0 
0 
0 
0 
0 
0 
0 
0 
0 
0 
0 
0 
0 
0 
0 
0 
0 
0 
0 
0 
0 
0 
0 
0 
0 
0 
0 
0 
0 
0 
0 
0 
0 
0 
0 
0 
0 
0 
0 
0 
0 
0 
0 
0 
0 
0 
0 
0 
0 
0 
0 
0 
0 
0 
0 
0 
0 
0 
0 
0 
0 
0 
0 
0 
0 
0 
0 
0 
0 
0 
0 
0 
0 
0 
0 
0 
0 
0 
0 
0 
0 
0 
0 
0 
0 
0 
0 
0 
0 
0 
0 
0 
0 
0 
0 
0 
0 
0 
0 
0 
0 
0 
0 
0 
0 
0 
0 
0 
0 
0 
0 
0 
0 
0 
0 
0 
0 
0 
0 
0 
0 
0 
0 
0 
0 
0 
0 
0 
0 
0 
0 
0 
0 
0 
0 
0 
0 
0 
0 
0 
0 
0 
0 
0 
0 
0 
0 
0 
0 
0 
0 
0 
0 
0 
0 
0 
0 
0 
0 
0 
0 
0 
0 
0 
0 
0 
0 
0 
0 
0 
0 
0 
0 
0 
0 
0 
0 
0 
0 
0 
0 
0 
0 
0 
0 
0 
0 
0 
0 
0 
0 
0 
0 
0 
0 
0 
0 
0 
0 
0 
0 
0 
0 
0 
0 
0 
0 
0 
0 
0 
0 
0 
0 
0 
0 
0 
0 
0 
0 
0 
0 
0 
0 
0 
0 
0 
0 
0 
0 
0 
0 
0 
0 
0 
0 
0 
0 
0 
0 
0 
0 
0 
0 
0 
0 
0 
0 
0 
0 
0 
0 
0 
0 
0 
0 
0 
0 
0 
0 
0 
0 
0 
0 
0 
0 
0 
0 
0 
0 
0 
0 
0 
0 
0 
0 
0 
0 
0 
0 
0 
0 
0 
0 
0 
0 
0 
0 
0 
0 
0 
0 
0 
0 
0 
0 
0 
0 
0 
0 
0 
0 
0 
0 
0 
0 
0 
0 
0 
0 
0 
0 
0 
0 
0 
0 
0 
0 
0 
0 
0 
0 
0 
0 
0 
0 
0 
0 
0 
0 
0 
0 
0 
0 
0 
0 
0 
0 
0 
0 
0 
0 
0 
0 
0 
0 
0 
0 
0 
0 
0 
0 
0 
0 
0 
0 
0 
0 
0 
0 
0 
0 
0 
0 
0 
0 
0 
0 
0 
0 
0 
0 
0 
0 
0 
0 
0 
0 
0 
0 
0 
0 
0 
0 
0 
0 
0 
0 
0 
0 
0 
0 
0 
0 
0 
0 
0 
0 
0 
0 
0 
0 
0 
0 
0 
0 
0 
0 
0 
0 
0 
0 
0 
0 
0 
0 
0 
0 
0 
0 
0 
0 
0 
0 
0 
0 
0 
0 
0 
0 
0 
0 
0 
0 
0 
0 
0 
0 
0 
0 
0 
0 
0 
0 
0 
0 
0 
0 
0 
0 
0 
0 
0 
0 
0 
0 
0 
0 
0 
0 
0 
0 
0 
0 
0 
0 
0 
0 
0 
0 
0 
0 
0 
0 
0 
0 
0 
0 
0 
0 
0 
0 
0 
0 
0 
0 
0 
0 
0 
0 
0 
0 
0 
0 
0 
0 
0 
0 
0 
0 
0 
0 
0 
0 
0 
0 
0 
0 
0 
0 
0 
0 
0 
0 
0 
0 
0 
0 
0 
0 
0 
0 
0 
0 
0 
0 
0 
0 
0 
0 
0 
0 
0 
0 
0 
0 
0 
0 
0 
0 
0 
0 
0 
0 
0 
0 
0 
0 
0 
0 
0 
0 
0 
0 
0 
0 
0 
0 
0 
0 
0 
0 
0 
0 
0 
0 
0 
0 
0 
0 
0 
0 
0 
0 
0 
0 
0 
0 
0 
0 
0 
0 
0 
0 
0 
0 
0 
0 
0 
0 
0 
0 
0 
0 
0 
0 
0 
0 
0 
0 
0 
0 
0 
0 
0 
0 
0 
0 
0 
0 
0 
0 
0 
0 
0 
0 
0 
0 
0 
0 
0 
0 
0 
0 
0 
0 
0 
0 
0 
0 
0 
0 
0 
0 
0 
0 
0 
0 
0 
0 
0 
0 
0 
0 
0 
0 
0 
0 
0 
0 
0 
0 
0 
0 
0 
0 
0 
0 
0 
0 
0 
0 
0 
0 
0 
0 
0 
0 
0 
0 
0 
0 
0 
0 
0 
0 
0 
0 
0 
0 
0 
0 
0 
0 
0 
0 
0 
0 
0 
0 
0 
0 
0 
0 
0 
0 
0 
0 
0 
0 
0 
0 
0 
0 
0 
0 
0 
0 
0 
0 
0 
0 
0 
0 
0 
0 
0 
0 
0 
0 
0 
0 
0 
0 
0 
0 
0 
0 
0 
0 
0 
0 
0 
0 
0 
0 
0 
0 
0 
0 
0 
0 
0 
0 
0 
0 
0 
0 
0 
0 
0 
0 
0 
0 
0 
0 
0 
0 
0 
0 
0 
0 
0 
0 
0 
0 
0 
0 
0 
0 
0 
0 
0 
0 
0 
0 
0 
0 
0 
0 
0 
0 
0 
0 
0 
0 
0 
0 
0 
0 
0 
0 
0 
0 
0 
0 
0 
0 
0 
0 
0 
0 
0 
0 
0 
0 
0 
0 
0 
0 
0 
0 
0 
0 
0 
0 
0 
0 
0 
0 
0 
0 
0 
0 
0 
0 
0 
0 
0 
0 
0 
0 
0 
0 
0 
0 
0 
0 
0 
0 
0 
0 
0 
0 
0 
0 
0 
0 
0 
0 
0 
0 
0 
0 
0 
0 
0 
0 
0 
0 
0 
0 
0 
0 
0 
0 
0 
0 
0 
0 
0 
0 
0 
0 
0 
0 
0 
0 
0 
0 
0 
0 
0 
0 
0 
0 
0 
0 
0 
0 
0 
0 
0 
0 
0 
0 
0 
0 
0 
0 
0 
0 
0 
0 
0 
0 
0 
0 
0 
0 
0 
0 
0 
0 
0 
0 
0 
0 
0 
0 
0 
0 
0 
0 
0 
0 
0 
0 
0 
0 
0 
0 
0 
0 
0 
0 
0 
0 
0 
0 
0 
0 
0 
0 
0 
0 
0 
0 
0 
0 
0 
0 
0 
0 
0 
0 
0 
0 
0 
0 
0 
0 
0 
0 
0 
0 
0 
0 
0 
0 
0 
0 
0 
0 
0 
0 
0 
0 
0 
0 
0 
0 
0 
0 
0 
0 
0 
0 
0 
0 
0 
0 
0 
0 
0 
0 
0 
0 
0 
0 
0 
0 
0 
0 
0 
0 
0 
0 
0 
0 
0 
0 
0 
0 
0 
0 
0 
0 
0 
0 
0 
0 
0 
0 
0 
0 
0 
0 
0 
0 
0 
0 
0 
0 
0 
0 
0 
0 
0 
0 
0 
0 
0 
0 
0 
0 
0 
0 
0 
0 
0 
0 
0 
0 
0 
0 
0 
0 
0 
0 
0 
0 
0 
0 
0 
0 
0 
0 
0 
0 
0 
0 
0 
0 
0 
0 
0 
0 
0 
0 
0 
0 
0 
0 
0 
0 
0 
0 
0 
0 
0 
0 
0 
0 
0 
0 
0 
0 
0 
0 
0 
0 
0 
0 
0 
0 
0 
0 
0 
0 
0 
0 
0 
0 
0 
0 
0 
0 
0 
0 
0 
0 
0 
0 
0 
0 
0 
0 
0 
0 
0 
0 
0 
0 
0 
0 
0 
0 
0 
0 
0 
0 
0 
0 
0 
0 
0 
0 
0 
0 
0 
0 
0 
0 
0 
0 
0 
0 
0 
0 
0 
0 
0 
0 
0 
0 
0 
0 
0 
0 
0 
0 
0 
0 
0 
0 
0 
0 
0 
0 
0 
0 
0 
0 
0 
0 
0 
0 
0 
0 
0 
0 
0 
0 
0 
0 
0 
0 
0 
0 
0 
0 
0 
0 
0 
0 
0 
0 
0 
0 
0 
0 
0 
0 
0 
0 
0 
0 
0 
0 
0 
0 
0 
0 
0 
0 
0 
0 
0 
0 
0 
0 
0 
0 
0 
0 
0 
0 
0 
0 
0 
0 
0 
0 
0 
0 
0 
0 
0 
0 
0 
0 
0 
0 
0 
0 
0 
0 
0 
0 
0 
0 
0 
0 
0 
0 
0 
0 
0 
0 
0 
0 
0 
0 
0 
0 
0 
0 
0 
0 
0 
0 
0 
0 
0 
0 
0 
0 
0 
0 
0 
0 
0 
0 
0 
0 
0 
0 
0 
0 
0 
0 
0 
0 
0 
0 
0 
0 
0 
0 
0 
0 
0 
0 
0 
0 
0 
0 
0 
0 
0 
0 
0 
0 
0 
0 
0 
0 
0 
0 
0 
0 
0 
0 
0 
0 
0 
0 
0 
0 
0 
0 
0 
0 
0 
0 
0 
0 
0 
0 
0 
0 
0 
0 
0 
0 
0 
0 
0 
0 
0 
0 
0 
0 
0 
0 
0 
0 
0 
0 
0 
0 
0 
0 
0 
0 
0 
0 
0 
0 
0 
0 
0 
0 
0 
0 
0 
0 
0 
0 
0 
0 
0 
0 
0 
0 
0 
0 
0 
0 
0 
0 
0 
0 
0 
0 
0 
0 
0 
0 
0 
0 
0 
0 
0 
0 
0 
0 
0 
0 
0 
0 
0 
0 
0 
0 
0 
0 
0 
0 
0 
0 
0 
0 
0 
0 
0 
0 
0 
0 
0 
0 
0 
0 
0 
0 
0 
0 
0 
0 
0 
0 
0 
0 
0 
0 
0 
0 
0 
0 
0 
0 
0 
0 
0 
0 
0 
0 
0 
0 
0 
0 
0 
0 
0 
0 
0 
0 
0 
0 
0 
0 
0 
0 
0 
0 
0 
0 
0 
0 
0 
0 
0 
0 
0 
0 
0 
0 
0 
0 
0 
0 
0 
0 
0 
0 
0 
0 
0 
0 
0 
0 
0 
0 
0 
0 
0 
0 
0 
0 
0 
0 
0 
0 
0 
0 
0 
0 
0 
0 
0 
0 
0 
0 
0 
0 
0 
0 
0 
0 
0 
0 
0 
0 
0 
0 
0 
0 
0 
0 
0 
0 
0 
0 
0 
0 
0 
0 
0 
0 
0 
0 
0 
0 
0 
0 
0 
0 
0 
0 
0 
0 
0 
0 
0 
0 
0 
0 
0 
0 
0 
0 
0 
0 
0 
0 
0 
0 
0 
0 
0 
0 
0 
0 
0 
0 
0 
0 
0 
0 
0 
0 
0 
0 
0 
0 
0 
0 
0 
0 
0 
0 
0 
0 
0 
0 
0 
0 
0 
0 
0 
0 
0 
0 
0 
0 
0 
0 
0 
0 
0 
0 
0 
0 
0 
0 
0 
0 
0 
0 
0 
0 
0 
0 
0 
0 
0 
0 
0 
0 
0 
0 
0 
0 
0 
0 
0 
0 
0 
0 
0 
0 
0 
0 
0 
0 
0 
0 
0 
0 
0 
0 
0 
0 
0 
0 
0 
0 
0 
0 
0 
0 
0 
0 
0 
0 
0 
0 
0 
0 
0 
0 
0 
0 
0 
0 
0 
0 
0 
0 
0 
0 
0 
0 
0 
0 
0 
0 
0 
0 
0 
0 
0 
0 
0 
0 
0 
0 
0 
0 
0 
0 
0 
0 
0 
0 
0 
0 
0 
0 
0 
0 
0 
0 
0 
0 
0 
0 
0 
0 
0 
0 
0 
0 
0 
0 
0 
0 
0 
0 
0 
0 
0 
0 
0 
0 
0 
0 
0 
0 
0 
0 
0 
0 
0 
0 
0 
0 
0 
0 
0 
0 
0 
0 
0 
0 
0 
0 
0 
0 
0 
0 
0 
0 
0 
0 
0 
0 
0 
0 
0 
0 
0 
0 
0 
0 
0 
0 
0 
0 
0 
0 
0 
0 
0 
0 
0 
0 
0 
0 
0 
0 
0 
0 
0 
0 
0 
0 
0 
0 
0 
0 
0 
0 
0 
0 
0 
0 
0 
0 
0 
0 
0 
0 
0 
0 
0 
0 
0 
0 
0 
0 
0 
0 
0 
0 
0 
0 
0 
0 
0 
0 
0 
0 
0 
0 
0 
0 
0 
0 
0 
0 
0 
0 
0 
0 
0 
0 
0 
0 
0 
0 
0 
0 
0 
0 
0 
0 
0 
0 
0 
0 
0 
0 
0 
0 
0 
0 
0 
0 
0 
0 
0 
0 
0 
0 
0 
0 
0 
0 
0 
0 
0 
0 
0 
0 
0 
0 
0 
0 
0 
0 
0 
0 
0 
0 
0 
0 
0 
0 
0 
0 
0 
0 
0 
0 
0 
0 
0 
0 
0 
0 
0 
0 
0 
0 
0 
0 
0 
0 
0 
0 
0 
0 
0 
0 
0 
0 
0 
0 
0 
0 
0 
0 
0 
0 
0 
0 
0 
0 
0 
0 
0 
0 
0 
0 
0 
0 
0 
0 
0 
0 
0 
0 
0 
0 
0 
0 
0 
0 
0 
0 
0 
0 
0 
0 
0 
0 
0 
0 
0 
0 
0 
0 
0 
0 
0 
0 
0 
0 
0 
0 
0 
0 
0 
0 
0 
0 
0 
0 
0 
0 
0 
0 
0 
0 
0 
0 
0 
0 
0 
0 
0 
0 
0 
0 
0 
0 
0 
0 
0 
0 
0 
0 
0 
0 
0 
0 
0 
0 
0 
0 
0 
0 
0 
0 
0 
0 
0 
0 
0 
0 
0 
0 
0 
0 
0 
0 
0 
0 
0 
0 
0 
0 
0 
0 
0 
0 
0 
0 
0 
0 
0 
0 
0 
0 
0 
0 
0 
0 
0 
0 
0 
0 
0 
0 
0 
0 
0 
0 
0 
0 
0 
0 
0 
0 
0 
0 
0 
0 
0 
0 
0 
0 
0 
0 
0 
0 
0 
0 
0 
0 
0 
0 
0 
0 
0 
0 
0 
0 
0 
0 
0 
0 
0 
0 
0 
0 
0 
0 
0 
0 
0 
0 
0 
0 
0 
0 
0 
0 
0 
0 
0 
0 
0 
0 
0 
0 
0 
0 
0 
0 
0 
0 
0 
0 
0 
0 
0 
0 
0 
0 
0 
0 
0 
0 
0 
0 
0 
0 
0 
0 
0 
0 
0 
0 
0 
0 
0 
0 
0 
0 
0 
0 
0 
0 
0 
0 
0 
0 
0 
0 
0 
0 
0 
0 
0 
0 
0 
0 
0 
0 
0 
0 
0 
0 
0 
0 
0 
0 
0 
0 
0 
0 
0 
0 
0 
0 
0 
0 
0 
0 
0 
0 
0 
0 
0 
0 
0 
0 
0 
0 
0 
0 
0 
0 
0 
0 
0 
0 
0 
0 
0 
0 
0 
0 
0 
0 
0 
0 
0 
0 
0 
0 
0 
0 
0 
0 
0 
0 
0 
0 
0 
0 
0 
0 
0 
0 
0 
0 
0 
0 
0 
0 
0 
0 
0 
0 
0 
0 
0 
0 
0 
0 
0 
0 
0 
0 
0 
0 
0 
0 
0 
0 
0 
0 
0 
0 
0 
0 
0 
0 
0 
0 
0 
0 
0 
0 
0 
0 
0 
0 
0 
0 
0 
0 
0 
0 
0 
0 
0 
0 
0 
0 
0 
0 
0 
0 
0 
0 
0 
0 
0 
0 
0 
0 
0 
0 
0 
0 
0 
0 
0 
0 
0 
0 
0 
0 
0 
0 
0 
0 
0 
0 
0 
0 
0 
0 
0 
0 
0 
0 
0 
0 
0 
0 
0 
0 
0 
0 
0 
0 
0 
0 
0 
0 
0 
0 
0 
0 
0 
0 
0 
0 
0 
0 
0 
0 
0 
0 
0 
0 
0 
0 
0 
0 
0 
0 
0 
0 
0 
0 
0 
0 
0 
0 
0 
0 
0 
0 
0 
0 
0 
0 
0 
0 
0 
0 
0 
0 
0 
0 
0 
0 
0 
0 
0 
0 
0 
0 
0 
0 
0 
0 
0 
0 
0 
0 
0 
0 
0 
0 
0 
0 
0 
0 
0 
0 
0 
0 
0 
0 
0 
0 
0 
0 
0 
0 
0 
0 
0 
0 
0 
0 
0 
0 
0 
0 
0 
0 
0 
0 
0 
0 
0 
0 
0 
0 
0 
0 
0 
0 
0 
0 
0 
0 
0 
0 
0 
0 
0 
0 
0 
0 
0 
0 
0 
0 
0 
0 
0 
0 
0 
0 
0 
0 
0 
0 
0 
0 
0 
0 
0 
0 
0 
0 
0 
0 
0 
0 
0 
0 
0 
0 
0 
0 
0 
0 
0 
0 
0 
0 
0 
0 
0 
0 
0 
0 
0 
0 
0 
0 
0 
0 
0 
0 
0 
0 
0 
0 
0 
0 
0 
0 
0 
0 
0 
0 
0 
0 
0 
0 
0 
0 
0 
0 
0 
0 
0 
0 
0 
0 
0 
0 
0 
0 
0 
0 
0 
0 
0 
0 
0 
0 
0 
0 
0 
0 
0 
0 
0 
0 
0 
0 
0 
0 
0 
0 
0 
0 
0 
0 
0 
0 
0 
0 
0 
0 
0 
0 
0 
0 
0 
0 
0 
0 
0 
0 
0 
0 
0 
0 
0 
0 
0 
0 
0 
0 
0 
0 
0 
0 
0 
0 
0 
0 
0 
0 
0 
0 
0 
0 
0 
0 
0 
0 
0 
0 
0 
0 
0 
0 
0 
0 
0 
0 
0 
0 
0 
0 
0 
0 
0 
0 
0 
0 
0 
0 
0 
0 
0 
0 
0 
0 
0 
0 
0 
0 
0 
0 
0 
0 
0 
0 
0 
0 
0 
0 
0 
0 
0 
0 
0 
0 
0 
0 
0 
0 
0 
0 
0 
0 
0 
0 
0 
0 
0 
0 
0 
0 
0 
0 
0 
0 
0 
0 
0 
0 
0 
0 
0 
0 
0 
0 
0 
0 
0 
0 
0 
0 
0 
0 
0 
0 
0 
0 
0 
0 
0 
0 
0 
0 
0 
0 
0 
0 
0 
0 
0 
0 
0 
0 
0 
0 
0 
0 
0 
0 
0 
0 
0 
0 
0 
0 
0 
0 
0 
0 
0 
0 
0 
0 
0 
0 
0 
0 
0 
0 
0 
0 
0 
0 
0 
0 
0 
0 
0 
0 
0 
0 
0 
0 
0 
0 
0 
0 
0 
0 
0 
0 
0 
0 
0 
0 
0 
0 
0 
0 
0 
0 
0 
0 
0 
0 
0 
0 
0 
0 
0 
0 
0 
0 
0 
0 
0 
0 
0 
0 
0 
0 
0 
0 
0 
0 
0 
0 
0 
0 
0 
0 
0 
0 
0 
0 
0 
0 
0 
0 
0 
0 
0 
0 
0 
0 
0 
0 
0 
0 
0 
0 
0 
0 
0 
0 
0 
0 
0 
0 
0 
0 
0 
0 
0 
0 
0 
0 
0 
0 
0 
0 
0 
0 
0 
0 
0 
0 
0 
0 
0 
0 
0 
0 
0 
0 
0 
0 
0 
0 
0 
0 
0 
0 
0 
0 
0 
0 
0 
0 
0 
0 
0 
0 
0 
0 
0 
0 
0 
0 
0 
0 
0 
0 
0 
0 
0 
0 
0 
0 
0 
0 
0 
0 
0 
0 
0 
0 
0 
0 
0 
0 
0 
0 
0 
0 
0 
0 
0 
0 
0 
0 
0 
0 
0 
0 
0 
0 
0 
0 
0 
0 
0 
0 
0 
0 
0 
0 
0 
0 
0 
0 
0 
0 
0 
0 
0 
0 
0 
0 
0 
0 
0 
0 
0 
0 
0 
0 
0 
0 
0 
0 
0 
0 
0 
0 
0 
0 
0 
0 
0 
0 
0 
0 
0 
0 
0 
0 
0 
0 
0 
0 
0 
0 
0 
0 
0 
0 
0 
0 
0 
0 
0 
0 
0 
0 
0 
0 
0 
0 
0 
0 
0 
0 
0 
0 
0 
0 
0 
0 
0 
0 
0 
0 
0 
0 
0 
0 
0 
0 
0 
0 
0 
0 
0 
0 
0 
0 
0 
0 
0 
0 
0 
0 
0 
0 
0 
0 
0 
0 
0 
0 
0 
0 
0 
0 
0 
0 
0 
0 
0 
0 
0 
0 
0 
0 
0 
0 
0 
0 
0 
0 
0 
0 
0 
0 
0 
0 
0 
0 
0 
0 
0 
0 
0 
0 
0 
0 
0 
0 
0 
0 
0 
0 
0 
0 
0 
0 
0 
0 
0 
0 
0 
0 
0 
0 
0 
0 
0 
0 
0 
0 
0 
0 
0 
0 
0 
0 
0 
0 
0 
0 
0 
0 
0 
0 
0 
0 
0 
0 
0 
0 
0 
0 
0 
0 
0 
0 
0 
0 
0 
0 
0 
0 
0 
0 
0 
0 
0 
0 
0 
0 
0 
0 
0 
0 
0 
0 
0 
0 
0 
0 
0 
0 
0 
0 
0 
0 
0 
0 
0 
0 
0 
0 
0 
0 
0 
0 
0 
0 
0 
0 
0 
0 
0 
0 
0 
0 
0 
0 
0 
0 
0 
0 
0 
0 
0 
0 
0 
0 
0 
0 
0 
0 
0 
0 
0 
0 
0 
0 
0 
0 
0 
0 
0 
0 
0 
0 
0 
0 
0 
0 
0 
0 
0 
0 
0 
0 
0 
0 
0 
0 
0 
0 
0 
0 
0 
0 
0 
0 
0 
0 
0 
0 
0 
0 
0 
0 
0 
0 
0 
0 
0 
0 
0 
0 
0 
0 
0 
0 
0 
0 
0 
0 
0 
0 
0 
0 
0 
0 
0 
0 
0 
0 
0 
0 
0 
0 
0 
0 
0 
0 
0 
0 
0 
0 
0 
0 
0 
0 
0 
0 
0 
0 
0 
0 
0 
0 
0 
0 
0 
0 
0 
0 
0 
0 
0 
0 
0 
0 
0 
0 
0 
0 
0 
0 
0 
0 
0 
0 
0 
0 
0 
0 
0 
0 
0 
0 
0 
0 
0 
0 
0 
0 
0 
0 
0 
0 
0 
0 
0 
0 
0 
0 
0 
0 
0 
0 
0 
0 
0 
0 
0 
0 
0 
0 
0 
0 
0 
0 
0 
0 
0 
0 
0 
0 
0 
0 
0 
0 
0 
0 
0 
0 
0 
0 
0 
0 
0 
0 
0 
0 
0 
0 
0 
0 
0 
0 
0 
0 
0 
0 
0 
0 
0 
0 
0 
0 
0 
0 
0 
0 
0 
0 
0 
0 
0 
0 
0 
0 
0 
0 
0 
0 
0 
0 
0 
0 
0 
0 
0 
0 
0 
0 
0 
0 
0 
0 
0 
0 
0 
0 
0 
0 
0 
0 
0 
0 
0 
0 
0 
0 
0 
0 
0 
0 
0 
0 
0 
0 
0 
0 
0 
0 
0 
0 
0 
0 
0 
0 
0 
0 
0 
0 
0 
0 
0 
0 
0 
0 
0 
0 
0 
0 
0 
0 
0 
0 
0 
0 
0 
0 
0 
0 
0 
0 
0 
0 
0 
0 
0 
0 
0 
0 
0 
0 
0 
0 
0 
0 
0 
0 
0 
0 
0 
0 
0 
0 
0 
0 
0 
0 
0 
0 
0 
0 
0 
0 
0 
0 
0 
0 
0 
0 
0 
0 
0 
0 
0 
0 
0 
0 
0 
0 
0 
0 
0 
0 
0 
0 
0 
0 
0 
0 
0 
0 
0 
0 
0 
0 
0 
0 
0 
0 
0 
0 
0 
0 
0 
0 
0 
0 
0 
0 
0 
0 
0 
0 
0 
0 
0 
0 
0 
0 
0 
0 
0 
0 
0 
0 
0 
0 
0 
0 
0 
0 
0 
0 
0 
0 
0 
0 
0 
0 
0 
0 
0 
0 
0 
0 
0 
0 
0 
0 
0 
0 
0 
0 
0 
0 
0 
0 
0 
0 
0 
0 
0 
0 
0 
0 
0 
0 
0 
0 
0 
0 
0 
0 
0 
0 
0 
0 
0 
0 
0 
0 
0 
0 
0 
0 
0 
0 
0 
0 
0 
0 
0 
0 
0 
0 
0 
0 
0 
0 
0 
0 
0 
0 
0 
0 
0 
0 
0 
0 
0 
0 
0 
0 
0 
0 
0 
0 
0 
0 
0 
0 
0 
0 
0 
0 
0 
0 
0 
0 
0 
0 
0 
0 
0 
0 
0 
0 
0 
0 
0 
0 
0 
0 
0 
0 
0 
0 
0 
0 
0 
0 
0 
0 
0 
0 
0 
0 
0 
0 
0 
0 
0 
0 
0 
0 
0 
0 
0 
0 
0 
0 
0 
0 
0 
0 
0 
0 
0 
0 
0 
0 
0 
0 
0 
0 
0 
0 
0 
0 
0 
0 
0 
0 
0 
0 
0 
0 
0 
0 
0 
0 
0 
0 
0 
0 
0 
0 
0 
0 
0 
0 
0 
0 
0 
0 
0 
0 
0 
0 
0 
0 
0 
0 
0 
0 
0 
0 
0 
0 
0 
0 
0 
0 
0 
0 
0 
0 
0 
0 
0 
0 
0 
0 
0 
0 
0 
0 
0 
0 
0 
0 
0 
0 
0 
0 
0 
0 
0 
0 
0 
0 
0 
0 
0 
0 
0 
0 
0 
0 
0 
0 
0 
0 
0 
0 
0 
0 
0 
0 
0 
0 
0 
0 
0 
0 
0 
0 
0 
0 
0 
0 
0 
0 
0 
0 
0 
0 
0 
0 
0 
0 
0 
0 
0 
0 
0 
0 
0 
0 
0 
0 
0 
0 
0 
0 
0 
0 
0 
0 
0 
0 
0 
0 
0 
0 
0 
0 
0 
0 
0 
0 
0 
0 
0 
0 
0 
0 
0 
0 
0 
0 
0 
0 
0 
0 
0 
0 
0 
0 
0 
0 
0 
0 
0 
0 
0 
0 
0 
0 
0 
0 
0 
0 
0 
0 
0 
0 
0 
0 
0 
0 
0 
0 
0 
0 
0 
0 
0 
0 
0 
0 
0 
0 
0 
0 
0 
0 
0 
0 
0 
0 
0 
0 
0 
0 
0 
0 
0 
0 
0 
0 
0 
0 
0 
0 
0 
0 
0 
0 
0 
0 
0 
0 
0 
0 
0 
0 
0 
0 
0 
0 
0 
0 
0 
0 
0 
0 
0 
0 
0 
0 
0 
0 
0 
0 
0 
0 
0 
0 
0 
0 
0 
0 
0 
0 
0 
0 
0 
0 
0 
0 
0 
0 
0 
0 
0 
0 
0 
0 
0 
0 
0 
0 
0 
0 
0 
0 
0 
0 
0 
0 
0 
0 
0 
0 
0 
0 
0 
0 
0 
0 
0 
0 
0 
0 
0 
0 
0 
0 
0 
0 
0 
0 
0 
0 
0 
0 
0 
0 
0 
0 
0 
0 
0 
0 
0 
0 
0 
0 
0 
0 
0 
0 
0 
0 
0 
0 
0 
0 
0 
0 
0 
0 
0 
0 
0 
0 
0 
0 
0 
0 
0 
0 
0 
0 
0 
0 
0 
0 
0 
0 
0 
0 
0 
0 
0 
0 
0 
0 
0 
0 
0 
0 
0 
0 
0 
0 
0 
0 
0 
0 
0 
0 
0 
0 
0 
0 
0 
0 
0 
0 
0 
0 
0 
0 
0 
0 
0 
0 
0 
0 
0 
0 
0 
0 
0 
0 
0 
0 
0 
0 
0 
0 
0 
0 
0 
0 
0 
0 
0 
0 
0 
0 
0 
0 
0 
0 
0 
0 
0 
0 
0 
0 
0 
0 
0 
0 
0 
0 
0 
0 
0 
0 
0 
0 
0 
0 
0 
0 
0 
0 
0 
0 
0 
0 
0 
0 
0 
0 
0 
0 
0 
0 
0 
0 
0 
0 
0 
0 
0 
0 
0 
0 
0 
0 
0 
0 
0 
0 
0 
0 
0 
0 
0 
0 
0 
0 
0 
0 
0 
0 
0 
0 
0 
0 
0 
0 
0 
0 
0 
0 
0 
0 
0 
0 
0 
0 
0 
0 
0 
0 
0 
0 
0 
0 
0 
0 
0 
0 
0 
0 
0 
0 
0 
0 
0 
0 
0 
0 
0 
0 
0 
0 
0 
0 
0 
0 
0 
0 
0 
0 
0 
0 
0 
0 
0 
0 
0 
0 
0 
0 
0 
0 
0 
0 
0 
0 
0 
0 
0 
0 
0 
0 
0 
0 
0 
0 
0 
0 
0 
0 
0 
0 
0 
0 
0 
0 
0 
0 
0 
0 
0 
0 
0 
0 
0 
0 
0 
0 
0 
0 
0 
0 
0 
0 
0 
0 
0 
0 
0 
0 
0 
0 
0 
0 
0 
0 
0 
0 
0 
0 
0 
0 
0 
0 
0 
0 
0 
0 
0 
0 
0 
0 
0 
0 
0 
0 
0 
0 
0 
0 
0 
0 
0 
0 
0 
0 
0 
0 
0 
0 
0 
0 
0 
0 
0 
0 
0 
0 
0 
0 
0 
0 
0 
0 
0 
0 
0 
0 
0 
0 
0 
0 
0 
0 
0 
0 
0 
0 
0 
0 
0 
0 
0 
0 
0 
0 
0 
0 
0 
0 
0 
0 
0 
0 
0 
0 
0 
0 
0 
0 
0 
0 
0 
0 
0 
0 
0 
0 
0 
0 
0 
0 
0 
0 
0 
0 
0 
0 
0 
0 
0 
0 
0 
0 
0 
0 
0 
0 
0 
0 
0 
0 
0 
0 
0 
0 
0 
0 
0 
0 
0 
0 
0 
0 
0 
0 
0 
0 
0 
0 
0 
0 
0 
0 
0 
0 
0 
0 
0 
0 
0 
0 
0 
0 
0 
0 
0 
0 
0 
0 
0 
0 
0 
0 
0 
0 
0 
0 
0 
0 
0 
0 
0 
0 
0 
0 
0 
0 
0 
0 
0 
0 
0 
0 
0 
0 
0 
0 
0 
0 
0 
0 
0 
0 
0 
0 
0 
0 
0 
0 
0 
0 
0 
0 
0 
0 
0 
0 
0 
0 
0 
0 
0 
0 
0 
0 
0 
0 
0 
0 
0 
0 
0 
0 
0 
0 
0 
0 
0 
0 
0 
0 
0 
0 
0 
0 
0 
0 
0 
0 
0 
0 
0 
0 
0 
0 
0 
0 
0 
0 
0 
0 
0 
0 
0 
0 
0 
0 
0 
0 
0 
0 
0 
0 
0 
0 
0 
0 
0 
0 
0 
0 
0 
0 
0 
0 
0 
0 
0 
0 
0 
0 
0 
0 
0 
0 
0 
0 
0 
0 
0 
0 
0 
0 
0 
0 
0 
0 
0 
0 
0 
0 
0 
0 
0 
0 
0 
0 
0 
0 
0 
0 
0 
0 
0 
0 
0 
0 
0 
0 
0 
0 
0 
0 
0 
0 
0 
0 
0 
0 
0 
0 
0 
0 
0 
0 
0 
0 
0 
0 
0 
0 
0 
0 
0 
0 
0 
0 
0 
0 
0 
0 
0 
0 
0 
0 
0 
0 
0 
0 
0 
0 
0 
0 
0 
0 
0 
0 
0 
0 
0 
0 
0 
0 
0 
0 
0 
0 
0 
0 
0 
0 
0 
0 
0 
0 
0 
0 
0 
0 
0 
0 
0 
0 
0 
0 
0 
0 
0 
0 
0 
0 
0 
0 
0 
0 
0 
0 
0 
0 
0 
0 
0 
0 
0 
0 
0 
0 
0 
0 
0 
0 
0 
0 
0 
0 
0 
0 
0 
0 
0 
0 
0 
0 
0 
0 
0 
0 
0 
0 
0 
0 
0 
0 
0 
0 
0 
0 
0 
0 
0 
0 
0 
0 
0 
0 
0 
0 
0 
0 
0 
0 
0 
0 
0 
0 
0 
0 
0 
0 
0 
0 
0 
0 
0 
0 
0 
0 
0 
0 
0 
0 
0 
0 
0 
0 
0 
0 
0 
0 
0 
0 
0 
0 
0 
0 
0 
0 
0 
0 
0 
0 
0 
0 
0 
0 
0 
0 
0 
0 
0 
0 
0 
0 
0 
0 
0 
0 
0 
0 
0 
0 
0 
0 
0 
0 
0 
0 
0 
0 
0 
0 
0 
0 
0 
0 
0 
0 
0 
0 
0 
0 
0 
0 
0 
0 
0 
0 
0 
0 
0 
0 
0 
0 
0 
0 
0 
0 
0 
0 
0 
0 
0 
0 
0 
0 
0 
0 
0 
0 
0 
0 
0 
0 
0 
0 
0 
0 
0 
0 
0 
0 
0 
0 
0 
0 
0 
0 
0 
0 
0 
0 
0 
0 
0 
0 
0 
0 
0 
0 
0 
0 
0 
0 
0 
0 
0 
0 
0 
0 
0 
0 
0 
0 
0 
0 
0 
0 
0 
0 
0 
0 
0 
0 
0 
0 
0 
0 
0 
0 
0 
0 
0 
0 
0 
0 
0 
0 
0 
0 
0 
0 
0 
0 
0 
0 
0 
0 
0 
0 
0 
0 
0 
0 
0 
0 
0 
0 
0 
0 
0 
0 
0 
0 
0 
0 
0 
0 
0 
0 
0 
0 
0 
0 
0 
0 
0 
0 
0 
0 
0 
0 
0 
0 
0 
0 
0 
0 
0 
0 
0 
0 
0 
0 
0 
0 
0 
0 
0 
0 
0 
0 
0 
0 
0 
0 
0 
0 
0 
0 
0 
0 
0 
0 
0 
0 
0 
0 
0 
0 
0 
0 
0 
0 
0 
0 
0 
0 
0 
0 
0 
0 
0 
0 
0 
0 
0 
0 
0 
0 
0 
0 
0 
0 
0 
0 
0 
0 
0 
0 
0 
0 
0 
0 
0 
0 
0 
0 
0 
0 
0 
0 
0 
0 
0 
0 
0 
0 
0 
0 
0 
0 
0 
0 
0 
0 
0 
0 
0 
0 
0 
0 
0 
0 
0 
0 
0 
0 
0 
0 
0 
0 
0 
0 
0 
0 
0 
0 
0 
0 
0 
0 
0 
0 
0 
0 
0 
0 
0 
0 
0 
0 
0 
0 
0 
0 
0 
0 
0 
0 
0 
0 
0 
0 
0 
0 
0 
0 
0 
0 
0 
0 
0 
0 
0 
0 
0 
0 
0 
0 
0 
0 
0 
0 
0 
0 
0 
0 
0 
0 
0 
0 
0 
0 
0 
0 
0 
0 
0 
0 
0 
0 
0 
0 
0 
0 
0 
0 
0 
0 
0 
0 
0 
0 
0 
0 
0 
0 
0 
0 
0 
0 
0 
0 
0 
0 
0 
0 
0 
0 
0 
0 
0 
0 
0 
0 
0 
0 
0 
0 
0 
0 
0 
0 
0 
0 
0 
0 
0 
0 
0 
0 
0 
0 
0 
0 
0 
0 
0 
0 
0 
0 
0 
0 
0 
0 
0 
0 
0 
0 
0 
0 
0 
0 
0 
0 
0 
0 
0 
0 
0 
0 
0 
0 
0 
0 
0 
0 
0 
0 
0 
0 
0 
0 
0 
0 
0 
0 
0 
0 
0 
0 
0 
0 
0 
0 
0 
0 
0 
0 
0 
0 
0 
0 
0 
0 
0 
0 
0 
0 
0 
0 
0 
0 
0 
0 
0 
0 
0 
0 
0 
0 
0 
0 
0 
0 
0 
0 
0 
0 
0 
0 
0 
0 
0 
0 
0 
0 
0 
0 
0 
0 
0 
0 
0 
0 
0 
0 
0 
0 
0 
0 
0 
0 
0 
0 
0 
0 
0 
0 
0 
0 
0 
0 
0 
0 
0 
0 
0 
0 
0 
0 
0 
0 
0 
0 
0 
0 
0 
0 
0 
0 
0 
0 
0 
0 
0 
0 
0 
0 
0 
0 
0 
0 
0 
0 
0 
0 
0 
0 
0 
0 
0 
0 
0 
0 
0 
0 
0 
0 
0 
0 
0 
0 
0 
0 
0 
0 
0 
0 
0 
0 
0 
0 
0 
0 
0 
0 
0 
0 
0 
0 
0 
0 
0 
0 
0 
0 
0 
0 
0 
0 
0 
0 
0 
0 
0 
0 
0 
0 
0 
0 
0 
0 
0 
0 
0 
0 
0 
0 
0 
0 
0 
0 
0 
0 
0 
0 
0 
0 
0 
0 
0 
0 
0 
0 
0 
0 
0 
0 
0 
0 
0 
0 
0 
0 
0 
0 
0 
0 
0 
0 
0 
0 
0 
0 
0 
0 
0 
0 
0 
0 
0 
0 
0 
0 
0 
0 
0 
0 
0 
0 
0 
0 
0 
0 
0 
0 
0 
0 
0 
0 
0 
0 
0 
0 
0 
0 
0 
0 
0 
0 
0 
0 
0 
0 
0 
0 
0 
0 
0 
0 
0 
0 
0 
0 
0 
0 
0 
0 
0 
0 
0 
0 
0 
0 
0 
0 
0 
0 
0 
0 
0 
0 
0 
0 
0 
0 
0 
0 
0 
0 
0 
0 
0 
0 
0 
0 
0 
0 
0 
0 
0 
0 
0 
0 
0 
0 
0 
0 
0 
0 
0 
0 
0 
0 
0 
0 
0 
0 
0 
0 
0 
0 
0 
0 
0 
0 
0 
0 
0 
0 
0 
0 
0 
0 
0 
0 
0 
0 
0 
0 
0 
0 
0 
0 
0 
0 
0 
0 
0 
0 
0 
0 
0 
0 
0 
0 
0 
0 
0 
0 
0 
0 
0 
0 
0 
0 
0 
0 
0 
0 
0 
0 
0 
0 
0 
0 
0 
0 
0 
0 
0 
0 
0 
0 
0 
0 
0 
0 
0 
0 
0 
0 
0 
0 
0 
0 
0 
0 
0 
0 
0 
0 
0 
0 
0 
0 
0 
0 
0 
0 
0 
0 
0 
0 
0 
0 
0 
0 
0 
0 
0 
0 
0 
0 
0 
0 
0 
0 
0 
0 
0 
0 
0 
0 
0 
0 
0 
0 
0 
0 
0 
0 
0 
0 
0 
0 
0 
0 
0 
0 
0 
0 
0 
0 
0 
0 
0 
0 
0 
0 
0 
0 
0 
0 
0 
0 
0 
0 
0 
0 
0 
0 
0 
0 
0 
0 
0 
0 
0 
0 
0 
0 
0 
0 
0 
0 
0 
0 
0 
0 
0 
0 
0 
0 
0 
0 
0 
0 
0 
0 
0 
0 
0 
0 
0 
0 
0 
0 
0 
0 
0 
0 
0 
0 
0 
0 
0 
0 
0 
0 
0 
0 
0 
0 
0 
0 
0 
0 
0 
0 
0 
0 
0 
0 
0 
0 
0 
0 
0 
0 
0 
0 
0 
0 
0 
0 
0 
0 
0 
0 
0 
0 
0 
0 
0 
0 
0 
0 
0 
0 
0 
0 
0 
0 
0 
0 
0 
0 
0 
0 
0 
0 
0 
0 
0 
0 
0 
0 
0 
0 
0 
0 
0 
0 
0 
0 
0 
0 
0 
0 
0 
0 
0 
0 
0 
0 
0 
0 
0 
0 
0 
0 
0 
0 
0 
0 
0 
0 
0 
0 
0 
0 
0 
0 
0 
0 
0 
0 
0 
0 
0 
0 
0 
0 
0 
0 
0 
0 
0 
0 
0 
0 
0 
0 
0 
0 
0 
0 
0 
0 
0 
0 
0 
0 
0 
0 
0 
0 
0 
0 
0 
0 
0 
0 
0 
0 
0 
0 
0 
0 
0 
0 
0 
0 
0 
0 
0 
0 
0 
0 
0 
0 
0 
0 
0 
0 
0 
0 
0 
0 
0 
0 
0 
0 
0 
0 
0 
0 
0 
0 
0 
0 
0 
0 
0 
0 
0 
0 
0 
0 
0 
0 
0 
0 
0 
0 
0 
0 
0 
0 
0 
0 
0 
0 
0 
0 
0 
0 
0 
0 
0 
0 
0 
0 
0 
0 
0 
0 
0 
0 
0 
0 
0 
0 
0 
0 
0 
0 
0 
0 
0 
0 
0 
0 
0 
0 
0 
0 
0 
0 
0 
0 
0 
0 
0 
0 
0 
0 
0 
0 
0 
0 
0 
0 
0 
0 
0 
0 
0 
0 
0 
0 
0 
0 
0 
0 
0 
0 
0 
0 
0 
0 
0 
0 
0 
0 
0 
0 
0 
0 
0 
0 
0 
0 
0 
0 
0 
0 
0 
0 
0 
0 
0 
0 
0 
0 
0 
0 
0 
0 
0 
0 
0 
0 
0 
0 
0 
0 
0 
0 
0 
0 
0 
0 
0 
0 
0 
0 
0 
0 
0 
0 
0 
0 
0 
0 
0 
0 
0 
0 
0 
0 
0 
0 
0 
0 
0 
0 
0 
0 
0 
0 
0 
0 
0 
0 
0 
0 
0 
0 
0 
0 
0 
0 
0 
0 
0 
0 
0 
0 
0 
0 
0 
0 
0 
0 
0 
0 
0 
0 
0 
0 
0 
0 
0 
0 
0 
0 
0 
0 
0 
0 
0 
0 
0 
0 
0 
0 
0 
0 
0 
0 
0 
0 
0 
0 
0 
0 
0 
0 
0 
0 
0 
0 
0 
0 
0 
0 
0 
0 
0 
0 
0 
0 
0 
0 
0 
0 
0 
0 
0 
0 
0 
0 
0 
0 
0 
0 
0 
0 
0 
0 
0 
0 
0 
0 
0 
0 
0 
0 
0 
0 
0 
0 
0 
0 
0 
0 
0 
0 
0 
0 
0 
0 
0 
0 
0 
0 
0 
0 
0 
0 
0 
0 
0 
0 
0 
0 
0 
0 
0 
0 
0 
0 
0 
0 
0 
0 
0 
0 
0 
0 
0 
0 
0 
0 
0 
0 
0 
0 
0 
0 
0 
0 
0 
0 
0 
0 
0 
0 
0 
0 
0 
0 
0 
0 
0 
0 
0 
0 
0 
0 
0 
0 
0 
0 
0 
0 
0 
0 
0 
0 
0 
0 
0 
0 
0 
0 
0 
0 
0 
0 
0 
0 
0 
0 
0 
0 
0 
0 
0 
0 
0 
0 
0 
0 
0 
0 
0 
0 
0 
0 
0 
0 
0 
0 
0 
0 
0 
0 
0 
0 
0 
0 
0 
0 
0 
0 
0 
0 
0 
0 
0 
0 
0 
0 
0 
0 
0 
0 
0 
0 
0 
0 
0 
0 
0 
0 
0 
0 
0 
0 
0 
0 
0 
0 
0 
0 
0 
0 
0 
0 
0 
0 
0 
0 
0 
0 
0 
0 
0 
0 
0 
0 
0 
0 
0 
0 
0 
0 
0 
0 
0 
0 
0 
0 
0 
0 
0 
0 
0 
0 
0 
0 
0 
0 
0 
0 
0 
0 
0 
0 
0 
0 
0 
0 
0 
0 
0 
0 
0 
0 
0 
0 
0 
0 
0 
0 
0 
0 
0 
0 
0 
0 
0 
0 
0 
0 
0 
0 
0 
0 
0 
0 
0 
0 
0 
0 
0 
0 
0 
0 
0 
0 
0 
0 
0 
0 
0 
0 
0 
0 
0 
0 
0 
0 
0 
0 
0 
0 
0 
0 
0 
0 
0 
0 
0 
0 
0 
0 
0 
0 
0 
0 
0 
0 
0 
0 
0 
0 
0 
0 
0 
0 
0 
0 
0 
0 
0 
0 
0 
0 
0 
0 
0 
0 
0 
0 
0 
0 
0 
0 
0 
0 
0 
0 
0 
0 
0 
0 
0 
0 
0 
0 
0 
0 
0 
0 
0 
0 
0 
0 
0 
0 
0 
0 
0 
0 
0 
0 
0 
0 
0 
0 
0 
0 
0 
0 
0 
0 
0 
0 
0 
0 
0 
0 
0 
0 
0 
0 
0 
0 
0 
0 
0 
0 
0 
0 
0 
0 
0 
0 
0 
0 
0 
0 
0 
0 
0 
0 
0 
0 
0 
0 
0 
0 
0 
0 
0 
0 
0 
0 
0 
0 
0 
0 
0 
0 
0 
0 
0 
0 
0 
0 
0 
0 
0 
0 
0 
0 
0 
0 
0 
0 
0 
0 
0 
0 
0 
0 
0 
0 
0 
0 
0 
0 
0 
0 
0 
0 
0 
0 
0 
0 
0 
0 
0 
0 
0 
0 
0 
0 
0 
0 
0 
0 
0 
0 
0 
0 
0 
0 
0 
0 
0 
0 
0 
0 
0 
0 
0 
0 
0 
0 
0 
0 
0 
0 
0 
0 
0 
0 
0 
0 
0 
0 
0 
0 
0 
0 
0 
0 
0 
0 
0 
0 
0 
0 
0 
0 
0 
0 
0 
0 
0 
0 
0 
0 
0 
0 
0 
0 
0 
0 
0 
0 
0 
0 
0 
0 
0 
0 
0 
0 
0 
0 
0 
0 
0 
0 
0 
0 
0 
0 
0 
0 
0 
0 
0 
0 
0 
0 
0 
0 
0 
0 
0 
0 
0 
0 
0 
0 
0 
0 
0 
0 
0 
0 
0 
0 
0 
0 
0 
0 
0 
0 
0 
0 
0 
0 
0 
0 
0 
0 
0 
0 
0 
0 
0 
0 
0 
0 
0 
0 
0 
0 
0 
0 
0 
0 
0 
0 
0 
0 
0 
0 
0 
0 
0 
0 
0 
0 
0 
0 
0 
0 
0 
0 
0 
0 
0 
0 
0 
0 
0 
0 
0 
0 
0 
0 
0 
0 
0 
0 
0 
0 
0 
0 
0 
0 
0 
0 
0 
0 
0 
0 
0 
0 
0 
0 
0 
0 
0 
0 
0 
0 
0 
0 
0 
0 
0 
0 
0 
0 
0 
0 
0 
0 
0 
0 
0 
0 
0 
0 
0 
0 
0 
0 
0 
0 
0 
0 
0 
0 
0 
0 
0 
0 
0 
0 
0 
0 
0 
0 
0 
0 
0 
0 
0 
0 
0 
0 
0 
0 
0 
0 
0 
0 
0 
0 
0 
0 
0 
0 
0 
0 
0 
0 
0 
0 
0 
0 
0 
0 
0 
0 
0 
0 
0 
0 
0 
0 
0 
0 
0 
0 
0 
0 
0 
0 
0 
0 
0 
0 
0 
0 
0 
0 
0 
0 
0 
0 
0 
0 
0 
0 
0 
0 
0 
0 
0 
0 
0 
0 
0 
0 
0 
0 
0 
0 
0 
0 
0 
0 
0 
0 
0 
0 
0 
0 
0 
0 
0 
0 
0 
0 
0 
0 
0 
0 
0 
0 
0 
0 
0 
0 
0 
0 
0 
0 
0 
0 
0 
0 
0 
0 
0 
0 
0 
0 
0 
0 
0 
0 
0 
0 
0 
0 
0 
0 
0 
0 
0 
0 
0 
0 
0 
0 
0 
0 
0 
0 
0 
0 
0 
0 
0 
0 
0 
0 
0 
0 
0 
0 
0 
0 
0 
0 
0 
0 
0 
0 
0 
0 
0 
0 
0 
0 
0 
0 
0 
0 
0 
0 
0 
0 
0 
0 
0 
0 
0 
0 
0 
0 
0 
0 
0 
0 
0 
0 
0 
0 
0 
0 
0 
0 
0 
0 
0 
0 
0 
0 
0 
0 
0 
0 
0 
0 
0 
0 
0 
0 
0 
0 
0 
0 
0 
0 
0 
0 
0 
0 
0 
0 
0 
0 
0 
0 
0 
0 
0 
0 
0 
0 
0 
0 
0 
0 
0 
0 
0 
0 
0 
0 
0 
0 
0 
0 
0 
0 
0 
0 
0 
0 
0 
0 
0 
0 
0 
0 
0 
0 
0 
0 
0 
0 
0 
0 
0 
0 
0 
0 
0 
0 
0 
0 
0 
0 
0 
0 
0 
0 
0 
0 
0 
0 
0 
0 
0 
0 
0 
0 
0 
0 
0 
0 
0 
0 
0 
0 
0 
0 
0 
0 
0 
0 
0 
0 
0 
0 
0 
0 
0 
0 
0 
0 
0 
0 
0 
0 
0 
0 
0 
0 
0 
0 
0 
0 
0 
0 
0 
0 
0 
0 
0 
0 
0 
0 
0 
0 
0 
0 
0 
0 
0 
0 
0 
0 
0 
0 
0 
0 
0 
0 
0 
0 
0 
0 
0 
0 
0 
0 
0 
0 
0 
0 
0 
0 
0 
0 
0 
0 
0 
0 
0 
0 
0 
0 
0 
0 
0 
0 
0 
0 
0 
0 
0 
0 
0 
0 
0 
0 
0 
0 
0 
0 
0 
0 
0 
0 
0 
0 
0 
0 
0 
0 
0 
0 
0 
0 
0 
0 
0 
0 
0 
0 
0 
0 
0 
0 
0 
0 
0 
0 
0 
0 
0 
0 
0 
0 
0 
0 
0 
0 
0 
0 
0 
0 
0 
0 
0 
0 
0 
0 
0 
0 
0 
0 
0 
0 
0 
0 
0 
0 
0 
0 
0 
0 
0 
0 
0 
0 
0 
0 
0 
0 
0 
0 
0 
0 
0 
0 
0 
0 
0 
0 
0 
0 
0 
0 
0 
0 
0 
0 
0 
0 
0 
0 
0 
0 
0 
0 
0 
0 
0 
0 
0 
0 
0 
0 
0 
0 
0 
0 
0 
0 
0 
0 
0 
0 
0 
0 
0 
0 
0 
0 
0 
0 
0 
0 
0 
0 
0 
0 
0 
0 
0 
0 
0 
0 
0 
0 
0 
0 
0 
0 
0 
0 
0 
0 
0 
0 
0 
0 
0 
0 
0 
0 
0 
0 
0 
0 
0 
0 
0 
0 
0 
0 
0 
0 
0 
0 
0 
0 
0 
0 
0 
0 
0 
0 
0 
0 
0 
0 
0 
0 
0 
0 
0 
0 
0 
0 
0 
0 
0 
0 
0 
0 
0 
0 
0 
0 
0 
0 
0 
0 
0 
0 
0 
0 
0 
0 
0 
0 
0 
0 
0 
0 
0 
0 
0 
0 
0 
0 
0 
0 
0 
0 
0 
0 
0 
0 
0 
0 
0 
0 
0 
0 
0 
0 
0 
0 
0 
0 
0 
0 
0 
0 
0 
0 
0 
0 
0 
0 
0 
0 
0 
0 
0 
0 
0 
0 
0 
0 
0 
0 
0 
0 
0 
0 
0 
0 
0 
0 
0 
0 
0 
0 
0 
0 
0 
0 
0 
0 
0 
0 
0 
0 
0 
0 
0 
0 
0 
0 
0 
0 
0 
0 
0 
0 
0 
0 
0 
0 
0 
0 
0 
0 
0 
0 
0 
0 
0 
0 
0 
0 
0 
0 
0 
0 
0 
0 
0 
0 
0 
0 
0 
0 
0 
0 
0 
0 
0 
0 
0 
0 
0 
0 
0 
0 
0 
0 
0 
0 
0 
0 
0 
0 
0 
0 
0 
0 
0 
0 
0 
0 
0 
0 
0 
0 
0 
0 
0 
0 
0 
0 
0 
0 
0 
0 
0 
0 
0 
0 
0 
0 
0 
0 
0 
0 
0 
0 
0 
0 
0 
0 
0 
0 
0 
0 
0 
0 
0 
0 
0 
0 
0 
0 
0 
0 
0 
0 
0 
0 
0 
0 
0 
0 
0 
0 
0 
0 
0 
0 
0 
0 
0 
0 
0 
0 
0 
0 
0 
0 
0 
0 
0 
0 
0 
0 
0 
0 
0 
0 
0 
0 
0 
0 
0 
0 
0 
0 
0 
0 
0 
0 
0 
0 
0 
0 
0 
0 
0 
0 
0 
0 
0 
0 
0 
0 
0 
0 
0 
0 
0 
0 
0 
0 
0 
0 
0 
0 
0 
0 
0 
0 
0 
0 
0 
0 
0 
0 
0 
0 
0 
0 
0 
0 
0 
0 
0 
0 
0 
0 
0 
0 
0 
0 
0 
0 
0 
0 
0 
0 
0 
0 
0 
0 
0 
0 
0 
0 
0 
0 
0 
0 
0 
0 
0 
0 
0 
0 
0 
0 
0 
0 
0 
0 
0 
0 
0 
0 
0 
0 
0 
0 
0 
0 
0 
0 
0 
0 
0 
0 
0 
0 
0 
0 
0 
0 
0 
0 
0 
0 
0 
0 
0 
0 
0 
0 
0 
0 
0 
0 
0 
0 
0 
0 
0 
0 
0 
0 
0 
0 
0 
0 
0 
0 
0 
0 
0 
0 
0 
0 
0 
0 
0 
0 
0 
0 
0 
0 
0 
0 
0 
0 
0 
0 
0 
0 
0 
0 
0 
0 
0 
0 
0 
0 
0 
0 
0 
0 
0 
0 
0 
0 
0 
0 
0 
0 
0 
0 
0 
0 
0 
0 
0 
0 
0 
0 
0 
0 
0 
0 
0 
0 
0 
0 
0 
0 
0 
0 
0 
0 
0 
0 
0 
0 
0 
0 
0 
0 
0 
0 
0 
0 
0 
0 
0 
0 
0 
0 
0 
0 
0 
0 
0 
0 
0 
0 
0 
0 
0 
0 
0 
0 
0 
0 
0 
0 
0 
0 
0 
0 
0 
0 
0 
0 
0 
0 
0 
0 
0 
0 
0 
0 
0 
0 
0 
0 
0 
0 
0 
0 
0 
0 
0 
0 
0 
0 
0 
0 
0 
0 
0 
0 
0 
0 
0 
0 
0 
0 
0 
0 
0 
0 
0 
0 
0 
0 
0 
0 
0 
0 
0 
0 
0 
0 
0 
0 
0 
0 
0 
0 
0 
0 
0 
0 
0 
0 
0 
0 
0 
0 
0 
0 
0 
0 
0 
0 
0 
0 
0 
0 
0 
0 
0 
0 
0 
0 
0 
0 
0 
0 
0 
0 
0 
0 
0 
0 
0 
0 
0 
0 
0 
0 
0 
0 
0 
0 
0 
0 
0 
0 
0 
0 
0 
0 
0 
0 
0 
0 
0 
0 
0 
0 
0 
0 
0 
0 
0 
0 
0 
0 
0 
0 
0 
0 
0 
0 
0 
0 
0 
0 
0 
0 
0 
0 
0 
0 
0 
0 
0 
0 
0 
0 
0 
0 
0 
0 
0 
0 
0 
0 
0 
0 
0 
0 
0 
0 
0 
0 
0 
0 
0 
0 
0 
0 
0 
0 
0 
0 
0 
0 
0 
0 
0 
0 
0 
0 
0 
0 
0 
0 
0 
0 
0 
0 
0 
0 
0 
0 
0 
0 
0 
0 
0 
0 
0 
0 
0 
0 
0 
0 
0 
0 
0 
0 
0 
0 
0 
0 
0 
0 
0 
0 
0 
0 
0 
0 
0 
0 
0 
0 
0 
0 
0 
0 
0 
0 
0 
0 
0 
0 
0 
0 
0 
0 
0 
0 
0 
0 
0 
0 
0 
0 
0 
0 
0 
0 
0 
0 
0 
0 
0 
0 
0 
0 
0 
0 
0 
0 
0 
0 
0 
0 
0 
0 
0 
0 
0 
0 
0 
0 
0 
0 
0 
0 
0 
0 
0 
0 
0 
0 
0 
0 
0 
0 
0 
0 
0 
0 
0 
0 
0 
0 
0 
0 
0 
0 
0 
0 
0 
0 
0 
0 
0 
0 
0 
0 
0 
0 
0 
0 
0 
0 
0 
0 
0 
0 
0 
0 
0 
0 
0 
0 
0 
0 
0 
0 
0 
0 
0 
0 
0 
0 
0 
0 
0 
0 
0 
0 
0 
0 
0 
0 
0 
0 
0 
0 
0 
0 
0 
0 
0 
0 
0 
0 
0 
0 
0 
0 
0 
0 
0 
0 
0 
0 
0 
0 
0 
0 
0 
0 
0 
0 
0 
0 
0 
0 
0 
0 
0 
0 
0 
0 
0 
0 
0 
0 
0 
0 
0 
0 
0 
0 
0 
0 
0 
0 
0 
0 
0 
0 
0 
0 
0 
0 
0 
0 
0 
0 
0 
0 
0 
0 
0 
0 
0 
0 
0 
0 
0 
0 
0 
0 
0 
0 
0 
0 
0 
0 
0 
0 
0 
0 
0 
0 
0 
0 
0 
0 
0 
0 
0 
0 
0 
0 
0 
0 
0 
0 
0 
0 
0 
0 
0 
0 
0 
0 
0 
0 
0 
0 
0 
0 
0 
0 
0 
0 
0 
0 
0 
0 
0 
0 
0 
0 
0 
0 
0 
0 
0 
0 
0 
0 
0 
0 
0 
0 
0 
0 
0 
0 
0 
0 
0 
0 
0 
0 
0 
0 
0 
0 
0 
0 
0 
0 
0 
0 
0 
0 
0 
0 
0 
0 
0 
0 
0 
0 
0 
0 
0 
0 
0 
0 
0 
0 
0 
0 
0 
0 
0 
0 
0 
0 
0 
0 
0 
0 
0 
0 
0 
0 
0 
0 
0 
0 
0 
0 
0 
0 
0 
0 
0 
0 
0 
0 
0 
0 
0 
0 
0 
0 
0 
0 
0 
0 
0 
0 
0 
0 
0 
0 
0 
0 
0 
0 
0 
0 
0 
0 
0 
0 
0 
0 
0 
0 
0 
0 
0 
0 
0 
0 
0 
0 
0 
0 
0 
0 
0 
0 
0 
0 
0 
0 
0 
0 
0 
0 
0 
0 
0 
0 
0 
0 
0 
0 
0 
0 
0 
0 
0 
0 
0 
0 
0 
0 
0 
0 
0 
0 
0 
0 
0 
0 
0 
0 
0 
0 
0 
0 
0 
0 
0 
0 
0 
0 
0 
0 
0 
0 
0 
0 
0 
0 
0 
0 
0 
0 
0 
0 
0 
0 
0 
0 
0 
0 
0 
0 
0 
0 
0 
0 
0 
0 
0 
0 
0 
0 
0 
0 
0 
0 
0 
0 
0 
0 
0 
0 
0 
0 
0 
0 
0 
0 
0 
0 
0 
0 
0 
0 
0 
0 
0 
0 
0 
0 
0 
0 
0 
0 
0 
0 
0 
0 
0 
0 
0 
0 
0 
0 
0 
0 
0 
0 
0 
0 
0 
0 
0 
0 
0 
0 
0 
0 
0 
0 
0 
0 
0 
0 
0 
0 
0 
0 
0 
0 
0 
0 
0 
0 
0 
0 
0 
0 
0 
0 
0 
0 
0 
0 
0 
0 
0 
0 
0 
0 
0 
0 
0 
0 
0 
0 
0 
0 
0 
0 
0 
0 
0 
0 
0 
0 
0 
0 
0 
0 
0 
0 
0 
0 
0 
0 
0 
0 
0 
0 
0 
0 
0 
0 
0 
0 
0 
0 
0 
0 
0 
0 
0 
0 
0 
0 
0 
0 
0 
0 
0 
0 
0 
0 
0 
0 
0 
0 
0 
0 
0 
0 
0 
0 
0 
0 
0 
0 
0 
0 
0 
0 
0 
0 
0 
0 
0 
0 
0 
0 
0 
0 
0 
0 
0 
0 
0 
0 
0 
0 
0 
0 
0 
0 
0 
0 
0 
0 
0 
0 
0 
0 
0 
0 
0 
0 
0 
0 
0 
0 
0 
0 
0 
0 
0 
0 
0 
0 
0 
0 
0 
0 
0 
0 
0 
0 
0 
0 
0 
0 
0 
0 
0 
0 
0 
0 
0 
0 
0 
0 
0 
0 
0 
0 
0 
0 
0 
0 
0 
0 
0 
0 
0 
0 
0 
0 
0 
0 
0 
0 
0 
0 
0 
0 
0 
0 
0 
0 
0 
0 
0 
0 
0 
0 
0 
0 
0 
0 
0 
0 
0 
0 
0 
0 
0 
0 
0 
0 
0 
0 
0 
0 
0 
0 
0 
0 
0 
0 
0 
0 
0 
0 
0 
0 
0 
0 
0 
0 
0 
0 
0 
0 
0 
0 
0 
0 
0 
0 
0 
0 
0 
0 
0 
0 
0 
0 
0 
0 
0 
0 
0 
0 
0 
0 
0 
0 
0 
0 
0 
0 
0 
0 
0 
0 
0 
0 
0 
0 
0 
0 
0 
0 
0 
0 
0 
0 
0 
0 
0 
0 
0 
0 
0 
0 
0 
0 
0 
0 
0 
0 
0 
0 
0 
0 
0 
0 
0 
0 
0 
0 
0 
0 
0 
0 
0 
0 
0 
0 
0 
0 
0 
0 
0 
0 
0 
0 
0 
0 
0 
0 
0 
0 
0 
0 
0 
0 
0 
0 
0 
0 
0 
0 
0 
0 
0 
0 
0 
0 
0 
0 
0 
0 
0 
0 
0 
0 
0 
0 
0 
0 
0 
0 
0 
0 
0 
0 
0 
0 
0 
0 
0 
0 
0 
0 
0 
0 
0 
0 
0 
0 
0 
0 
0 
0 
0 
0 
0 
0 
0 
0 
0 
0 
0 
0 
0 
0 
0 
0 
0 
0 
0 
0 
0 
0 
0 
0 
0 
0 
0 
0 
0 
0 
0 
0 
0 
0 
0 
0 
0 
0 
0 
0 
0 
0 
0 
0 
0 
0 
0 
0 
0 
0 
0 
0 
0 
0 
0 
0 
0 
0 
0 
0 
0 
0 
0 
0 
0 
0 
0 
0 
0 
0 
0 
0 
0 
0 
0 
0 
0 
0 
0 
0 
0 
0 
0 
0 
0 
0 
0 
0 
0 
0 
0 
0 
0 
0 
0 
0 
0 
0 
0 
0 
0 
0 
0 
0 
0 
0 
0 
0 
0 
0 
0 
0 
0 
0 
0 
0 
0 
0 
0 
0 
0 
0 
0 
0 
0 
0 
0 
0 
0 
0 
0 
0 
0 
0 
0 
0 
0 
0 
0 
0 
0 
0 
0 
0 
0 
0 
0 
0 
0 
0 
0 
0 
0 
0 
0 
0 
0 
0 
0 
0 
0 
0 
0 
0 
0 
0 
0 
0 
0 
0 
0 
0 
0 
0 
0 
0 
0 
0 
0 
0 
0 
0 
0 
0 
0 
0 
0 
0 
0 
0 
0 
0 
0 
0 
0 
0 
0 
0 
0 
0 
0 
0 
0 
0 
0 
0 
0 
0 
0 
0 
0 
0 
0 
0 
0 
0 
0 
0 
0 
0 
0 
0 
0 
0 
0 
0 
0 
0 
0 
0 
0 
0 
0 
0 
0 
0 
0 
0 
0 
0 
0 
0 
0 
0 
0 
0 
0 
0 
0 
0 
0 
0 
0 
0 
0 
0 
0 
0 
0 
0 
0 
0 
0 
0 
0 
0 
0 
0 
0 
0 
0 
0 
0 
0 
0 
0 
0 
0 
0 
0 
0 
0 
0 
0 
0 
0 
0 
0 
0 
0 
0 
0 
0 
0 
0 
0 
0 
0 
0 
0 
0 
0 
0 
0 
0 
0 
0 
0 
0 
0 
0 
0 
0 
0 
0 
0 
0 
0 
0 
0 
0 
0 
0 
0 
0 
0 
0 
0 
0 
0 
0 
0 
0 
0 
0 
0 
0 
0 
0 
0 
0 
0 
0 
0 
0 
0 
0 
0 
0 
0 
0 
0 
0 
0 
0 
0 
0 
0 
0 
0 
0 
0 
0 
0 
0 
0 
0 
0 
0 
0 
0 
0 
0 
0 
0 
0 
0 
0 
0 
0 
0 
0 
0 
0 
0 
0 
0 
0 
0 
0 
0 
0 
0 
0 
0 
0 
0 
0 
0 
0 
0 
0 
0 
0 
0 
0 
0 
0 
0 
0 
0 
0 
0 
0 
0 
0 
0 
0 
0 
0 
0 
0 
0 
0 
0 
0 
0 
0 
0 
0 
0 
0 
0 
0 
0 
0 
0 
0 
0 
0 
0 
0 
0 
0 
0 
0 
0 
0 
0 
0 
0 
0 
0 
0 
0 
0 
0 
0 
0 
0 
0 
0 
0 
0 
0 
0 
0 
0 
0 
0 
0 
0 
0 
0 
0 
0 
0 
0 
0 
0 
0 
0 
0 
0 
0 
0 
0 
0 
0 
0 
0 
0 
0 
0 
0 
0 
0 
0 
0 
0 
0 
0 
0 
0 
0 
0 
0 
0 
0 
0 
0 
0 
0 
0 
0 
0 
0 
0 
0 
0 
0 
0 
0 
0 
0 
0 
0 
0 
0 
0 
0 
0 
0 
0 
0 
0 
0 
0 
0 
0 
0 
0 
0 
0 
0 
0 
0 
0 
0 
0 
0 
0 
0 
0 
0 
0 
0 
0 
0 
0 
0 
0 
0 
0 
0 
0 
0 
0 
0 
0 
0 
0 
0 
0 
0 
0 
0 
0 
0 
0 
0 
0 
0 
0 
0 
0 
0 
0 
0 
0 
0 
0 
0 
0 
0 
0 
0 
0 
0 
0 
0 
0 
0 
0 
0 
0 
0 
0 
0 
0 
0 
0 
0 
0 
0 
0 
0 
0 
0 
0 
0 
0 
0 
0 
0 
0 
0 
0 
0 
0 
0 
0 
0 
0 
0 
0 
0 
0 
0 
0 
0 
0 
0 
0 
0 
0 
0 
0 
0 
0 
0 
0 
0 
0 
0 
0 
0 
0 
0 
0 
0 
0 
0 
0 
0 
0 
0 
0 
0 
0 
0 
0 
0 
0 
0 
0 
0 
0 
0 
0 
0 
0 
0 
0 
0 
0 
0 
0 
0 
0 
0 
0 
0 
0 
0 
0 
0 
0 
0 
0 
0 
0 
0 
0 
0 
0 
0 
0 
0 
0 
0 
0 
0 
0 
0 
0 
0 
0 
0 
0 
0 
0 
0 
0 
0 
0 
0 
0 
0 
0 
0 
0 
0 
0 
0 
0 
0 
0 
0 
0 
0 
0 
0 
0 
0 
0 
0 
0 
0 
0 
0 
0 
0 
0 
0 
0 
0 
0 
0 
0 
0 
0 
0 
0 
0 
0 
0 
0 
0 
0 
0 
0 
0 
0 
0 
0 
0 
0 
0 
0 
0 
0 
0 
0 
0 
0 
0 
0 
0 
0 
0 
0 
0 
0 
0 
0 
0 
0 
0 
0 
0 
0 
0 
0 
0 
0 
0 
0 
0 
0 
0 
0 
0 
0 
0 
0 
0 
0 
0 
0 
0 
0 
0 
0 
0 
0 
0 
0 
0 
0 
0 
0 
0 
0 
0 
0 
0 
0 
0 
0 
0 
0 
0 
0 
0 
0 
0 
0 
0 
0 
0 
0 
0 
0 
0 
0 
0 
0 
0 
0 
0 
0 
0 
0 
0 
0 
0 
0 
0 
0 
0 
0 
0 
0 
0 
0 
0 
0 
0 
0 
0 
0 
0 
0 
0 
0 
0 
0 
0 
0 
0 
0 
0 
0 
0 
0 
0 
0 
0 
0 
0 
0 
0 
0 
0 
0 
0 
0 
0 
0 
0 
0 
0 
0 
0 
0 
0 
0 
0 
0 
0 
0 
0 
0 
0 
0 
0 
0 
0 
0 
0 
0 
0 
0 
0 
0 
0 
0 
0 
0 
0 
0 
0 
0 
0 
0 
0 
0 
0 
0 
0 
0 
0 
0 
0 
0 
0 
0 
0 
0 
0 
0 
0 
0 
0 
0 
0 
0 
0 
0 
0 
0 
0 
0 
0 
0 
0 
0 
0 
0 
0 
0 
0 
0 
0 
0 
0 
0 
0 
0 
0 
0 
0 
0 
0 
0 
0 
0 
0 
0 
0 
0 
0 
0 
0 
0 
0 
0 
0 
0 
0 
0 
0 
0 
0 
0 
0 
0 
0 
0 
0 
0 
0 
0 
0 
0 
0 
0 
0 
0 
0 
0 
0 
0 
0 
0 
0 
0 
0 
0 
0 
0 
0 
0 
0 
0 
0 
0 
0 
0 
0 
0 
0 
0 
0 
0 
0 
0 
0 
0 
0 
0 
0 
0 
0 
0 
0 
0 
0 
0 
0 
0 
0 
0 
0 
0 
0 
0 
0 
0 
0 
0 
0 
0 
0 
0 
0 
0 
0 
0 
0 
0 
0 
0 
0 
0 
0 
0 
0 
0 
0 
0 
0 
0 
0 
0 
0 
0 
0 
0 
0 
0 
0 
0 
0 
0 
0 
0 
0 
0 
0 
0 
0 
0 
0 
0 
0 
0 
0 
0 
0 
0 
0 
0 
0 
0 
0 
0 
0 
0 
0 
0 
0 
0 
0 
0 
0 
0 
0 
0 
0 
0 
0 
0 
0 
0 
0 
0 
0 
0 
0 
0 
0 
0 
0 
0 
0 
0 
0 
0 
0 
0 
0 
0 
0 
0 
0 
0 
0 
0 
0 
0 
0 
0 
0 
0 
0 
0 
0 
0 
0 
0 
0 
0 
0 
0 
0 
0 
0 
0 
0 
0 
0 
0 
0 
0 
0 
0 
0 
0 
0 
0 
0 
0 
0 
0 
0 
0 
0 
0 
0 
0 
0 
0 
0 
0 
0 
0 
0 
0 
0 
0 
0 
0 
0 
0 
0 
0 
0 
0 
0 
0 
0 
0 
0 
0 
0 
0 
0 
0 
0 
0 
0 
0 
0 
0 
0 
0 
0 
0 
0 
0 
0 
0 
0 
0 
0 
0 
0 
0 
0 
0 
0 
0 
0 
0 
0 
0 
0 
0 
0 
0 
0 
0 
0 
0 
0 
0 
0 
0 
0 
0 
0 
0 
0 
0 
0 
0 
0 
0 
0 
0 
0 
0 
0 
0 
0 
0 
0 
0 
0 
0 
0 
0 
0 
0 
0 
0 
0 
0 
0 
0 
0 
0 
0 
0 
0 
0 
0 
0 
0 
0 
0 
0 
0 
0 
0 
0 
0 
0 
0 
0 
0 
0 
0 
0 
0 
0 
0 
0 
0 
0 
0 
0 
0 
0 
0 
0 
0 
0 
0 
0 
0 
0 
0 
0 
0 
0 
0 
0 
0 
0 
0 
0 
0 
0 
0 
0 
0 
0 
0 
0 
0 
0 
0 
0 
0 
0 
0 
0 
0 
0 
0 
0 
0 
0 
0 
0 
0 
0 
0 
0 
0 
0 
0 
0 
0 
0 
0 
0 
0 
0 
0 
0 
0 
0 
0 
0 
0 
0 
0 
0 
0 
0 
0 
0 
0 
0 
0 
0 
0 
0 
0 
0 
0 
0 
0 
0 
0 
0 
0 
0 
0 
0 
0 
0 
0 
0 
0 
0 
0 
0 
0 
0 
0 
0 
0 
0 
0 
0 
0 
0 
0 
0 
0 
0 
0 
0 
0 
0 
0 
0 
0 
0 
0 
0 
0 
0 
0 
0 
0 
0 
0 
0 
0 
0 
0 
0 
0 
0 
0 
0 
0 
0 
0 
0 
0 
0 
0 
0 
0 
0 
0 
0 
0 
0 
0 
0 
0 
0 
0 
0 
0 
0 
0 
0 
0 
0 
0 
0 
0 
0 
0 
0 
0 
0 
0 
0 
0 
0 
0 
0 
0 
0 
0 
0 
0 
0 
0 
0 
0 
0 
0 
0 
0 
0 
0 
0 
0 
0 
0 
0 
0 
0 
0 
0 
0 
0 
0 
0 
0 
0 
0 
0 
0 
0 
0 
0 
0 
0 
0 
0 
0 
0 
0 
0 
0 
0 
0 
0 
0 
0 
0 
0 
0 
0 
0 
0 
0 
0 
0 
0 
0 
0 
0 
0 
0 
0 
0 
0 
0 
0 
0 
0 
0 
0 
0 
0 
0 
0 
0 
0 
0 
0 
0 
0 
0 
0 
0 
0 
0 
0 
0 
0 
0 
0 
0 
0 
0 
0 
0 
0 
0 
0 
0 
0 
0 
0 
0 
0 
0 
0 
0 
0 
0 
0 
0 
0 
0 
0 
0 
0 
0 
0 
0 
0 
0 
0 
0 
0 
0 
0 
0 
0 
0 
0 
0 
0 
0 
0 
0 
0 
0 
0 
0 
0 
0 
0 
0 
0 
0 
0 
0 
0 
0 
0 
0 
0 
0 
0 
0 
0 
0 
0 
0 
0 
0 
0 
0 
0 
0 
0 
0 
0 
0 
0 
0 
0 
0 
0 
0 
0 
0 
0 
0 
0 
0 
0 
0 
0 
0 
0 
0 
0 
0 
0 
0 
0 
0 
0 
0 
0 
0 
0 
0 
0 
0 
0 
0 
0 
0 
0 
0 
0 
0 
0 
0 
0 
0 
0 
0 
0 
0 
0 
0 
0 
0 
0 
0 
0 
0 
0 
0 
0 
0 
0 
0 
0 
0 
0 
0 
0 
0 
0 
0 
0 
0 
0 
0 
0 
0 
0 
0 
0 
0 
0 
0 
0 
0 
0 
0 
0 
0 
0 
0 
0 
0 
0 
0 
0 
0 
0 
0 
0 
0 
0 
0 
0 
0 
0 
0 
0 
0 
0 
0 
0 
0 
0 
0 
0 
0 
0 
0 
0 
0 
0 
0 
0 
0 
0 
0 
0 
0 
0 
0 
0 
0 
0 
0 
0 
0 
0 
0 
0 
0 
0 
0 
0 
0 
0 
0 
0 
0 
0 
0 
0 
0 
0 
0 
0 
0 
0 
0 
0 
0 
0 
0 
0 
0 
0 
0 
0 
0 
0 
0 
0 
0 
0 
0 
0 
0 
0 
0 
0 
0 
0 
0 
0 
0 
0 
0 
0 
0 
0 
0 
0 
0 
0 
0 
0 
0 
0 
0 
0 
0 
0 
0 
0 
0 
0 
0 
0 
0 
0 
0 
0 
0 
0 
0 
0 
0 
0 
0 
0 
0 
0 
0 
0 
0 
0 
0 
0 
0 
0 
0 
0 
0 
0 
0 
0 
0 
0 
0 
0 
0 
0 
0 
0 
0 
0 
0 
0 
0 
0 
0 
0 
0 
0 
0 
0 
0 
0 
0 
0 
0 
0 
0 
0 
0 
0 
0 
0 
0 
0 
0 
0 
0 
0 
0 
0 
0 
0 
0 
0 
0 
0 
0 
0 
0 
0 
0 
0 
0 
0 
0 
0 
0 
0 
0 
0 
0 
0 
0 
0 
0 
0 
0 
0 
0 
0 
0 
0 
0 
0 
0 
0 
0 
0 
0 
0 
0 
0 
0 
0 
0 
0 
0 
0 
0 
0 
0 
0 
0 
0 
0 
0 
0 
0 
0 
0 
0 
0 
0 
0 
0 
0 
0 
0 
0 
0 
0 
0 
0 
0 
0 
0 
0 
0 
0 
0 
0 
0 
0 
0 
0 
0 
0 
0 
0 
0 
0 
0 
0 
0 
0 
0 
0 
0 
0 
0 
0 
0 
0 
0 
0 
0 
0 
0 
0 
0 
0 
0 
0 
0 
0 
0 
0 
0 
0 
0 
0 
0 
0 
0 
0 
0 
0 
0 
0 
0 
0 
0 
0 
0 
0 
0 
0 
0 
0 
0 
0 
0 
0 
0 
0 
0 
0 
0 
0 
0 
0 
0 
0 
0 
0 
0 
0 
0 
0 
0 
0 
0 
0 
0 
0 
0 
0 
0 
0 
0 
0 
0 
0 
0 
0 
0 
0 
0 
0 
0 
0 
0 
0 
0 
0 
0 
0 
0 
0 
0 
0 
0 
0 
0 
0 
0 
0 
0 
0 
0 
0 
0 
0 
0 
0 
0 
0 
0 
0 
0 
0 
0 
0 
0 
0 
0 
0 
0 
0 
0 
0 
0 
0 
0 
0 
0 
0 
0 
0 
0 
0 
0 
0 
0 
0 
0 
0 
0 
0 
0 
0 
0 
0 
0 
0 
0 
0 
0 
0 
0 
0 
0 
0 
0 
0 
0 
0 
0 
0 
0 
0 
0 
0 
0 
0 
0 
0 
0 
0 
0 
0 
0 
0 
0 
0 
0 
0 
0 
0 
0 
0 
0 
0 
0 
0 
0 
0 
0 
0 
0 
0 
0 
0 
0 
0 
0 
0 
0 
0 
0 
0 
0 
0 
0 
0 
0 
0 
0 
0 
0 
0 
0 
0 
0 
0 
0 
0 
0 
0 
0 
0 
0 
0 
0 
0 
0 
0 
0 
0 
0 
0 
0 
0 
0 
0 
0 
0 
0 
0 
0 
0 
0 
0 
0 
0 
0 
0 
0 
0 
0 
0 
0 
0 
0 
0 
0 
0 
0 
0 
0 
0 
0 
0 
0 
0 
0 
0 
0 
0 
0 
0 
0 
0 
0 
0 
0 
0 
0 
0 
0 
0 
0 
0 
0 
0 
0 
0 
0 
0 
0 
0 
0 
0 
0 
0 
0 
0 
0 
0 
0 
0 
0 
0 
0 
0 
0 
0 
0 
0 
0 
0 
0 
0 
0 
0 
0 
0 
0 
0 
0 
0 
0 
0 
0 
0 
0 
0 
0 
0 
0 
0 
0 
0 
0 
0 
0 
0 
0 
0 
0 
0 
0 
0 
0 
0 
0 
0 
0 
0 
0 
0 
0 
0 
0 
0 
0 
0 
0 
0 
0 
0 
0 
0 
0 
0 
0 
0 
0 
0 
0 
0 
0 
0 
0 
0 
0 
0 
0 
0 
0 
0 
0 
0 
0 
0 
0 
0 
0 
0 
0 
0 
0 
0 
0 
0 
0 
0 
0 
0 
0 
0 
0 
0 
0 
0 
0 
0 
0 
0 
0 
0 
0 
0 
0 
0 
0 
0 
0 
0 
0 
0 
0 
0 
0 
0 
0 
0 
0 
0 
0 
0 
0 
0 
0 
0 
0 
0 
0 
0 
0 
0 
0 
0 
0 
0 
0 
0 
0 
0 
0 
0 
0 
0 
0 
0 
0 
0 
0 
0 
0 
0 
0 
0 
0 
0 
0 
0 
0 
0 
0 
0 
0 
0 
0 
0 
0 
0 
0 
0 
0 
0 
0 
0 
0 
0 
0 
0 
0 
0 
0 
0 
0 
0 
0 
0 
0 
0 
0 
0 
0 
0 
0 
0 
0 
0 
0 
0 
0 
0 
0 
0 
0 
0 
0 
0 
0 
0 
0 
0 
0 
0 
0 
0 
0 
0 
0 
0 
0 
0 
0 
0 
0 
0 
0 
0 
0 
0 
0 
0 
0 
0 
0 
0 
0 
0 
0 
0 
0 
0 
0 
0 
0 
0 
0 
0 
0 
0 
0 
0 
0 
0 
0 
0 
0 
0 
0 
0 
0 
0 
0 
0 
0 
0 
0 
0 
0 
0 
0 
0 
0 
0 
0 
0 
0 
0 
0 
0 
0 
0 
0 
0 
0 
0 
0 
0 
0 
0 
0 
0 
0 
0 
0 
0 
0 
0 
0 
0 
0 
0 
0 
0 
0 
0 
0 
0 
0 
0 
0 
0 
0 
0 
0 
0 
0 
0 
0 
0 
0 
0 
0 
0 
0 
0 
0 
0 
0 
0 
0 
0 
0 
0 
0 
0 
0 
0 
0 
0 
0 
0 
0 
0 
0 
0 
0 
0 
0 
0 
0 
0 
0 
0 
0 
0 
0 
0 
0 
0 
0 
0 
0 
0 
0 
0 
0 
0 
0 
0 
0 
0 
0 
0 
0 
0 
0 
0 
0 
0 
0 
0 
0 
0 
0 
0 
0 
0 
0 
0 
0 
0 
0 
0 
0 
0 
0 
0 
0 
0 
0 
0 
0 
0 
0 
0 
0 
0 
0 
0 
0 
0 
0 
0 
0 
0 
0 
0 
0 
0 
0 
0 
0 
0 
0 
0 
0 
0 
0 
0 
0 
0 
0 
0 
0 
0 
0 
0 
0 
0 
0 
0 
0 
0 
0 
0 
0 
0 
0 
0 
0 
0 
0 
0 
0 
0 
0 
0 
0 
0 
0 
0 
0 
0 
0 
0 
0 
0 
0 
0 
0 
0 
0 
0 
0 
0 
0 
0 
0 
0 
0 
0 
0 
0 
0 
0 
0 
0 
0 
0 
0 
0 
0 
0 
0 
0 
0 
0 
0 
0 
0 
0 
0 
0 
0 
0 
0 
0 
0 
0 
0 
0 
0 
0 
0 
0 
0 
0 
0 
0 
0 
0 
0 
0 
0 
0 
0 
0 
0 
0 
0 
0 
0 
0 
0 
0 
0 
0 
0 
0 
0 
0 
0 
0 
0 
0 
0 
0 
0 
0 
0 
0 
0 
0 
0 
0 
0 
0 
0 
0 
0 
0 
0 
0 
0 
0 
0 
0 
0 
0 
0 
0 
0 
0 
0 
0 
0 
0 
0 
0 
0 
0 
0 
0 
0 
0 
0 
0 
0 
0 
0 
0 
0 
0 
0 
0 
0 
0 
0 
0 
0 
0 
0 
0 
0 
0 
0 
0 
0 
0 
0 
0 
0 
0 
0 
0 
0 
0 
0 
0 
0 
0 
0 
0 
0 
0 
0 
0 
0 
0 
0 
0 
0 
0 
0 
0 
0 
0 
0 
0 
0 
0 
0 
0 
0 
0 
0 
0 
0 
0 
0 
0 
0 
0 
0 
0 
0 
0 
0 
0 
0 
0 
0 
0 
0 
0 
0 
0 
0 
0 
0 
0 
0 
0 
0 
0 
0 
0 
0 
0 
0 
0 
0 
0 
0 
0 
0 
0 
0 
0 
0 
0 
0 
0 
0 
0 
0 
0 
0 
0 
0 
0 
0 
0 
0 
0 
0 
0 
0 
0 
0 
0 
0 
0 
0 
0 
0 
0 
0 
0 
0 
0 
0 
0 
0 
0 
0 
0 
0 
0 
0 
0 
0 
0 
0 
0 
0 
0 
0 
0 
0 
0 
0 
0 
0 
0 
0 
0 
0 
0 
0 
0 
0 
0 
0 
0 
0 
0 
0 
0 
0 
0 
0 
0 
0 
0 
0 
0 
0 
0 
0 
0 
0 
0 
0 
0 
0 
0 
0 
0 
0 
0 
0 
0 
0 
0 
0 
0 
0 
0 
0 
0 
0 
0 
0 
0 
0 
0 
0 
0 
0 
0 
0 
0 
0 
0 
0 
0 
0 
0 
0 
0 
0 
0 
0 
0 
0 
0 
0 
0 
0 
0 
0 
0 
0 
0 
0 
0 
0 
0 
0 
0 
0 
0 
0 
0 
0 
0 
0 
0 
0 
0 
0 
0 
0 
0 
0 
0 
0 
0 
0 
0 
0 
0 
0 
0 
0 
0 
0 
0 
0 
0 
0 
0 
0 
0 
0 
0 
0 
0 
0 
0 
0 
0 
0 
0 
0 
0 
0 
0 
0 
0 
0 
0 
0 
0 
0 
0 
0 
0 
0 
0 
0 
0 
0 
0 
0 
0 
0 
0 
0 
0 
0 
0 
0 
0 
0 
0 
0 
0 
0 
0 
0 
0 
0 
0 
0 
0 
0 
0 
0 
0 
0 
0 
0 
0 
0 
0 
0 
0 
0 
0 
0 
0 
0 
0 
0 
0 
0 
0 
0 
0 
0 
0 
0 
0 
0 
0 
0 
0 
0 
0 
0 
0 
0 
0 
0 
0 
0 
0 
0 
0 
0 
0 
0 
0 
0 
0 
0 
0 
0 
0 
0 
0 
0 
0 
0 
0 
0 
0 
0 
0 
0 
0 
0 
0 
0 
0 
0 
0 
0 
0 
0 
0 
0 
0 
0 
0 
0 
0 
0 
0 
0 
0 
0 
0 
0 
0 
0 
0 
0 
0 
0 
0 
0 
0 
0 
0 
0 
0 
0 
0 
0 
0 
0 
0 
0 
0 
0 
0 
0 
0 
0 
0 
0 
0 
0 
0 
0 
0 
0 
0 
0 
0 
0 
0 
0 
0 
0 
0 
0 
0 
0 
0 
0 
0 
0 
0 
0 
0 
0 
0 
0 
0 
0 
0 
0 
0 
0 
0 
0 
0 
0 
0 
0 
0 
0 
0 
0 
0 
0 
0 
0 
0 
0 
0 
0 
0 
0 
0 
0 
0 
0 
0 
0 
0 
0 
0 
0 
0 
0 
0 
0 
0 
0 
0 
0 
0 
0 
0 
0 
0 
0 
0 
0 
0 
0 
0 
0 
0 
0 
0 
0 
0 
0 
0 
0 
0 
0 
0 
0 
0 
0 
0 
0 
0 
0 
0 
0 
0 
0 
0 
0 
0 
0 
0 
0 
0 
0 
0 
0 
0 
0 
0 
0 
0 
0 
0 
0 
0 
0 
0 
0 
0 
0 
0 
0 
0 
0 
0 
0 
0 
0 
0 
0 
0 
0 
0 
0 
0 
0 
0 
0 
0 
0 
0 
0 
0 
0 
0 
0 
0 
0 
0 
0 
0 
0 
0 
0 
0 
0 
0 
0 
0 
0 
0 
0 
0 
0 
0 
0 
0 
0 
0 
0 
0 
0 
0 
0 
0 
0 
0 
0 
0 
0 
0 
0 
0 
0 
0 
0 
0 
0 
0 
0 
0 
0 
0 
0 
0 
0 
0 
0 
0 
0 
0 
0 
0 
0 
0 
0 
0 
0 
0 
0 
0 
0 
0 
0 
0 
0 
0 
0 
0 
0 
0 
0 
0 
0 
0 
0 
0 
0 
0 
0 
0 
0 
0 
0 
0 
0 
0 
0 
0 
0 
0 
0 
0 
0 
0 
0 
0 
0 
0 
0 
0 
0 
0 
0 
0 
0 
0 
0 
0 
0 
0 
0 
0 
0 
0 
0 
0 
0 
0 
0 
0 
0 
0 
0 
0 
0 
0 
0 
0 
0 
0 
0 
0 
0 
0 
0 
0 
0 
0 
0 
0 
0 
0 
0 
0 
0 
0 
0 
0 
0 
0 
0 
0 
0 
0 
0 
0 
0 
0 
0 
0 
0 
0 
0 
0 
0 
0 
0 
0 
0 
0 
0 
0 
0 
0 
0 
0 
0 
0 
0 
0 
0 
0 
0 
0 
0 
0 
0 
0 
0 
0 
0 
0 
0 
0 
0 
0 
0 
0 
0 
0 
0 
0 
0 
0 
0 
0 
0 
0 
0 
0 
0 
0 
0 
0 
0 
0 
0 
0 
0 
0 
0 
0 
0 
0 
0 
0 
0 
0 
0 
0 
0 
0 
0 
0 
0 
0 
0 
0 
0 
0 
0 
0 
0 
0 
0 
0 
0 
0 
0 
0 
0 
0 
0 
0 
0 
0 
0 
0 
0 
0 
0 
0 
0 
0 
0 
0 
0 
0 
0 
0 
0 
0 
0 
0 
0 
0 
0 
0 
0 
0 
0 
0 
0 
0 
0 
0 
0 
0 
0 
0 
0 
0 
0 
0 
0 
0 
0 
0 
0 
0 
0 
0 
0 
0 
0 
0 
0 
0 
0 
0 
0 
0 
0 
0 
0 
0 
0 
0 
0 
0 
0 
0 
0 
0 
0 
0 
0 
0 
0 
0 
0 
0 
0 
0 
0 
0 
0 
0 
0 
0 
0 
0 
0 
0 
0 
0 
0 
0 
0 
0 
0 
0 
0 
0 
0 
0 
0 
0 
0 
0 
0 
0 
0 
0 
0 
0 
0 
0 
0 
0 
0 
0 
0 
0 
0 
0 
0 
0 
0 
0 
0 
0 
0 
0 
0 
0 
0 
0 
0 
0 
0 
0 
0 
0 
0 
0 
0 
0 
0 
0 
0 
0 
0 
0 
0 
0 
0 
0 
0 
0 
0 
0 
0 
0 
0 
0 
0 
0 
0 
0 
0 
0 
0 
0 
0 
0 
0 
0 
0 
0 
0 
0 
0 
0 
0 
0 
0 
0 
0 
0 
0 
0 
0 
0 
0 
0 
0 
0 
0 
0 
0 
0 
0 
0 
0 
0 
0 
0 
0 
0 
0 
0 
0 
0 
0 
0 
0 
0 
0 
0 
0 
0 
0 
0 
0 
0 
0 
0 
0 
0 
0 
0 
0 
0 
0 
0 
0 
0 
0 
0 
0 
0 
0 
0 
0 
0 
0 
0 
0 
0 
0 
0 
0 
0 
0 
0 
0 
0 
0 
0 
0 
0 
0 
0 
0 
0 
0 
0 
0 
0 
0 
0 
0 
0 
0 
0 
0 
0 
0 
0 
0 
0 
0 
0 
0 
0 
0 
0 
0 
0 
0 
0 
0 
0 
0 
0 
0 
0 
0 
0 
0 
0 
0 
0 
0 
0 
0 
0 
0 
0 
0 
0 
0 
0 
0 
0 
0 
0 
0 
0 
0 
0 
0 
0 
0 
0 
0 
0 
0 
0 
0 
0 
0 
0 
0 
0 
0 
0 
0 
0 
0 
0 
0 
0 
0 
0 
0 
0 
0 
0 
0 
0 
0 
0 
0 
0 
0 
0 
0 
0 
0 
0 
0 
0 
0 
0 
0 
0 
0 
0 
0 
0 
0 
0 
0 
0 
0 
0 
0 
0 
0 
0 
0 
0 
0 
0 
0 
0 
0 
0 
0 
0 
0 
0 
0 
0 
0 
0 
0 
0 
0 
0 
0 
0 
0 
0 
0 
0 
0 
0 
0 
0 
0 
0 
0 
0 
0 
0 
0 
0 
0 
0 
0 
0 
0 
0 
0 
0 
0 
0 
0 
0 
0 
0 
0 
0 
0 
0 
0 
0 
0 
0 
0 
0 
0 
0 
0 
0 
0 
0 
0 
0 
0 
0 
0 
0 
0 
0 
0 
0 
0 
0 
0 
0 
0 
0 
0 
0 
0 
0 
0 
0 
0 
0 
0 
0 
0 
0 
0 
0 
0 
0 
0 
0 
0 
0 
0 
0 
0 
0 
0 
0 
0 
0 
0 
0 
0 
0 
0 
0 
0 
0 
0 
0 
0 
0 
0 
0 
0 
0 
0 
0 
0 
0 
0 
0 
0 
0 
0 
0 
0 
0 
0 
0 
0 
0 
0 
0 
0 
0 
0 
0 
0 
0 
0 
0 
0 
0 
0 
0 
0 
0 
0 
0 
0 
0 
0 
0 
0 
0 
0 
0 
0 
0 
0 
0 
0 
0 
0 
0 
0 
0 
0 
0 
0 
0 
0 
0 
0 
0 
0 
0 
0 
0 
0 
0 
0 
0 
0 
0 
0 
0 
0 
0 
0 
0 
0 
0 
0 
0 
0 
0 
0 
0 
0 
0 
0 
0 
0 
0 
0 
0 
0 
0 
0 
0 
0 
0 
0 
0 
0 
0 
0 
!IDEND=

