!FILE=Disk 
!KIND=Matrix 
!LABORATORY=Oslo Cyclotron Laboratory (OCL) 
!EXPERIMENT=siri2root 
!COMMENT=none
!TIME=2021-01-12 12:51:02
!CALIBRATION EkeV=6, 0.000000E+00, 1.000000E+00, 0.000000E+00
!PRECISION=16
!DIMENSION=1,0:20999
!CHANNEL=(0:20999)
1131.25 
1002.96 
889.369 
801.085 
742.209 
709.79 
697.994 
703.938 
721.365 
738.075 
747.572 
751.013 
751.339 
749.993 
747.81 
746.686 
747.662 
751.214 
758.127 
768.391 
780.848 
793.704 
805.163 
813.986 
819.753 
822.926 
824.719 
826.695 
830.16 
835.697 
843.014 
851.034 
858.269 
863.389 
865.665 
864.921 
861.751 
857.728 
854.509 
853.026 
853.518 
856.062 
860.753 
867.34 
875.298 
883.993 
892.607 
900.129 
905.5 
907.975 
907.325 
903.655 
897.457 
889.7 
881.554 
874.083 
868.146 
864.46 
863.547 
865.582 
870.495 
877.969 
887.331 
897.633 
907.856 
917.189 
925.236 
932.081 
938.179 
944.037 
949.898 
955.637 
960.762 
964.555 
966.447 
966.259 
964.376 
962.316 
961.987 
964.187 
968.902 
975.863 
984.34 
993.271 
1001.69 
1009.07 
1015.49 
1021.46 
1027.68 
1034.6 
1042.27 
1050.3 
1057.99 
1064.66 
1069.98 
1074.05 
1077.45 
1081.11 
1086.05 
1093.1 
1102.65 
1114.69 
1128.7 
1143.82 
1158.93 
1173 
1185.3 
1195.59 
1204.23 
1212.06 
1220.18 
1229.6 
1240.91 
1254.12 
1268.64 
1283.44 
1297.31 
1309.28 
1318.79 
1325.7 
1330.17 
1332.63 
1333.59 
1333.71 
1333.57 
1333.42 
1333.49 
1334.54 
1337.53 
1343.2 
1351.88 
1363.5 
1377.47 
1392.58 
1407.18 
1419.36 
1427 
1429.73 
1429.56 
1427.62 
1424.9 
1423.79 
1425.48 
1429.71 
1435.59 
1441.61 
1446.43 
1449.41 
1450.77 
1451.34 
1451.97 
1453.1 
1454.79 
1456.77 
1458.63 
1460.08 
1461.17 
1462.22 
1463.48 
1464.81 
1465.72 
1465.83 
1464.47 
1460.7 
1454.78 
1448.71 
1444.91 
1444.6 
1449.02 
1459.64 
1475.33 
1493.29 
1510.87 
1525.55 
1535.47 
1539.81 
1538.44 
1532.67 
1525.49 
1519.3 
1514.99 
1512.64 
1511.68 
1511.05 
1509.79 
1507.43 
1504.16 
1500.74 
1498.12 
1497.01 
1497.62 
1499.64 
1501.82 
1502.5 
1500.99 
1497.29 
1491.54 
1484.17 
1475.71 
1466.58 
1457.03 
1447.19 
1437.19 
1427.23 
1417.52 
1408.18 
1399.15 
1390.17 
1380.79 
1370.59 
1359.5 
1347.92 
1336.7 
1326.86 
1319.2 
1314 
1310.8 
1308.54 
1305.87 
1301.66 
1295.55 
1288.16 
1280.95 
1275.79 
1273.49 
1273.34 
1275.05 
1277.83 
1279.1 
1277.33 
1272.27 
1263.72 
1252.2 
1239.21 
1226.7 
1216.38 
1209.34 
1205.72 
1204.91 
1206.48 
1210.27 
1215.89 
1222.84 
1230.57 
1238.47 
1245.92 
1252.35 
1257.34 
1260.67 
1262.24 
1262.03 
1260.21 
1257.15 
1253.27 
1248.88 
1244.17 
1239.17 
1233.7 
1227.38 
1219.81 
1210.83 
1200.72 
1190.15 
1180.16 
1171.85 
1165.97 
1162.68 
1161.42 
1161.07 
1160.34 
1158.22 
1154.29 
1148.87 
1142.86 
1137.43 
1133.6 
1131.93 
1132.59 
1135.13 
1137.86 
1138.62 
1136.5 
1131.4 
1123.33 
1112.76 
1100.75 
1088.73 
1078.1 
1069.92 
1064.75 
1062.77 
1063.98 
1067.87 
1073.08 
1078.16 
1081.86 
1083.27 
1082.06 
1078.18 
1071.8 
1063.87 
1055.79 
1048.7 
1043.21 
1039.41 
1037 
1035.36 
1033.92 
1032.39 
1031.1 
1030.72 
1031.61 
1033.81 
1037.23 
1041.55 
1046.16 
1050.35 
1053.6 
1055.67 
1056.65 
1056.79 
1056.25 
1055.07 
1053.3 
1051 
1048.17 
1044.88 
1041.27 
1038.18 
1037.09 
1038.76 
1043.29 
1050.52 
1059.44 
1066.63 
1067.43 
1059.76 
1043.44 
1018.72 
987.08 
951.484 
915.609 
882.869 
855.606 
834.688 
819.441 
808.023 
798.314 
788.77 
778.684 
767.964 
756.929 
746.165 
736.228 
727.447 
719.941 
713.736 
708.813 
705.107 
702.475 
700.637 
699.177 
697.635 
695.646 
693.036 
689.858 
686.295 
682.492 
678.487 
674.19 
669.441 
664.176 
658.524 
652.804 
647.272 
643.162 
641.944 
642.845 
644.274 
645.167 
643.765 
638.996 
632.273 
625.037 
617.934 
611.76 
606.974 
603.596 
601.202 
599.056 
596.449 
592.975 
588.554 
583.375 
577.813 
572.24 
566.884 
561.812 
557.016 
552.499 
548.321 
544.702 
542.063 
540.759 
541.361 
543.146 
543.698 
542.119 
538.756 
533.874 
528.014 
521.662 
515.231 
509.094 
503.53 
498.712 
494.712 
491.536 
489.143 
487.457 
486.381 
485.797 
485.59 
485.808 
486.284 
486.457 
486.059 
485.083 
483.438 
481.096 
478.161 
474.882 
471.652 
468.971 
467.273 
466.584 
466.563 
467.103 
467.961 
468.412 
468.016 
466.396 
462.874 
457.261 
450.231 
443.086 
437.371 
434.122 
433.533 
435.53 
439.695 
444.673 
448.621 
450.228 
449.089 
445.438 
440.156 
434.633 
430.108 
427.198 
425.973 
426.415 
427.695 
428.273 
427.776 
426.41 
424.096 
421.052 
417.725 
414.502 
411.612 
409.149 
407.172 
405.76 
404.93 
404.617 
404.959 
405.725 
405.993 
405.282 
403.572 
400.808 
397.134 
392.992 
389.031 
385.857 
383.793 
382.906 
383.179 
384.25 
385.264 
385.538 
384.896 
383.343 
380.916 
377.753 
374.138 
370.494 
367.323 
365.059 
363.853 
363.476 
363.316 
362.436 
359.779 
354.503 
346.27 
335.353 
322.564 
309.009 
295.725 
283.334 
271.964 
261.518 
251.882 
243.033 
235.226 
228.991 
224.737 
222.478 
221.756 
221.749 
221.606 
220.701 
218.772 
215.991 
212.836 
209.827 
207.324 
205.473 
204.219 
203.401 
202.92 
202.706 
202.651 
202.773 
203.035 
203.138 
202.891 
202.221 
200.968 
199.019 
196.407 
193.332 
190.154 
187.322 
185.249 
184.153 
184.032 
184.839 
186.487 
188.739 
191.286 
193.838 
196.131 
197.935 
199.034 
199.265 
198.573 
196.981 
194.585 
191.58 
188.243 
184.898 
181.871 
179.446 
177.825 
177.106 
177.312 
178.322 
179.795 
181.304 
182.474 
183.055 
182.976 
182.374 
181.661 
181.247 
181.288 
181.88 
183.076 
184.572 
185.828 
186.528 
186.692 
186.403 
185.796 
185.162 
184.744 
184.575 
184.463 
184.052 
182.983 
181.07 
178.368 
175.17 
171.936 
169.104 
166.926 
165.441 
164.494 
163.793 
163.036 
162.048 
160.826 
159.541 
158.505 
158.003 
158.145 
159.013 
160.699 
163.033 
165.586 
167.845 
169.354 
169.845 
169.245 
167.65 
165.372 
162.862 
160.594 
159.076 
158.498 
158.569 
159.05 
159.684 
160.031 
159.89 
159.195 
157.922 
156.393 
155.199 
154.843 
155.506 
157.115 
159.385 
161.802 
163.778 
164.938 
165.231 
164.704 
163.497 
161.989 
160.627 
159.72 
159.404 
159.699 
160.475 
161.462 
162.436 
163.268 
163.892 
164.29 
164.468 
164.433 
164.142 
163.459 
162.248 
160.478 
158.257 
155.821 
153.494 
151.596 
150.352 
149.853 
150.11 
150.919 
151.807 
152.363 
152.413 
151.913 
150.925 
149.65 
148.388 
147.44 
147.01 
147.16 
147.932 
149.368 
151.379 
153.753 
156.229 
158.544 
160.505 
162.025 
163.106 
163.821 
164.239 
164.37 
164.204 
163.689 
162.639 
160.834 
158.196 
154.852 
151.107 
147.354 
143.93 
141.005 
138.544 
136.356 
134.233 
132.082 
129.98 
128.159 
126.947 
126.6 
127.199 
128.667 
130.737 
133.001 
135.033 
136.48 
137.182 
137.181 
136.532 
135.319 
133.772 
132.181 
130.791 
129.757 
129.136 
128.914 
129.067 
129.469 
129.856 
130.055 
130.037 
129.829 
129.517 
129.238 
129.097 
129.127 
129.305 
129.525 
129.641 
129.582 
129.249 
128.494 
127.332 
125.968 
124.679 
123.736 
123.315 
123.469 
124.148 
125.182 
126.283 
127.137 
127.526 
127.382 
126.728 
125.673 
124.439 
123.274 
122.36 
121.782 
121.544 
121.691 
122.057 
122.2 
121.939 
121.301 
120.25 
118.808 
117.099 
115.34 
113.781 
112.619 
111.958 
111.724 
111.711 
111.808 
111.968 
112.111 
112.188 
112.234 
112.326 
112.449 
112.486 
112.372 
112.061 
111.46 
110.533 
109.368 
108.154 
107.113 
106.422 
106.168 
106.369 
106.934 
107.645 
108.29 
108.753 
109.007 
109.075 
108.976 
108.718 
108.308 
107.719 
106.896 
105.778 
104.347 
102.639 
100.746 
98.7962 
96.9359 
95.3147 
94.0759 
93.3399 
93.1766 
93.6044 
94.5955 
96.058 
97.8558 
99.8518 
101.926 
103.966 
105.847 
107.406 
108.436 
108.757 
108.308 
107.153 
105.903 
105.599 
106.776 
109.574 
114.082 
120.01 
126.531 
132.506 
136.957 
139.515 
140.325 
139.587 
137.872 
136.28 
135.477 
135.541 
136.357 
137.548 
138.563 
138.972 
138.637 
137.575 
135.914 
133.929 
131.908 
130.053 
128.508 
127.385 
126.744 
126.581 
126.885 
127.622 
128.667 
129.847 
131.019 
132.118 
133.142 
134.146 
135.213 
136.382 
137.608 
138.76 
139.653 
140.161 
140.281 
140.036 
139.493 
138.844 
138.303 
137.985 
137.879 
137.892 
137.917 
137.798 
137.298 
136.234 
134.574 
132.441 
130.106 
127.964 
126.499 
126.11 
126.937 
128.91 
131.737 
134.863 
137.595 
139.338 
139.794 
138.903 
136.811 
133.997 
131.113 
128.679 
126.942 
125.922 
125.529 
125.694 
126.243 
126.876 
127.449 
128.01 
128.639 
129.362 
130.103 
130.663 
130.809 
130.441 
129.59 
128.396 
127.116 
126.112 
125.732 
126.124 
127.254 
128.929 
130.771 
132.295 
133.173 
133.355 
132.88 
131.868 
130.627 
129.476 
128.587 
127.997 
127.639 
127.377 
127.08 
126.683 
126.206 
125.717 
125.241 
124.731 
124.108 
123.31 
122.337 
121.292 
120.484 
120.291 
120.88 
122.199 
124.022 
125.919 
127.382 
128.118 
128.161 
127.591 
126.559 
125.462 
124.722 
124.547 
124.983 
125.946 
127.165 
128.179 
128.544 
128.086 
126.823 
124.854 
122.401 
119.791 
117.385 
115.501 
114.336 
113.836 
113.748 
113.922 
114.286 
114.701 
115.081 
115.458 
115.924 
116.538 
117.297 
118.12 
118.814 
119.19 
119.178 
118.773 
118.049 
117.237 
116.625 
116.391 
116.586 
117.1 
117.63 
117.901 
117.828 
117.407 
116.723 
116.036 
115.624 
115.605 
115.992 
116.716 
117.557 
118.215 
118.527 
118.522 
118.26 
117.82 
117.334 
116.869 
116.418 
115.968 
115.52 
115.14 
114.928 
114.939 
115.225 
115.833 
116.669 
117.526 
118.227 
118.683 
118.904 
118.984 
119.058 
119.236 
119.569 
120.031 
120.462 
120.625 
120.406 
119.79 
118.776 
117.435 
115.91 
114.356 
112.881 
111.529 
110.278 
109.072 
107.893 
106.784 
105.828 
105.119 
104.735 
104.719 
105.083 
105.814 
106.866 
108.143 
109.493 
110.712 
111.582 
111.95 
111.767 
111.101 
110.175 
109.309 
108.778 
108.718 
109.156 
110.01 
111.025 
111.83 
112.13 
111.823 
110.961 
109.723 
108.375 
107.183 
106.344 
105.966 
106.076 
106.662 
107.676 
109.055 
110.725 
112.591 
114.516 
116.322 
117.818 
118.837 
119.279 
119.114 
118.371 
117.145 
115.583 
113.855 
112.146 
110.654 
109.576 
109.005 
108.903 
109.232 
109.919 
110.741 
111.416 
111.762 
111.725 
111.384 
110.988 
110.808 
110.949 
111.45 
112.315 
113.36 
114.262 
114.769 
114.799 
114.347 
113.474 
112.361 
111.195 
110.312 
110.047 
110.246 
110.571 
110.774 
110.492 
109.498 
108.039 
106.337 
104.42 
102.345 
100.188 
98.0783 
96.2252 
94.9456 
94.5483 
95.1505 
96.7106 
99.0453 
101.788 
104.478 
106.718 
108.289 
109.198 
109.66 
110.028 
110.624 
111.569 
112.723 
113.719 
114.182 
113.955 
112.936 
111.08 
108.72 
106.459 
104.821 
104.085 
104.32 
105.394 
106.956 
108.638 
110.226 
111.638 
112.86 
113.87 
114.549 
114.718 
114.287 
113.277 
111.812 
110.14 
108.596 
107.484 
106.976 
107.116 
107.743 
108.376 
108.543 
108.092 
107.072 
105.672 
104.215 
103.008 
102.211 
101.821 
101.705 
101.647 
101.447 
101 
100.317 
99.5168 
98.8541 
98.6265 
98.9659 
99.8554 
101.187 
102.724 
104.139 
105.121 
105.58 
105.649 
105.424 
104.995 
104.582 
104.378 
104.442 
104.729 
105.107 
105.426 
105.62 
105.733 
105.896 
106.25 
106.841 
107.424 
107.563 
107.031 
105.779 
103.802 
101.268 
98.5575 
96.1635 
94.5347 
93.9374 
94.4439 
95.9688 
98.2418 
100.883 
103.524 
105.859 
107.668 
108.814 
109.231 
108.904 
107.857 
106.179 
104.019 
101.569 
99.0386 
96.617 
94.4527 
92.657 
91.4381 
91.0901 
91.7649 
93.508 
96.3295 
100.085 
104.415 
108.764 
112.483 
115.012 
116.041 
115.492 
113.604 
111.02 
108.437 
106.332 
104.94 
104.295 
104.358 
104.93 
105.646 
106.31 
106.919 
107.485 
107.914 
108.003 
107.636 
106.802 
105.52 
103.934 
102.347 
101.129 
100.545 
100.677 
101.431 
102.512 
103.522 
104.165 
104.338 
104.03 
103.305 
102.354 
101.434 
100.759 
100.452 
100.548 
101.03 
101.838 
102.858 
103.951 
104.953 
105.692 
106.031 
105.921 
105.326 
104.225 
102.717 
101.028 
99.4358 
98.2228 
97.5898 
97.6021 
98.2964 
99.6989 
101.692 
104.025 
106.406 
108.554 
110.247 
111.359 
111.85 
111.716 
111.08 
110.215 
109.336 
108.503 
107.676 
106.731 
105.54 
104.047 
102.302 
100.471 
98.8187 
97.6544 
97.1991 
97.5213 
98.584 
100.231 
102.173 
104.091 
105.734 
106.96 
107.73 
108.062 
107.976 
107.592 
107.161 
106.872 
106.789 
106.929 
107.277 
107.771 
108.305 
108.746 
108.982 
108.973 
108.69 
108.105 
107.29 
106.404 
105.612 
105.029 
104.688 
104.53 
104.418 
104.194 
103.742 
103.033 
102.133 
101.185 
100.359 
99.7927 
99.5566 
99.6658 
100.066 
100.631 
101.244 
101.839 
102.385 
102.886 
103.378 
103.909 
104.504 
105.142 
105.71 
106.045 
106.062 
105.669 
104.754 
103.406 
101.876 
100.433 
99.3405 
98.778 
98.8009 
99.3565 
100.266 
101.255 
102.043 
102.438 
102.379 
101.845 
100.84 
99.5003 
98.0764 
96.8468 
96.0545 
95.8396 
96.2389 
97.203 
98.5673 
100.085 
101.513 
102.68 
103.515 
104.021 
104.258 
104.309 
104.21 
103.956 
103.543 
102.967 
102.232 
101.369 
100.45 
99.5715 
98.8201 
98.2417 
97.8315 
97.537 
97.274 
96.9605 
96.5456 
96.0175 
95.4021 
94.7514 
94.1172 
93.5272 
92.9861 
92.4857 
92.0537 
91.7836 
91.7523 
92.0503 
92.7916 
93.9837 
95.5479 
97.3382 
99.1348 
100.713 
101.909 
102.662 
102.993 
102.929 
102.611 
102.323 
102.231 
102.352 
102.656 
102.976 
103.073 
102.836 
102.251 
101.323 
100.122 
98.8036 
97.5787 
96.6646 
96.2097 
96.2594 
96.8025 
97.7641 
98.9628 
100.147 
101.055 
101.502 
101.426 
100.782 
99.5175 
97.7184 
95.6188 
93.5275 
91.7919 
90.731 
90.5375 
91.2636 
92.8233 
94.919 
97.0734 
98.7664 
99.6628 
99.7174 
98.9653 
97.5468 
95.8991 
94.5932 
94.0212 
94.301 
95.3144 
96.6791 
97.8662 
98.4932 
98.4419 
97.7942 
96.841 
96.0327 
95.7241 
96.0287 
96.8643 
97.9491 
98.8671 
99.302 
99.1543 
98.4736 
97.4706 
96.5225 
95.9459 
95.8392 
96.2006 
96.9216 
97.5847 
97.6792 
96.9985 
95.5938 
93.6949 
91.7341 
90.2197 
89.513 
89.725 
90.7904 
92.4671 
94.3686 
96.1288 
97.5071 
98.4071 
98.8693 
99.0274 
99.0374 
99.0127 
99.0242 
99.1498 
99.432 
99.8244 
100.195 
100.396 
100.356 
99.9417 
98.9539 
97.4188 
95.6095 
93.8582 
92.4493 
91.5469 
91.2028 
91.4148 
92.0525 
92.6589 
92.8253 
92.623 
92.3119 
92.1192 
92.4971 
93.8666 
96.107 
98.9676 
102.164 
105.166 
107.404 
108.548 
108.604 
107.645 
105.815 
103.486 
101.082 
98.8968 
97.0681 
95.6284 
94.5719 
93.8841 
93.5242 
93.4347 
93.5895 
93.978 
94.5699 
95.3234 
96.1874 
97.0881 
97.9171 
98.5354 
98.824 
98.736 
98.2427 
97.3319 
96.1085 
94.7751 
93.5397 
92.5555 
91.8952 
91.5778 
91.6026 
91.9159 
92.4084 
93.0104 
93.7065 
94.477 
95.2676 
95.9805 
96.4939 
96.7153 
96.6152 
96.2002 
95.5241 
94.7226 
93.9779 
93.4527 
93.2425 
93.3732 
93.8136 
94.4652 
95.1915 
95.865 
96.3933 
96.7353 
96.8892 
96.794 
96.5413 
96.4743 
96.7395 
97.2974 
98.1311 
99.1618 
100.223 
101.095 
101.588 
101.606 
101.133 
100.223 
99.0624 
97.9226 
97.0704 
96.6789 
96.7991 
97.3872 
98.2898 
99.2645 
100.06 
100.512 
100.575 
100.255 
99.6026 
98.7653 
97.9413 
97.3063 
96.9506 
96.8706 
97.0463 
97.4404 
97.9541 
98.4634 
98.8427 
98.9869 
98.8548 
98.4259 
97.6815 
96.6628 
95.4831 
94.3021 
93.2792 
92.5826 
92.2966 
92.3216 
92.5577 
92.8807 
93.0869 
93.089 
92.8628 
92.3987 
91.9086 
91.7325 
92.0239 
92.7863 
93.9828 
95.4684 
96.9663 
98.151 
98.8301 
99.0048 
98.7146 
98.0433 
97.2205 
96.5281 
96.1505 
96.1372 
96.4818 
97.1321 
97.9419 
98.7181 
99.283 
99.5192 
99.3896 
98.8841 
98.0178 
96.8944 
95.6883 
94.5815 
93.7168 
93.1652 
92.9367 
93.0208 
93.3265 
93.6727 
93.9554 
94.1952 
94.4809 
94.9414 
95.6805 
96.7101 
97.9249 
99.1185 
100.044 
100.532 
100.551 
100.115 
99.2793 
98.1914 
97.0263 
95.9011 
94.8541 
93.871 
92.9223 
91.9927 
91.1075 
90.3384 
89.7765 
89.4873 
89.4917 
89.8031 
90.4374 
91.3716 
92.5419 
93.8537 
95.1786 
96.3716 
97.3047 
97.8986 
98.1241 
97.9791 
97.5355 
96.9537 
96.3584 
95.7972 
95.2853 
94.8061 
94.3237 
93.8311 
93.37 
93.0203 
92.8569 
92.9092 
93.2034 
93.7728 
94.5817 
95.5254 
96.4775 
97.3069 
97.8683 
98.0345 
97.7582 
97.0557 
96.0019 
94.7588 
93.5577 
92.6479 
92.2045 
92.2816 
92.844 
93.7519 
94.7683 
95.6681 
96.327 
96.7312 
96.9638 
97.1694 
97.4698 
97.8909 
98.2751 
98.3525 
97.9822 
97.1736 
96.0325 
94.8108 
93.9285 
93.7885 
94.5409 
96.1247 
98.2904 
100.576 
102.44 
103.502 
103.648 
102.885 
101.322 
99.2715 
97.1323 
95.2336 
93.7867 
92.885 
92.4802 
92.4421 
92.7092 
93.2745 
94.0972 
95.0827 
96.0684 
96.8322 
97.1851 
97.055 
96.4008 
95.2052 
93.6202 
91.9341 
90.4479 
89.4083 
88.9096 
88.9036 
89.3443 
90.1805 
91.2932 
92.5571 
93.868 
95.1007 
96.0855 
96.6566 
96.7266 
96.2778 
95.3767 
94.2444 
93.2102 
92.5758 
92.5083 
93.048 
94.1175 
95.4606 
96.7005 
97.4644 
97.5006 
96.7316 
95.2169 
93.1559 
90.854 
88.6313 
86.7668 
85.4686 
84.8531 
84.9527 
85.7569 
87.2049 
89.1478 
91.3543 
93.5408 
95.4131 
96.7249 
97.3362 
97.2096 
96.4435 
95.321 
94.1977 
93.4046 
93.1788 
93.5969 
94.6122 
96.0657 
97.7117 
99.3013 
100.648 
101.664 
102.373 
102.875 
103.275 
103.56 
103.606 
103.342 
102.727 
101.689 
100.199 
98.3255 
96.2192 
94.0686 
92.0506 
90.3022 
88.919 
87.9693 
87.4964 
87.514 
88.0061 
88.9036 
90.0592 
91.2623 
92.2948 
92.9984 
93.3027 
93.1971 
92.7957 
92.3848 
92.2095 
92.3402 
92.833 
93.7943 
95.2528 
97.1407 
99.3397 
101.669 
103.876 
105.651 
106.691 
106.799 
105.917 
104.112 
101.607 
98.7467 
95.8857 
93.3192 
91.2392 
89.7231 
88.7345 
88.1522 
87.8347 
87.6697 
87.5916 
87.5776 
87.6267 
87.741 
87.9142 
88.1149 
88.2822 
88.3608 
88.292 
88.1231 
88.0577 
88.2079 
88.6084 
89.3379 
90.4107 
91.7118 
93.0278 
94.1427 
94.9358 
95.4177 
95.7188 
96.0364 
96.5408 
97.3016 
98.2647 
99.1312 
99.4521 
99.0083 
97.7855 
95.8255 
93.3505 
90.8131 
88.7573 
87.5676 
87.3584 
88.1271 
89.7866 
92.0702 
94.6279 
97.1468 
99.3573 
101.013 
101.944 
102.102 
101.486 
100.173 
98.4783 
96.903 
95.9085 
95.7336 
96.4287 
97.8532 
99.5629 
100.977 
101.777 
101.985 
101.69 
101.031 
100.299 
99.7577 
99.5085 
99.4789 
99.488 
99.3434 
98.873 
98.0023 
96.8091 
95.4771 
94.2091 
93.149 
92.357 
91.8137 
91.4576 
91.2481 
91.1572 
91.1442 
91.191 
91.2696 
91.3171 
91.2972 
91.1691 
90.8744 
90.4336 
89.9468 
89.5196 
89.2267 
89.1024 
89.1509 
89.3778 
89.8102 
90.4772 
91.3864 
92.5001 
93.7069 
94.8228 
95.6367 
96.0615 
96.1749 
95.993 
95.6344 
95.469 
95.712 
96.3958 
97.5111 
98.8771 
100.05 
100.522 
100.071 
98.6806 
96.4616 
93.8034 
91.2896 
89.3999 
88.303 
87.9555 
88.3137 
89.2791 
90.6244 
92.1386 
93.7001 
95.25 
96.7604 
98.187 
99.4502 
100.451 
101.112 
101.4 
101.313 
100.939 
100.484 
100.114 
99.8867 
99.7851 
99.7248 
99.5917 
99.2901 
98.7795 
98.0852 
97.2968 
96.5565 
96.0393 
95.8256 
95.8434 
96.029 
96.2965 
96.4796 
96.488 
96.2526 
95.7087 
94.9895 
94.3844 
94.135 
94.3381 
95.0224 
96.1417 
97.4239 
98.4022 
98.6753 
98.103 
96.7589 
94.9191 
93.0545 
91.672 
91.1097 
91.467 
92.6172 
94.1656 
95.5843 
96.466 
96.6356 
96.0651 
94.8426 
93.2437 
91.6321 
90.3022 
89.4283 
89.0814 
89.2675 
89.918 
90.9139 
92.1825 
93.6819 
95.3206 
96.9317 
98.2984 
99.2319 
99.6369 
99.4928 
98.959 
98.4732 
98.4319 
98.9535 
99.9774 
101.283 
102.514 
103.349 
103.623 
103.303 
102.455 
101.292 
100.096 
99.0889 
98.3744 
97.9287 
97.6342 
97.3567 
97.0089 
96.5595 
96.008 
95.3668 
94.6554 
93.8981 
93.1352 
92.4413 
91.9273 
91.695 
91.7861 
92.2158 
92.9642 
93.9025 
94.8281 
95.5647 
96.0223 
96.2186 
96.2772 
96.4052 
96.8293 
97.7123 
99.0891 
100.845 
102.735 
104.446 
105.689 
106.29 
106.199 
105.469 
104.275 
102.861 
101.446 
100.176 
99.1135 
98.2707 
97.6255 
97.1351 
96.7595 
96.4785 
96.3021 
96.258 
96.3611 
96.6088 
96.9859 
97.4617 
97.9939 
98.5318 
99.0156 
99.3992 
99.6328 
99.698 
99.6711 
99.6333 
99.6161 
99.6356 
99.7056 
99.811 
99.9162 
100.004 
100.076 
100.15 
100.254 
100.408 
100.622 
100.89 
101.197 
101.52 
101.838 
102.122 
102.314 
102.333 
102.139 
101.726 
101.098 
100.299 
99.4191 
98.5734 
97.8627 
97.3435 
97.0291 
96.9091 
96.9715 
97.1876 
97.5125 
97.929 
98.4449 
99.0682 
99.7843 
100.407 
100.616 
100.248 
99.2472 
97.5252 
95.0747 
92.0508 
88.7624 
85.5918 
82.9026 
80.9899 
80.0338 
80.0876 
81.1929 
83.4048 
86.6416 
90.6312 
94.9554 
99.1035 
102.568 
104.951 
106.149 
106.315 
105.559 
103.992 
101.93 
99.7825 
97.9056 
96.5592 
95.8442 
95.7226 
96.1558 
97.086 
98.3401 
99.6761 
100.858 
101.695 
102.076 
101.97 
101.431 
100.625 
99.7818 
99.1059 
98.7061 
98.5674 
98.5776 
98.6159 
98.5153 
98.0251 
96.9886 
95.4303 
93.5434 
91.6877 
90.2793 
89.6038 
89.7466 
90.6414 
92.0636 
93.6899 
95.2544 
96.6233 
97.7714 
98.7515 
99.6628 
100.587 
101.544 
102.481 
103.289 
103.842 
104.047 
103.873 
103.302 
102.326 
101.007 
99.5058 
98.0537 
96.9311 
96.3584 
96.4144 
97.1041 
98.3444 
99.8553 
101.113 
101.564 
100.971 
99.3603 
96.8913 
93.9345 
91.0393 
88.801 
87.5788 
87.3911 
88.1771 
89.7889 
91.8186 
93.7683 
95.2757 
96.1983 
96.6357 
96.8827 
97.3022 
98.1721 
99.5791 
101.383 
103.247 
104.733 
105.508 
105.463 
104.579 
102.922 
100.788 
98.6069 
96.7285 
95.3293 
94.3839 
93.7087 
93.0766 
92.3279 
91.418 
90.4228 
89.5127 
88.9125 
88.8089 
89.2655 
90.2691 
91.7693 
93.6649 
95.813 
98.0443 
100.179 
102.03 
103.409 
104.192 
104.448 
104.443 
104.399 
104.377 
104.378 
104.402 
104.434 
104.27 
103.55 
102.076 
99.9138 
97.33 
94.781 
92.8074 
91.8033 
91.892 
93.0306 
95.0138 
97.4439 
99.8884 
102.027 
103.701 
104.873 
105.538 
105.774 
105.749 
105.558 
105.268 
104.974 
104.703 
104.394 
103.967 
103.384 
102.663 
101.873 
101.136 
100.616 
100.396 
100.409 
100.593 
100.877 
101.117 
101.211 
101.135 
100.917 
100.631 
100.351 
100.089 
99.7922 
99.3503 
98.6632 
97.7134 
96.5974 
95.5112 
94.6949 
94.324 
94.4532 
95.0395 
95.9137 
96.7768 
97.3236 
97.3787 
96.8989 
95.964 
94.8291 
93.8433 
93.2433 
93.0781 
93.3291 
93.9184 
94.6356 
95.2304 
95.5658 
95.6395 
95.4792 
95.1334 
94.7104 
94.3254 
94.071 
94.0155 
94.1844 
94.5758 
95.1745 
95.9329 
96.7522 
97.4863 
97.9521 
97.9893 
97.5386 
96.6121 
95.2627 
93.6015 
91.801 
90.0974 
88.7869 
88.1217 
88.2053 
89.2045 
91.3679 
94.6293 
98.562 
102.573 
106.02 
108.36 
109.283 
108.708 
106.796 
104.017 
100.967 
98.1621 
95.9784 
94.6498 
94.1391 
94.1747 
94.5957 
95.2893 
96.0483 
96.7405 
97.3408 
97.8732 
98.3982 
98.9754 
99.6173 
100.269 
100.802 
101.079 
101.034 
100.517 
99.2788 
97.2858 
94.7896 
92.2261 
90.1635 
89.0733 
89.1348 
90.4298 
92.9412 
96.2114 
99.4399 
101.827 
102.846 
102.341 
100.461 
97.7285 
94.9886 
93.1364 
92.7807 
94.1047 
96.9351 
100.684 
104.438 
107.227 
108.539 
108.507 
107.323 
105.28 
103.099 
101.504 
100.724 
100.559 
100.828 
101.376 
101.855 
101.956 
101.596 
100.805 
99.6845 
98.3998 
97.125 
96.0145 
95.2003 
94.7613 
94.7083 
95.0344 
95.7044 
96.595 
97.5214 
98.3017 
98.8028 
99.019 
99.0544 
98.977 
98.8223 
98.6558 
98.5218 
98.4102 
98.273 
98.0571 
97.7397 
97.4211 
97.2998 
97.4806 
98.0137 
98.9846 
100.404 
102.137 
103.929 
105.478 
106.521 
106.901 
106.572 
105.558 
103.958 
101.943 
99.7199 
97.4926 
95.4492 
93.752 
92.5369 
91.8635 
91.6991 
92.0136 
92.7549 
93.7462 
94.7195 
95.4033 
95.6153 
95.3011 
94.517 
93.4517 
92.3867 
91.5891 
91.2235 
91.3359 
91.8701 
92.6516 
93.4506 
94.0833 
94.4614 
94.6074 
94.6446 
94.7638 
95.1718 
96.0295 
97.3971 
99.2118 
101.292 
103.364 
105.13 
106.346 
106.884 
106.712 
105.885 
104.552 
102.885 
101.007 
99.0062 
96.9712 
95.0438 
93.4398 
92.4302 
92.2335 
92.9237 
94.4502 
96.6149 
99.0521 
101.3 
102.914 
103.688 
103.697 
103.025 
101.79 
100.275 
98.7746 
97.4594 
96.3934 
95.5918 
95.0632 
94.8189 
94.8639 
95.1908 
95.77 
96.5407 
97.4166 
98.3005 
99.1011 
99.7422 
100.169 
100.352 
100.282 
99.9937 
99.67 
99.5702 
99.8119 
100.395 
101.276 
102.302 
103.188 
103.662 
103.622 
103.039 
101.972 
100.715 
99.7188 
99.3346 
99.6841 
100.763 
102.458 
104.431 
106.204 
107.354 
107.643 
107.012 
105.548 
103.542 
101.419 
99.587 
98.3381 
97.8077 
98.0195 
98.7978 
99.7275 
100.43 
100.724 
100.558 
100.04 
99.4746 
99.164 
99.2144 
99.739 
100.906 
102.637 
104.591 
106.352 
107.527 
107.854 
107.254 
105.786 
103.663 
101.226 
98.8487 
96.8583 
95.4647 
94.7261 
94.6022 
95.0636 
96.081 
97.5667 
99.3872 
101.368 
103.278 
104.836 
105.795 
106.041 
105.556 
104.431 
102.962 
101.563 
100.59 
100.233 
100.539 
101.341 
102.185 
102.663 
102.647 
102.055 
100.827 
99.1837 
97.5725 
96.4247 
95.9078 
95.8981 
96.2843 
96.9543 
97.697 
98.3704 
98.9529 
99.5028 
100.115 
100.822 
101.546 
102.127 
102.415 
102.352 
101.933 
101.222 
100.425 
99.824 
99.6185 
99.8705 
100.519 
101.367 
102.135 
102.602 
102.677 
102.346 
101.659 
100.775 
99.9187 
99.3013 
99.0593 
99.2344 
99.8343 
100.835 
102.111 
103.428 
104.491 
105.047 
104.997 
104.28 
102.863 
100.969 
99.046 
97.5823 
96.8596 
96.8599 
97.5141 
98.6881 
100.038 
101.205 
102.003 
102.377 
102.327 
101.989 
101.649 
101.491 
101.545 
101.784 
102.144 
102.576 
103.074 
103.639 
104.23 
104.713 
104.93 
104.801 
104.206 
102.992 
101.272 
99.4859 
98.2093 
97.8736 
98.6136 
100.285 
102.403 
104.245 
105.249 
105.23 
104.182 
102.283 
100.111 
98.4458 
97.8522 
98.5071 
100.274 
102.707 
105.166 
107.068 
108.102 
108.254 
107.582 
106.182 
104.258 
102.019 
99.6255 
97.2281 
95.0069 
93.1711 
91.9177 
91.3688 
91.5584 
92.4095 
93.7013 
95.1633 
96.5715 
97.7724 
98.7004 
99.376 
99.8782 
100.279 
100.603 
100.836 
100.954 
100.891 
100.703 
100.641 
100.824 
101.256 
101.974 
102.952 
104.041 
104.962 
105.457 
105.433 
104.871 
103.829 
102.572 
101.471 
100.795 
100.629 
100.976 
101.768 
102.801 
103.792 
104.507 
104.855 
104.876 
104.608 
104.101 
103.495 
103.017 
102.891 
103.206 
103.961 
105.123 
106.571 
108.052 
109.199 
109.696 
109.424 
108.288 
106.182 
103.311 
100.216 
97.5281 
95.7534 
95.1433 
95.7544 
97.422 
99.6628 
101.861 
103.497 
104.349 
104.501 
104.045 
103.095 
101.922 
100.782 
99.782 
98.9296 
98.2121 
97.6249 
97.2023 
97.0125 
97.0961 
97.4997 
98.2773 
99.3489 
100.481 
101.402 
101.918 
101.971 
101.563 
100.74 
99.6548 
98.5127 
97.4974 
96.7358 
96.2879 
96.1091 
96.0824 
96.1449 
96.2731 
96.4259 
96.5883 
96.7972 
97.1267 
97.6526 
98.4143 
99.4 
100.542 
101.722 
102.801 
103.675 
104.303 
104.728 
105.051 
105.38 
105.77 
106.199 
106.564 
106.74 
106.67 
106.304 
105.588 
104.621 
103.63 
102.819 
102.297 
102.099 
102.227 
102.612 
103.105 
103.59 
104.035 
104.457 
104.911 
105.455 
106.105 
106.816 
107.49 
107.999 
108.238 
108.169 
107.781 
107.095 
106.222 
105.345 
104.642 
104.236 
104.16 
104.413 
104.963 
105.731 
106.624 
107.567 
108.491 
109.308 
109.844 
109.898 
109.374 
108.299 
106.798 
105.117 
103.571 
102.436 
101.851 
101.713 
101.748 
101.797 
101.766 
101.442 
100.672 
99.5346 
98.2856 
97.2113 
96.5355 
96.3883 
96.8067 
97.7958 
99.3599 
101.479 
104.082 
107.01 
109.987 
112.653 
114.639 
115.742 
115.975 
115.389 
114.08 
112.31 
110.395 
108.567 
106.94 
105.541 
104.364 
103.403 
102.662 
102.176 
102.006 
102.182 
102.711 
103.591 
104.771 
106.11 
107.427 
108.559 
109.407 
109.946 
110.221 
110.306 
110.236 
110.047 
109.793 
109.462 
109.005 
108.394 
107.63 
106.737 
105.76 
104.766 
103.903 
103.39 
103.354 
103.917 
105.213 
107.166 
109.547 
111.993 
113.976 
115.048 
115.044 
113.917 
111.736 
108.948 
106.237 
104.203 
103.191 
103.293 
104.385 
106.093 
107.935 
109.494 
110.47 
110.844 
110.848 
110.635 
110.275 
109.856 
109.374 
108.679 
107.571 
105.945 
103.871 
101.626 
99.7221 
98.6624 
98.6503 
99.7796 
102.035 
104.943 
107.77 
109.948 
111.228 
111.634 
111.239 
110.325 
109.482 
109.132 
109.369 
110.203 
111.523 
112.958 
113.954 
114.06 
113.123 
111.222 
108.646 
105.875 
103.425 
101.702 
100.906 
101.085 
102.12 
103.697 
105.481 
107.25 
108.876 
110.281 
111.39 
112.109 
112.362 
112.121 
111.427 
110.413 
109.283 
108.245 
107.442 
106.918 
106.599 
106.334 
105.986 
105.533 
105.096 
104.85 
104.885 
105.244 
105.899 
106.585 
106.976 
106.943 
106.418 
105.38 
104.103 
103.048 
102.547 
102.705 
103.463 
104.603 
105.792 
106.757 
107.372 
107.605 
107.456 
106.993 
106.354 
105.625 
104.824 
103.958 
103.035 
102.081 
101.166 
100.478 
100.271 
100.663 
101.657 
103.22 
105.22 
107.374 
109.299 
110.642 
111.28 
111.335 
110.901 
110.077 
109.108 
108.262 
107.716 
107.499 
107.509 
107.677 
107.963 
108.286 
108.577 
108.785 
108.851 
108.744 
108.467 
108.046 
107.549 
107.08 
106.741 
106.587 
106.632 
106.84 
107.129 
107.451 
107.833 
108.357 
109.115 
110.156 
111.447 
112.864 
114.177 
115.117 
115.497 
115.26 
114.478 
113.371 
112.223 
111.262 
110.609 
110.311 
110.369 
110.712 
111.19 
111.699 
112.214 
112.736 
113.272 
113.8 
114.239 
114.485 
114.488 
114.138 
113.258 
111.834 
110.053 
108.248 
106.872 
106.322 
106.764 
108.236 
110.61 
113.312 
115.48 
116.456 
116.032 
114.242 
111.384 
108.173 
105.404 
103.576 
102.873 
103.316 
104.559 
105.82 
106.546 
106.65 
106.157 
105.193 
104.096 
103.254 
102.901 
103.099 
103.783 
104.748 
105.71 
106.418 
106.756 
106.759 
106.469 
105.945 
105.416 
105.194 
105.422 
106.137 
107.351 
108.944 
110.63 
112.038 
112.9 
113.16 
112.835 
112.031 
111.086 
110.425 
110.322 
110.851 
111.916 
113.194 
114.244 
114.742 
114.589 
113.836 
112.678 
111.44 
110.418 
109.76 
109.491 
109.592 
109.871 
110.034 
110.036 
109.845 
109.317 
108.516 
107.67 
107.008 
106.701 
106.807 
107.399 
108.586 
110.336 
112.45 
114.655 
116.644 
118.134 
118.957 
119.098 
118.575 
117.455 
115.931 
114.265 
112.691 
111.366 
110.371 
109.725 
109.42 
109.444 
109.748 
110.213 
110.716 
111.104 
111.209 
110.957 
110.351 
109.428 
108.286 
107.095 
106.064 
105.365 
105.034 
104.971 
105.105 
105.394 
105.75 
106.103 
106.439 
106.794 
107.239 
107.842 
108.637 
109.618 
110.732 
111.877 
112.909 
113.653 
113.961 
113.77 
113.053 
111.826 
110.282 
108.768 
107.7 
107.4 
107.978 
109.365 
111.305 
113.347 
114.977 
115.844 
115.872 
115.082 
113.601 
111.858 
110.458 
109.87 
110.257 
111.683 
114.122 
117.173 
120.142 
122.335 
123.295 
122.887 
121.241 
118.805 
116.266 
114.32 
113.426 
113.725 
115.15 
117.435 
120.093 
122.575 
124.404 
125.278 
125.106 
123.864 
121.572 
118.461 
114.943 
111.49 
108.539 
106.4 
105.175 
104.796 
105.194 
106.247 
107.693 
109.289 
110.856 
112.243 
113.36 
114.184 
114.758 
115.176 
115.534 
115.818 
115.899 
115.707 
115.179 
114.185 
112.681 
110.808 
108.882 
107.335 
106.521 
106.573 
107.548 
109.427 
111.878 
114.319 
116.163 
117.016 
116.758 
115.464 
113.436 
111.239 
109.529 
108.765 
109.091 
110.446 
112.542 
114.795 
116.524 
117.257 
116.85 
115.376 
113.146 
110.733 
108.765 
107.624 
107.355 
107.908 
109.154 
110.783 
112.447 
113.914 
115.086 
115.997 
116.76 
117.469 
118.159 
118.829 
119.47 
120.067 
120.617 
121.125 
121.525 
121.671 
121.484 
120.897 
119.778 
118.071 
115.9 
113.549 
111.392 
109.791 
108.938 
108.813 
109.371 
110.519 
111.988 
113.418 
114.49 
115.009 
114.92 
114.305 
113.423 
112.631 
112.192 
112.187 
112.615 
113.38 
114.096 
114.285 
113.754 
112.551 
110.896 
109.207 
107.993 
107.643 
108.281 
109.816 
111.925 
114.091 
115.78 
116.63 
116.536 
115.575 
114.045 
112.442 
111.314 
111.056 
111.795 
113.442 
115.709 
118.163 
120.388 
122.081 
123.106 
123.537 
123.592 
123.393 
122.964 
122.304 
121.337 
119.928 
117.993 
115.565 
112.839 
110.202 
108.127 
106.96 
106.82 
107.714 
109.563 
112.123 
115.044 
117.985 
120.642 
122.744 
124.072 
124.507 
124.018 
122.669 
120.682 
118.429 
116.354 
114.87 
114.158 
114.137 
114.724 
115.807 
117.103 
118.302 
119.207 
119.746 
119.96 
119.989 
119.973 
120.005 
120.187 
120.609 
121.302 
122.247 
123.351 
124.269 
124.483 
123.745 
122.04 
119.418 
116.138 
112.772 
110.082 
108.68 
108.786 
110.429 
113.414 
117.012 
120.2 
122.23 
122.857 
122.074 
120.061 
117.365 
114.682 
112.533 
111.157 
110.562 
110.689 
111.349 
112.229 
113.251 
114.568 
116.239 
118.149 
120.048 
121.592 
122.519 
122.756 
122.315 
121.291 
119.968 
118.662 
117.547 
116.645 
115.863 
115.043 
114.082 
112.98 
111.874 
111.021 
110.651 
110.842 
111.551 
112.597 
113.637 
114.335 
114.514 
114.135 
113.278 
112.204 
111.278 
110.782 
110.807 
111.418 
112.687 
114.507 
116.623 
118.744 
120.571 
121.828 
122.333 
122.03 
120.98 
119.402 
117.66 
116.176 
115.317 
115.284 
116.13 
117.783 
120.01 
122.464 
124.798 
126.73 
128.079 
128.81 
128.999 
128.698 
127.953 
126.906 
125.733 
124.574 
123.491 
122.456 
121.354 
120.036 
118.398 
116.436 
114.268 
112.152 
110.411 
109.311 
108.981 
109.448 
110.654 
112.406 
114.413 
116.369 
118.007 
119.135 
119.655 
119.543 
118.87 
117.844 
116.73 
115.774 
115.188 
115.102 
115.554 
116.516 
117.894 
119.551 
121.338 
123.101 
124.688 
125.96 
126.817 
127.216 
127.15 
126.707 
126.103 
125.536 
125.127 
124.93 
124.956 
125.153 
125.411 
125.612 
125.656 
125.501 
125.125 
124.474 
123.508 
122.23 
120.701 
119.053 
117.461 
116.09 
115.055 
114.403 
114.105 
114.079 
114.281 
114.697 
115.302 
116.082 
117.035 
118.153 
119.412 
120.764 
122.148 
123.493 
124.717 
125.725 
126.418 
126.722 
126.615 
126.132 
125.393 
124.569 
123.83 
123.303 
123.05 
123.078 
123.311 
123.6 
123.858 
124.086 
124.334 
124.668 
125.108 
125.593 
125.974 
126.076 
125.826 
125.248 
124.439 
123.584 
122.9 
122.508 
122.401 
122.546 
122.877 
123.191 
123.278 
123.062 
122.569 
121.895 
121.206 
120.678 
120.426 
120.484 
120.819 
121.329 
121.879 
122.356 
122.701 
122.903 
122.997 
123.058 
123.18 
123.45 
123.919 
124.586 
125.389 
126.188 
126.753 
126.85 
126.385 
125.381 
123.953 
122.325 
120.793 
119.662 
119.142 
119.297 
120.145 
121.669 
123.713 
126.005 
128.23 
130.071 
131.216 
131.429 
130.627 
128.841 
126.193 
122.927 
119.391 
115.991 
113.136 
111.174 
110.311 
110.604 
111.975 
114.168 
116.833 
119.645 
122.37 
124.899 
127.214 
129.315 
131.121 
132.338 
132.596 
131.743 
129.83 
127.123 
124.219 
121.964 
120.889 
120.927 
121.924 
123.571 
124.995 
125.343 
124.332 
122.143 
119.364 
116.836 
115.2 
114.69 
115.328 
116.973 
119.183 
121.353 
123.046 
124.018 
124.283 
124.184 
124.018 
123.913 
123.925 
123.998 
124.041 
123.913 
123.451 
122.692 
121.922 
121.448 
121.411 
121.936 
123.15 
124.908 
126.892 
128.772 
130.199 
130.948 
130.982 
130.324 
129.061 
127.46 
125.875 
124.583 
123.722 
123.333 
123.413 
123.846 
124.395 
124.918 
125.435 
126.038 
126.827 
127.841 
129.032 
130.277 
131.412 
132.3 
132.879 
133.189 
133.362 
133.579 
133.979 
134.428 
134.555 
134.157 
133.145 
131.376 
128.83 
125.738 
122.542 
119.776 
117.909 
117.209 
117.751 
119.438 
121.971 
124.913 
127.804 
130.22 
131.825 
132.433 
131.994 
130.618 
128.631 
126.456 
124.469 
122.945 
121.992 
121.599 
121.728 
122.201 
122.672 
122.947 
123.054 
123.123 
123.333 
123.827 
124.637 
125.653 
126.637 
127.308 
127.476 
127.084 
126.216 
125.142 
124.287 
124.023 
124.48 
125.605 
127.202 
128.941 
130.473 
131.544 
132.042 
131.949 
131.455 
130.991 
130.872 
131.166 
131.784 
132.436 
132.801 
132.751 
132.174 
130.94 
129.228 
127.507 
126.262 
125.805 
126.226 
127.365 
128.737 
129.707 
129.805 
128.878 
127.04 
124.71 
122.552 
121.207 
121.042 
122.146 
124.372 
127.244 
130.116 
132.465 
134.011 
134.663 
134.415 
133.451 
132.173 
130.892 
129.742 
128.808 
128.166 
127.876 
127.962 
128.448 
129.364 
130.668 
132.224 
133.844 
135.33 
136.541 
137.41 
137.933 
138.13 
138.017 
137.651 
137.148 
136.597 
136.054 
135.642 
135.516 
135.749 
136.337 
137.236 
138.324 
139.386 
140.176 
140.531 
140.404 
139.874 
139.162 
138.505 
138.029 
137.717 
137.415 
136.869 
135.834 
134.178 
131.926 
129.258 
126.511 
124.096 
122.402 
121.68 
122.002 
123.348 
125.595 
128.474 
131.616 
134.619 
137.103 
138.772 
139.469 
139.155 
137.972 
136.323 
134.681 
133.398 
132.642 
132.367 
132.358 
132.337 
132.072 
131.472 
130.638 
129.868 
129.508 
129.727 
130.658 
132.372 
134.485 
136.25 
137.088 
136.813 
135.459 
133.286 
130.896 
128.998 
127.985 
127.857 
128.53 
129.86 
131.533 
133.252 
134.879 
136.475 
138.216 
140.162 
142.182 
143.992 
145.203 
145.484 
144.716 
142.959 
140.438 
137.552 
134.769 
132.51 
131.062 
130.421 
130.338 
130.66 
131.305 
132.096 
132.859 
133.506 
134.02 
134.442 
134.843 
135.286 
135.79 
136.321 
136.755 
136.917 
136.723 
136.168 
135.271 
134.146 
133.045 
132.273 
132.037 
132.398 
133.291 
134.515 
135.805 
137 
137.849 
138.093 
137.913 
137.631 
137.456 
137.74 
138.684 
139.963 
141.192 
142.03 
142.115 
141.315 
139.702 
137.554 
135.375 
133.726 
132.99 
133.284 
134.46 
136.056 
137.448 
138.186 
138.133 
137.291 
135.787 
134.019 
132.501 
131.578 
131.359 
131.845 
132.965 
134.497 
136.152 
137.69 
138.95 
139.837 
140.321 
140.479 
140.479 
140.454 
140.438 
140.46 
140.562 
140.729 
140.886 
140.968 
140.955 
140.846 
140.647 
140.394 
140.13 
139.879 
139.635 
139.379 
139.099 
138.797 
138.497 
138.281 
138.263 
138.492 
138.965 
139.653 
140.476 
141.305 
141.998 
142.458 
142.668 
142.702 
142.682 
142.688 
142.779 
142.982 
143.253 
143.488 
143.608 
143.607 
143.507 
143.339 
143.112 
142.757 
142.129 
141.075 
139.513 
137.47 
135.13 
132.881 
131.22 
130.41 
130.352 
130.931 
131.966 
132.976 
133.503 
133.403 
132.777 
132.018 
131.62 
131.806 
132.799 
134.883 
137.811 
140.819 
143.058 
144.089 
144.053 
143.139 
141.604 
140.011 
138.847 
138.312 
138.427 
139.047 
139.936 
140.947 
142.025 
143.077 
143.907 
144.309 
144.182 
143.352 
141.571 
138.928 
135.884 
133.056 
131.151 
130.763 
132.108 
135.118 
139.502 
144.704 
149.979 
154.534 
157.693 
159.059 
158.522 
156.273 
152.889 
149.151 
145.794 
143.385 
142.218 
142.366 
143.642 
145.508 
147.288 
148.413 
148.55 
147.612 
145.734 
143.365 
141.152 
139.657 
139.156 
139.709 
141.19 
143.204 
145.23 
146.863 
147.946 
148.589 
149.098 
149.777 
150.744 
151.873 
152.824 
153.244 
152.981 
151.964 
150.229 
148.195 
146.529 
145.629 
145.476 
145.971 
146.929 
147.866 
148.33 
148.175 
147.417 
146.198 
144.88 
143.902 
143.581 
144.017 
145.164 
146.853 
148.819 
150.762 
152.404 
153.543 
154.126 
154.218 
153.869 
153.125 
152.114 
150.984 
149.855 
148.815 
147.933 
147.264 
146.832 
146.61 
146.545 
146.609 
146.777 
147.016 
147.345 
147.835 
148.557 
149.55 
150.79 
152.171 
153.487 
154.481 
154.97 
154.896 
154.322 
153.444 
152.538 
151.841 
151.488 
151.511 
151.852 
152.332 
152.726 
152.867 
152.699 
152.251 
151.641 
151.14 
151.08 
151.613 
152.715 
154.235 
155.849 
157.048 
157.355 
156.594 
154.835 
152.382 
149.825 
147.879 
147.065 
147.545 
149.236 
151.753 
154.33 
156.127 
156.631 
155.71 
153.581 
150.911 
148.519 
146.941 
146.382 
146.862 
148.057 
149.255 
149.965 
150.128 
149.774 
149.036 
148.297 
147.922 
148.025 
148.658 
149.878 
151.575 
153.55 
155.642 
157.696 
159.513 
160.833 
161.422 
161.182 
160.076 
158.152 
155.727 
153.337 
151.54 
150.715 
150.977 
152.28 
154.405 
156.922 
159.326 
161.178 
162.208 
162.336 
161.556 
159.923 
157.618 
154.927 
152.194 
149.795 
148.094 
147.342 
147.616 
148.902 
151.055 
153.671 
156.168 
157.985 
158.778 
158.452 
157.198 
155.571 
154.25 
153.694 
154.046 
155.283 
157.22 
159.438 
161.443 
162.876 
163.573 
163.499 
162.73 
161.46 
159.877 
158.076 
156.093 
153.974 
151.831 
149.877 
148.393 
147.612 
147.619 
148.457 
150.142 
152.501 
155.219 
157.982 
160.538 
162.725 
164.47 
165.77 
166.688 
167.347 
167.913 
168.578 
169.501 
170.721 
172.105 
173.226 
173.517 
172.718 
170.836 
167.98 
164.473 
160.871 
157.808 
155.78 
155.026 
155.593 
157.197 
159.161 
160.878 
162.054 
162.616 
162.73 
162.689 
162.704 
162.923 
163.404 
164.042 
164.614 
164.923 
164.905 
164.602 
164.164 
163.792 
163.621 
163.689 
163.937 
164.197 
164.308 
164.221 
163.934 
163.509 
163.133 
163.004 
163.188 
163.632 
164.116 
164.365 
164.247 
163.575 
162.081 
159.872 
157.443 
155.372 
154.062 
153.643 
154.109 
155.338 
156.988 
158.619 
159.795 
160.309 
160.279 
159.828 
159.111 
158.474 
158.196 
158.341 
158.935 
159.998 
161.428 
163.003 
164.454 
165.515 
166.006 
165.875 
165.152 
163.984 
162.659 
161.529 
160.867 
160.784 
161.298 
162.342 
163.72 
165.167 
166.476 
167.55 
168.42 
169.179 
169.872 
170.417 
170.637 
170.429 
169.692 
168.301 
166.298 
163.95 
161.618 
159.62 
158.141 
157.267 
157.051 
157.507 
158.683 
160.696 
163.579 
167.177 
171.113 
174.782 
177.437 
178.512 
177.825 
175.408 
171.568 
167.135 
163.216 
160.672 
159.851 
160.8 
163.319 
166.783 
170.36 
173.403 
175.405 
176.18 
176.083 
175.452 
174.649 
174.217 
174.365 
175.152 
176.679 
178.805 
181.215 
183.577 
185.561 
186.869 
187.295 
186.771 
185.331 
183.084 
180.224 
177.002 
173.726 
170.755 
168.462 
167.105 
166.746 
167.378 
168.898 
170.944 
172.983 
174.515 
175.231 
175.044 
174.054 
172.586 
171.107 
170.034 
169.521 
169.465 
169.776 
170.354 
170.974 
171.429 
171.664 
171.781 
172.012 
172.64 
173.886 
175.815 
178.307 
181.072 
183.731 
185.958 
187.46 
188.093 
188.037 
187.484 
186.624 
185.73 
184.902 
184.041 
182.984 
181.653 
180.094 
178.486 
177.154 
176.398 
176.328 
176.95 
178.146 
179.537 
180.618 
181.132 
181.152 
180.782 
180.159 
179.604 
179.406 
179.651 
180.277 
181.087 
181.771 
182.029 
181.74 
180.902 
179.538 
177.799 
176.04 
174.729 
174.211 
174.591 
175.8 
177.552 
179.343 
180.692 
181.373 
181.523 
181.497 
181.666 
182.364 
183.664 
185.223 
186.375 
186.52 
185.446 
183.31 
180.664 
178.369 
177.11 
177.11 
178.402 
180.86 
183.897 
186.675 
188.499 
189.246 
189.325 
189.017 
188.503 
188.108 
188.028 
188.289 
188.804 
189.333 
189.64 
189.698 
189.65 
189.584 
189.589 
189.962 
191.076 
193.067 
195.815 
199.046 
202.387 
205.411 
207.679 
208.866 
208.854 
207.462 
204.427 
199.828 
194.186 
188.348 
183.433 
180.501 
180.137 
182.476 
187.193 
193.23 
199.095 
203.489 
205.685 
205.496 
203.263 
199.95 
196.689 
194.302 
193.205 
193.48 
194.807 
196.454 
197.757 
198.436 
198.499 
197.999 
197.05 
195.95 
195.06 
194.571 
194.452 
194.649 
195.07 
195.496 
195.732 
195.638 
195.329 
195.221 
195.499 
196.141 
197.125 
198.273 
199.246 
199.749 
199.683 
199.065 
198.039 
196.95 
196.226 
196.17 
196.878 
198.286 
200.182 
202.239 
204.116 
205.515 
206.252 
206.272 
205.574 
204.216 
202.416 
200.553 
199.11 
198.486 
198.832 
200.314 
203.179 
207.271 
211.891 
216.06 
218.77 
219.342 
217.571 
213.652 
208.262 
202.479 
197.434 
194.008 
192.362 
192.004 
192.593 
193.915 
195.513 
196.945 
198.005 
198.724 
199.293 
199.907 
200.664 
201.557 
202.5 
203.389 
204.129 
204.629 
204.828 
204.706 
204.278 
203.625 
202.92 
202.388 
202.193 
202.384 
202.917 
203.638 
204.325 
204.783 
204.969 
204.989 
204.922 
204.807 
204.682 
204.493 
204.093 
203.617 
203.5 
203.981 
205.208 
207.478 
210.899 
215.156 
219.56 
223.274 
225.658 
226.45 
225.624 
223.405 
220.374 
217.223 
214.518 
212.637 
211.666 
211.447 
211.861 
212.862 
214.362 
216.233 
218.299 
220.319 
222.01 
223.128 
223.648 
223.755 
223.571 
223.203 
222.867 
222.707 
222.697 
222.736 
222.668 
222.262 
221.369 
220.017 
218.379 
216.72 
215.274 
214.147 
213.296 
212.575 
211.832 
211.012 
210.184 
209.526 
209.218 
209.33 
209.921 
211.048 
212.612 
214.384 
216.144 
217.736 
219.094 
220.238 
221.255 
222.257 
223.332 
224.525 
225.819 
227.127 
228.268 
229.01 
229.179 
228.725 
227.718 
226.412 
225.196 
224.413 
224.219 
224.642 
225.567 
226.638 
227.409 
227.608 
227.162 
226.178 
224.977 
223.935 
223.255 
222.968 
223.213 
223.802 
223.949 
223.274 
221.904 
220.123 
218.498 
217.601 
217.671 
218.946 
221.728 
225.725 
230.081 
233.91 
236.572 
237.767 
237.442 
235.935 
234.006 
232.299 
231.111 
230.557 
230.646 
231.212 
231.962 
232.746 
233.573 
234.503 
235.617 
236.933 
238.361 
239.722 
240.727 
241.072 
240.628 
239.398 
237.417 
234.806 
231.814 
228.796 
226.164 
224.346 
223.684 
224.31 
226.241 
229.396 
233.455 
237.882 
242.107 
245.63 
247.935 
248.846 
248.752 
247.963 
246.78 
245.845 
245.661 
246.364 
247.903 
250.129 
252.816 
255.604 
257.918 
259.196 
259.198 
257.742 
254.697 
250.543 
246.315 
243.156 
241.887 
242.769 
245.711 
250.15 
254.757 
257.875 
258.377 
255.933 
250.979 
244.94 
239.846 
237.122 
237.063 
239.554 
244.11 
249.476 
254.422 
257.731 
258.685 
258.23 
257.501 
257.021 
257.507 
259.207 
261.301 
262.993 
263.947 
264.055 
263.358 
262.066 
260.854 
260.452 
261.121 
262.734 
264.878 
266.99 
268.642 
269.661 
270.079 
269.967 
269.511 
269.011 
268.534 
267.903 
266.966 
265.689 
264.185 
262.677 
261.395 
260.461 
259.846 
259.377 
258.843 
258.175 
257.533 
257.165 
257.193 
257.808 
259.32 
261.729 
264.703 
267.844 
270.8 
273.33 
275.308 
276.696 
277.52 
277.882 
277.9 
277.618 
277.069 
276.371 
275.777 
275.578 
275.9 
276.756 
278.165 
280.105 
282.483 
285.106 
287.649 
289.63 
290.599 
290.355 
288.518 
284.535 
278.558 
271.545 
264.807 
259.864 
258.02 
259.804 
265.168 
273.532 
283.421 
292.722 
299.426 
302.789 
303.408 
301.775 
298.458 
294.919 
292.608 
292.157 
293.667 
296.828 
300.646 
303.776 
305.253 
304.776 
302.394 
298.475 
293.894 
289.734 
286.9 
285.907 
286.897 
289.617 
293.292 
296.834 
299.175 
299.587 
297.85 
294.177 
289.301 
284.364 
280.529 
278.479 
278.263 
279.778 
282.769 
286.564 
290.341 
293.44 
295.437 
296.133 
295.489 
293.687 
291.202 
288.602 
286.431 
285.101 
284.755 
285.397 
286.877 
288.711 
290.216 
290.882 
290.544 
289.162 
286.805 
283.902 
281.108 
279.023 
277.934 
277.787 
278.492 
279.914 
281.697 
283.413 
284.712 
285.43 
285.578 
285.199 
284.36 
283.226 
281.973 
280.701 
279.443 
278.193 
276.945 
275.709 
274.541 
273.647 
273.327 
273.725 
274.849 
276.658 
278.957 
281.315 
283.171 
284.109 
283.998 
282.85 
280.815 
278.303 
275.835 
273.794 
272.339 
271.468 
271.117 
271.243 
271.774 
272.594 
273.655 
274.951 
276.41 
277.869 
279.109 
279.952 
280.312 
280.179 
279.706 
279.254 
279.1 
279.308 
279.805 
280.345 
280.638 
280.55 
280.014 
279.056 
278.059 
277.512 
277.616 
278.541 
280.486 
283.165 
285.867 
287.908 
288.897 
288.733 
287.689 
286.503 
285.826 
285.85 
286.636 
288.16 
290.037 
291.741 
292.936 
293.494 
293.404 
292.887 
292.392 
292.174 
292.163 
292.232 
292.189 
291.544 
289.713 
286.414 
281.782 
276.52 
272.095 
270.022 
270.947 
275.902 
286.576 
302.96 
323.194 
345.057 
366.794 
387.503 
406.971 
425.546 
443.883 
462.266 
480.261 
496.772 
510.298 
519.461 
524.06 
525.042 
523.006 
518.442 
512.62 
506.981 
502.52 
499.69 
498.528 
498.941 
500.532 
502.542 
504.484 
506.259 
507.888 
509.473 
511.111 
512.835 
514.595 
516.268 
517.674 
518.619 
518.964 
518.667 
517.73 
516.199 
514.236 
512.09 
510.052 
508.53 
507.976 
508.603 
510.384 
513.119 
516.358 
519.477 
521.929 
523.444 
523.969 
523.51 
522.32 
521.144 
520.73 
521.341 
522.964 
525.476 
528.583 
531.866 
534.913 
537.422 
539.212 
540.18 
540.264 
539.442 
537.735 
535.244 
532.229 
529.139 
526.564 
525.077 
525.032 
526.525 
529.413 
533.207 
537.175 
540.578 
542.857 
543.918 
544.086 
543.582 
542.539 
541.255 
540.032 
539.016 
538.178 
537.392 
536.589 
535.927 
535.741 
536.232 
537.464 
539.446 
541.977 
544.595 
546.592 
547.298 
546.467 
544.191 
540.896 
537.45 
534.943 
534.175 
535.397 
538.363 
542.257 
545.924 
548.419 
549.284 
548.42 
546.11 
543.183 
540.688 
539.368 
539.462 
541.087 
544.335 
548.833 
553.83 
558.507 
562.084 
564.026 
564.172 
562.519 
559.246 
554.969 
550.603 
547.051 
544.911 
544.348 
545.354 
547.781 
551.175 
554.938 
558.533 
561.535 
563.64 
564.716 
564.804 
563.943 
562.228 
560.015 
557.871 
556.381 
555.946 
556.687 
558.484 
560.926 
563.341 
565.016 
565.699 
565.699 
565.242 
564.596 
564.297 
564.61 
565.418 
566.34 
566.97 
567.164 
566.917 
566.427 
566.099 
566.147 
566.928 
569.081 
572.756 
577.579 
583.114 
588.992 
594.934 
600.734 
606.216 
611.213 
615.559 
619.111 
621.788 
623.588 
624.62 
625.14 
625.535 
626.224 
627.537 
629.609 
632.341 
635.359 
637.806 
638.642 
637.393 
634.154 
629.452 
624.344 
620.196 
617.993 
617.954 
620.021 
623.817 
628.152 
631.404 
632.379 
630.695 
626.629 
621.131 
615.651 
611.585 
609.516 
609.121 
610.096 
612.054 
614.002 
615.041 
614.91 
613.575 
611.146 
608.184 
605.451 
603.501 
602.602 
602.796 
603.856 
605.324 
606.868 
608.386 
609.863 
611.303 
612.684 
613.942 
614.994 
615.786 
616.319 
616.676 
617.048 
617.687 
618.811 
620.537 
622.855 
625.625 
628.582 
631.393 
633.737 
635.374 
636.254 
636.488 
636.149 
635.312 
634.24 
633.379 
633.154 
633.723 
635.022 
636.778 
638.502 
639.707 
640.214 
640.255 
640.154 
640.041 
640.147 
641.019 
643.072 
646.29 
650.242 
654.151 
657.174 
658.869 
659.294 
658.568 
656.905 
654.886 
653.208 
652.253 
652.019 
652.424 
653.325 
654.386 
655.246 
655.692 
655.59 
655.158 
654.956 
655.164 
655.848 
657.428 
660.329 
664.766 
670.731 
677.971 
685.93 
693.766 
700.471 
705.113 
707.117 
706.324 
703.112 
698.581 
694.092 
690.774 
689.285 
689.801 
691.971 
694.784 
697.024 
697.888 
697.132 
694.915 
691.877 
689.155 
687.767 
688.08 
690.488 
695.639 
703.442 
713.018 
723.305 
733.288 
742.116 
749.117 
753.808 
756.189 
756.695 
755.564 
753.066 
750.044 
747.636 
746.666 
747.397 
749.82 
753.61 
757.773 
760.987 
762.326 
761.511 
759.021 
756.342 
754.831 
754.655 
756.289 
759.214 
760.389 
757.852 
750.849 
737.981 
718.725 
694.474 
668.149 
643.194 
622.777 
609.607 
604.176 
604.454 
609.054 
616.76 
624.79 
630.659 
633.361 
632.714 
628.973 
622.935 
615.717 
608.421 
601.912 
596.621 
592.493 
589.059 
585.665 
581.791 
577.287 
572.452 
567.956 
564.589 
562.899 
563.046 
564.772 
567.313 
569.704 
571.188 
571.361 
570.125 
567.588 
564.088 
560.057 
555.805 
551.459 
547.038 
542.489 
537.721 
532.707 
527.541 
522.418 
517.619 
513.46 
510.241 
508.172 
507.336 
507.742 
509.117 
510.521 
510.882 
509.776 
507.177 
503.145 
497.998 
492.344 
486.91 
482.293 
478.808 
476.493 
475.143 
474.37 
473.739 
472.901 
471.632 
469.798 
467.277 
463.902 
459.502 
454.03 
447.633 
440.678 
433.753 
427.615 
423.027 
420.487 
420.114 
421.881 
425.63 
430.885 
436.97 
443.19 
448.891 
453.486 
456.49 
457.597 
456.715 
453.869 
449.255 
443.408 
437.171 
431.526 
427.403 
425.403 
425.706 
428.117 
431.975 
436.223 
439.531 
440.714 
439.328 
435.496 
429.749 
423.108 
416.876 
412.302 
409.983 
409.749 
411.38 
414.538 
418.302 
421.541 
423.451 
423.699 
422.23 
419.193 
415.069 
410.532 
406.201 
402.501 
399.606 
397.434 
395.739 
394.302 
393.063 
392.136 
391.703 
391.857 
392.767 
394.702 
397.647 
401.269 
405.116 
408.702 
411.593 
413.472 
414.186 
413.692 
412.18 
410.221 
408.561 
407.773 
408.078 
409.559 
412.145 
415.221 
417.803 
419.153 
419.034 
417.482 
414.779 
411.579 
408.594 
406.282 
404.81 
404.079 
403.895 
404.187 
405.138 
407.294 
411.353 
417.803 
426.76 
437.94 
450.771 
464.672 
479.313 
494.623 
510.617 
527.11 
543.4 
558.224 
570.256 
578.72 
583.598 
585.278 
584.034 
580.678 
576.769 
573.226 
570.202 
567.863 
566.524 
566.425 
567.855 
571.181 
576.418 
583.226 
590.892 
598.281 
604.128 
607.567 
608.389 
606.642 
602.606 
597.1 
591.206 
585.862 
581.715 
579.07 
577.786 
577.457 
577.874 
578.906 
580.287 
581.827 
583.472 
585.22 
587.076 
589.006 
590.894 
592.545 
593.782 
594.528 
594.88 
595.079 
595.289 
595.455 
595.486 
595.264 
594.542 
593.146 
591.057 
588.437 
585.699 
583.329 
581.682 
580.872 
580.694 
580.758 
580.836 
580.73 
580.083 
578.675 
576.552 
573.997 
571.545 
569.852 
569.401 
570.345 
572.526 
575.377 
577.933 
579.326 
579.209 
577.447 
574.148 
570.275 
567.453 
567.019 
569.429 
574.429 
581.077 
587.807 
592.975 
595.505 
595.087 
592.103 
587.729 
583.47 
580.496 
579.404 
580.312 
582.736 
585.533 
587.594 
588.301 
587.468 
585.256 
582.196 
579.026 
576.367 
574.507 
573.301 
572.299 
571.153 
569.941 
569.098 
568.989 
570.121 
573.045 
577.439 
582.276 
586.181 
587.819 
586.63 
582.428 
575.479 
567.43 
560.813 
557.516 
558.137 
562.594 
570.159 
579.048 
587.105 
592.683 
594.948 
593.724 
589.676 
584.42 
579.597 
576.32 
574.886 
574.835 
575.841 
577.585 
579.271 
580.185 
580.112 
579.25 
578.219 
577.676 
577.86 
578.908 
580.918 
583.517 
586.081 
588.197 
589.749 
590.909 
592.036 
593.447 
595.217 
597.118 
598.697 
599.544 
599.512 
598.582 
596.866 
595.121 
594.482 
595.47 
598.182 
602.761 
609.161 
616.963 
625.335 
633.211 
639.648 
644.115 
646.586 
647.532 
647.81 
648.36 
649.846 
652.413 
655.62 
658.325 
659.22 
657.757 
654.045 
648.612 
642.47 
636.812 
632.563 
630.07 
629.006 
628.522 
627.681 
625.916 
623.211 
620.092 
617.561 
616.583 
617.528 
620.336 
624.598 
629.382 
633.525 
636.124 
636.778 
635.411 
632.186 
627.66 
622.719 
618.37 
615.596 
615.085 
617.052 
621.334 
627.34 
634.071 
640.41 
645.476 
648.833 
650.489 
650.911 
650.831 
650.825 
651.354 
652.771 
655.104 
657.986 
660.75 
662.744 
663.755 
664.003 
663.682 
663.061 
662.615 
662.585 
662.976 
663.678 
664.393 
664.842 
664.982 
664.968 
665.081 
665.651 
666.777 
667.918 
668.157 
667.042 
664.575 
660.937 
656.674 
652.718 
650.109 
649.561 
651.293 
655.136 
660.577 
666.958 
673.706 
680.268 
685.217 
686.445 
682.917 
674.365 
660.426 
641.183 
617.654 
591.907 
566.633 
544.654 
528.442 
518.918 
514.993 
515.495 
518.974 
522.608 
524.719 
525.121 
523.725 
520.838 
517.282 
513.985 
511.746 
511.137 
512.344 
515.26 
519.447 
524.027 
527.803 
529.768 
529.546 
526.811 
521.157 
513.086 
504.069 
495.86 
489.988 
487.024 
486.601 
488.397 
492.03 
496.482 
500.571 
503.453 
504.713 
504.274 
502.413 
499.713 
496.672 
493.58 
490.657 
488.055 
485.833 
483.923 
482.135 
480.178 
477.746 
474.627 
470.786 
466.397 
461.815 
457.481 
453.79 
450.998 
449.197 
448.249 
447.884 
448.226 
449.05 
449.262 
448.329 
446.257 
442.958 
438.572 
433.458 
428.065 
422.838 
418.099 
413.943 
410.22 
406.578 
402.616 
398.05 
392.795 
386.984 
380.901 
374.835 
368.938 
363.227 
357.668 
352.219 
346.872 
341.726 
337.035 
333.078 
329.975 
327.61 
325.66 
323.689 
321.333 
318.413 
314.913 
310.936 
306.641 
302.129 
297.39 
292.311 
286.747 
280.655 
274.147 
267.474 
260.946 
254.817 
249.205 
244.059 
239.202 
234.432 
229.62 
224.743 
219.885 
215.199 
210.83 
206.837 
203.168 
199.686 
196.225 
192.659 
188.918 
184.97 
180.771 
176.232 
171.251 
165.804 
159.997 
154.077 
148.407 
143.387 
139.323 
136.301 
134.152 
132.487 
130.813 
128.687 
125.817 
122.104 
117.636 
112.656 
107.474 
102.387 
97.6363 
93.3724 
89.6481 
86.415 
83.5355 
80.8193 
78.0721 
75.1491 
71.9943 
68.6548 
65.2715 
62.0449 
59.179 
56.8241 
55.0401 
53.7868 
52.9346 
52.3009 
51.701 
50.998 
50.1349 
49.1444 
48.1313 
47.2219 
46.5036 
45.9901 
45.6121 
45.2357 
44.7191 
43.9705 
42.9697 
41.7675 
40.4647 
39.1597 
37.9012 
36.6693 
35.4059 
34.0811 
32.7191 
31.403 
30.2736 
29.4741 
29.0833 
29.1204 
29.4815 
29.867 
29.9929 
29.7719 
29.2335 
28.4894 
27.7308 
27.1498 
26.8597 
26.8902 
27.1674 
27.4872 
27.6602 
27.625 
27.3329 
26.7251 
25.8585 
24.8666 
23.8569 
22.8923 
21.9948 
21.1663 
20.4051 
19.7402 
19.2474 
19.0008 
19.1348 
19.5126 
19.6241 
19.2629 
18.4843 
17.3469 
16.0069 
14.6523 
13.4798 
12.6559 
12.2647 
12.3267 
12.7347 
13.1959 
13.4465 
13.4024 
12.9802 
12.0605 
10.706 
9.15017 
7.63963 
6.36286 
5.41112 
4.76999 
4.34115 
3.99643 
3.63591 
3.2144 
2.73307 
2.22747 
1.75345 
1.35953 
1.06706 
0.866999 
0.728771 
0.617999 
0.51008 
0.394581 
0.275685 
0.16743 
0.0835693 
0.0304703 
0.00579744 
0 
0 
0 
0 
0 
0 
0 
0 
0 
0 
0 
0 
0 
0 
0 
0 
0 
0 
0 
0 
0 
0 
0 
0 
0 
0 
0 
0 
0 
0 
0 
0 
0 
0 
0 
0 
0 
0 
0 
0 
0 
0 
0 
0 
0 
0 
0 
0 
0 
0 
0 
0 
0 
0 
0 
0 
0 
0 
0 
0 
0 
0 
0 
0 
0 
0 
0 
0 
0 
0 
0 
0 
0 
0 
0 
0 
0 
0 
0 
0 
0 
0 
0 
0 
0 
0 
0 
0 
0 
0 
0 
0 
0 
0 
0 
0 
0 
0 
0 
0 
0 
0 
0 
0 
0 
0 
0 
0 
0 
0 
0 
0 
0 
0 
0 
0 
0 
0 
0 
0 
0 
0 
0 
0 
0 
0 
0 
0 
0 
0 
0 
0 
0 
0 
0 
0 
0 
0 
0 
0 
0 
0 
0 
0 
0 
0 
0 
0 
0 
0 
0 
0 
0 
0 
0 
0 
0 
0 
0 
0 
0 
0 
0 
0 
0 
0 
0 
0 
0 
0 
0 
0 
0 
0 
0 
0 
0 
0 
0 
0 
0 
0 
0 
0 
0 
0 
0 
0 
0 
0 
0 
0 
0 
0 
0 
0 
0 
0 
0 
0 
0 
0 
0 
0 
0 
0 
0 
0 
0 
0 
0 
0 
0 
0 
0 
0 
0 
0 
0 
0 
0 
0 
0 
0 
0 
0 
0 
0 
0 
0 
0 
0 
0 
0 
0 
0 
0 
0 
0 
0 
0 
0 
0 
0 
0 
0 
0 
0 
0 
0 
0 
0 
0 
0 
0 
0 
0 
0 
0 
0 
0 
0 
0 
0 
0 
0 
0 
0 
0 
0 
0 
0 
0 
0 
0 
0 
0 
0 
0 
0 
0 
0 
0 
0 
0 
0 
0 
0 
0 
0 
0 
0 
0 
0 
0 
0 
0 
0 
0 
0 
0 
0 
0 
0 
0 
0 
0 
0 
0 
0 
0 
0 
0 
0 
0 
0 
0 
0 
0 
0 
0 
0 
0 
0 
0 
0 
0 
0 
0 
0 
0 
0 
0 
0 
0 
0 
0 
0 
0 
0 
0 
0 
0 
0 
0 
0 
0 
0 
0 
0 
0 
0 
0 
0 
0 
0 
0 
0 
0 
0 
0 
0 
0 
0 
0 
0 
0 
0 
0 
0 
0 
0 
0 
0 
0 
0 
0 
0 
0 
0 
0 
0 
0 
0 
0 
0 
0 
0 
0 
0 
0 
0 
0 
0 
0 
0 
0 
0 
0 
0 
0 
0 
0 
0 
0 
0 
0 
0 
0 
0 
0 
0 
0 
0 
0 
0 
0 
0 
0 
0 
0 
0 
0 
0 
0 
0 
0 
0 
0 
0 
0 
0 
0 
0 
0 
0 
0 
0 
0 
0 
0 
0 
0 
0 
0 
0 
0 
0 
0 
0 
0 
0 
0 
0 
0 
0 
0 
0 
0 
0 
0 
0 
0 
0 
0 
0 
0 
0 
0 
0 
0 
0 
0 
0 
0 
0 
0 
0 
0 
0 
0 
0 
0 
0 
0 
0 
0 
0 
0 
0 
0 
0 
0 
0 
0 
0 
0 
0 
0 
0 
0 
0 
0 
0 
0 
0 
0 
0 
0 
0 
0 
0 
0 
0 
0 
0 
0 
0 
0 
0 
0 
0 
0 
0 
0 
0 
0 
0 
0 
0 
0 
0 
0 
0 
0 
0 
0 
0 
0 
0 
0 
0 
0 
0 
0 
0 
0 
0 
0 
0 
0 
0 
0 
0 
0 
0 
0 
0 
0 
0 
0 
0 
0 
0 
0 
0 
0 
0 
0 
0 
0 
0 
0 
0 
0 
0 
0 
0 
0 
0 
0 
0 
0 
0 
0 
0 
0 
0 
0 
0 
0 
0 
0 
0 
0 
0 
0 
0 
0 
0 
0 
0 
0 
0 
0 
0 
0 
0 
0 
0 
0 
0 
0 
0 
0 
0 
0 
0 
0 
0 
0 
0 
0 
0 
0 
0 
0 
0 
0 
0 
0 
0 
0 
0 
0 
0 
0 
0 
0 
0 
0 
0 
0 
0 
0 
0 
0 
0 
0 
0 
0 
0 
0 
0 
0 
0 
0 
0 
0 
0 
0 
0 
0 
0 
0 
0 
0 
0 
0 
0 
0 
0 
0 
0 
0 
0 
0 
0 
0 
0 
0 
0 
0 
0 
0 
0 
0 
0 
0 
0 
0 
0 
0 
0 
0 
0 
0 
0 
0 
0 
0 
0 
0 
0 
0 
0 
0 
0 
0 
0 
0 
0 
0 
0 
0 
0 
0 
0 
0 
0 
0 
0 
0 
0 
0 
0 
0 
0 
0 
0 
0 
0 
0 
0 
0 
0 
0 
0 
0 
0 
0 
0 
0 
0 
0 
0 
0 
0 
0 
0 
0 
0 
0 
0 
0 
0 
0 
0 
0 
0 
0 
0 
0 
0 
0 
0 
0 
0 
0 
0 
0 
0 
0 
0 
0 
0 
0 
0 
0 
0 
0 
0 
0 
0 
0 
0 
0 
0 
0 
0 
0 
0 
0 
0 
0 
0 
0 
0 
0 
0 
0 
0 
0 
0 
0 
0 
0 
0 
0 
0 
0 
0 
0 
0 
0 
0 
0 
0 
0 
0 
0 
0 
0 
0 
0 
0 
0 
0 
0 
0 
0 
0 
0 
0 
0 
0 
0 
0 
0 
0 
0 
0 
0 
0 
0 
0 
0 
0 
0 
0 
0 
0 
0 
0 
0 
0 
0 
0 
0 
0 
0 
0 
0 
0 
0 
0 
0 
0 
0 
0 
0 
0 
0 
0 
0 
0 
0 
0 
0 
0 
0 
0 
0 
0 
0 
0 
0 
0 
0 
0 
0 
0 
0 
0 
0 
0 
0 
0 
0 
0 
0 
0 
0 
0 
0 
0 
0 
0 
0 
0 
0 
0 
0 
0 
0 
0 
0 
0 
0 
0 
0 
0 
0 
0 
0 
0 
0 
0 
0 
0 
0 
0 
0 
0 
0 
0 
0 
0 
0 
0 
0 
0 
0 
0 
0 
0 
0 
0 
0 
0 
0 
0 
0 
0 
0 
0 
0 
0 
0 
0 
0 
0 
0 
0 
0 
0 
0 
0 
0 
0 
0 
0 
0 
0 
0 
0 
0 
0 
0 
0 
0 
0 
0 
0 
0 
0 
0 
0 
0 
0 
0 
0 
0 
0 
0 
0 
0 
0 
0 
0 
0 
0 
0 
0 
0 
0 
0 
0 
0 
0 
0 
0 
0 
0 
0 
0 
0 
0 
0 
0 
0 
0 
0 
0 
0 
0 
0 
0 
0 
0 
0 
0 
0 
0 
0 
0 
0 
0 
0 
0 
0 
0 
0 
0 
0 
0 
0 
0 
0 
0 
0 
0 
0 
0 
0 
0 
0 
0 
0 
0 
0 
0 
0 
0 
0 
0 
0 
0 
0 
0 
0 
0 
0 
0 
0 
0 
0 
0 
0 
0 
0 
0 
0 
0 
0 
0 
0 
0 
0 
0 
0 
0 
0 
0 
0 
0 
0 
0 
0 
0 
0 
0 
0 
0 
0 
0 
0 
0 
0 
0 
0 
0 
0 
0 
0 
0 
0 
0 
0 
0 
0 
0 
0 
0 
0 
0 
0 
0 
0 
0 
0 
0 
0 
0 
0 
0 
0 
0 
0 
0 
0 
0 
0 
0 
0 
0 
0 
0 
0 
0 
0 
0 
0 
0 
0 
0 
0 
0 
0 
0 
0 
0 
0 
0 
0 
0 
0 
0 
0 
0 
0 
0 
0 
0 
0 
0 
0 
0 
0 
0 
0 
0 
0 
0 
0 
0 
0 
0 
0 
0 
0 
0 
0 
0 
0 
0 
0 
0 
0 
0 
0 
0 
0 
0 
0 
0 
0 
0 
0 
0 
0 
0 
0 
0 
0 
0 
0 
0 
0 
0 
0 
0 
0 
0 
0 
0 
0 
0 
0 
0 
0 
0 
0 
0 
0 
0 
0 
0 
0 
0 
0 
0 
0 
0 
0 
0 
0 
0 
0 
0 
0 
0 
0 
0 
0 
0 
0 
0 
0 
0 
0 
0 
0 
0 
0 
0 
0 
0 
0 
0 
0 
0 
0 
0 
0 
0 
0 
0 
0 
0 
0 
0 
0 
0 
0 
0 
0 
0 
0 
0 
0 
0 
0 
0 
0 
0 
0 
0 
0 
0 
0 
0 
0 
0 
0 
0 
0 
0 
0 
0 
0 
0 
0 
0 
0 
0 
0 
0 
0 
0 
0 
0 
0 
0 
0 
0 
0 
0 
0 
0 
0 
0 
0 
0 
0 
0 
0 
0 
0 
0 
0 
0 
0 
0 
0 
0 
0 
0 
0 
0 
0 
0 
0 
0 
0 
0 
0 
0 
0 
0 
0 
0 
0 
0 
0 
0 
0 
0 
0 
0 
0 
0 
0 
0 
0 
0 
0 
0 
0 
0 
0 
0 
0 
0 
0 
0 
0 
0 
0 
0 
0 
0 
0 
0 
0 
0 
0 
0 
0 
0 
0 
0 
0 
0 
0 
0 
0 
0 
0 
0 
0 
0 
0 
0 
0 
0 
0 
0 
0 
0 
0 
0 
0 
0 
0 
0 
0 
0 
0 
0 
0 
0 
0 
0 
0 
0 
0 
0 
0 
0 
0 
0 
0 
0 
0 
0 
0 
0 
0 
0 
0 
0 
0 
0 
0 
0 
0 
0 
0 
0 
0 
0 
0 
0 
0 
0 
0 
0 
0 
0 
0 
0 
0 
0 
0 
0 
0 
0 
0 
0 
0 
0 
0 
0 
0 
0 
0 
0 
0 
0 
0 
0 
0 
0 
0 
0 
0 
0 
0 
0 
0 
0 
0 
0 
0 
0 
0 
0 
0 
0 
0 
0 
0 
0 
0 
0 
0 
0 
0 
0 
0 
0 
0 
0 
0 
0 
0 
0 
0 
0 
0 
0 
0 
0 
0 
0 
0 
0 
0 
0 
0 
0 
0 
0 
0 
0 
0 
0 
0 
0 
0 
0 
0 
0 
0 
0 
0 
0 
0 
0 
0 
0 
0 
0 
0 
0 
0 
0 
0 
0 
0 
0 
0 
0 
0 
0 
0 
0 
0 
0 
0 
0 
0 
0 
0 
0 
0 
0 
0 
0 
0 
0 
0 
0 
0 
0 
0 
0 
0 
0 
0 
0 
0 
0 
0 
0 
0 
0 
0 
0 
0 
0 
0 
0 
0 
0 
0 
0 
0 
0 
0 
0 
0 
0 
0 
0 
0 
0 
0 
0 
0 
0 
0 
0 
0 
0 
0 
0 
0 
0 
0 
0 
0 
0 
0 
0 
0 
0 
0 
0 
0 
0 
0 
0 
0 
0 
0 
0 
0 
0 
0 
0 
0 
0 
0 
0 
0 
0 
0 
0 
0 
0 
0 
0 
0 
0 
0 
0 
0 
0 
0 
0 
0 
0 
0 
0 
0 
0 
0 
0 
0 
0 
0 
0 
0 
0 
0 
0 
0 
0 
0 
0 
0 
0 
0 
0 
0 
0 
0 
0 
0 
0 
0 
0 
0 
0 
0 
0 
0 
0 
0 
0 
0 
0 
0 
0 
0 
0 
0 
0 
0 
0 
0 
0 
0 
0 
0 
0 
0 
0 
0 
0 
0 
0 
0 
0 
0 
0 
0 
0 
0 
0 
0 
0 
0 
0 
0 
0 
0 
0 
0 
0 
0 
0 
0 
0 
0 
0 
0 
0 
0 
0 
0 
0 
0 
0 
0 
0 
0 
0 
0 
0 
0 
0 
0 
0 
0 
0 
0 
0 
0 
0 
0 
0 
0 
0 
0 
0 
0 
0 
0 
0 
0 
0 
0 
0 
0 
0 
0 
0 
0 
0 
0 
0 
0 
0 
0 
0 
0 
0 
0 
0 
0 
0 
0 
0 
0 
0 
0 
0 
0 
0 
0 
0 
0 
0 
0 
0 
0 
0 
0 
0 
0 
0 
0 
0 
0 
0 
0 
0 
0 
0 
0 
0 
0 
0 
0 
0 
0 
0 
0 
0 
0 
0 
0 
0 
0 
0 
0 
0 
0 
0 
0 
0 
0 
0 
0 
0 
0 
0 
0 
0 
0 
0 
0 
0 
0 
0 
0 
0 
0 
0 
0 
0 
0 
0 
0 
0 
0 
0 
0 
0 
0 
0 
0 
0 
0 
0 
0 
0 
0 
0 
0 
0 
0 
0 
0 
0 
0 
0 
0 
0 
0 
0 
0 
0 
0 
0 
0 
0 
0 
0 
0 
0 
0 
0 
0 
0 
0 
0 
0 
0 
0 
0 
0 
0 
0 
0 
0 
0 
0 
0 
0 
0 
0 
0 
0 
0 
0 
0 
0 
0 
0 
0 
0 
0 
0 
0 
0 
0 
0 
0 
0 
0 
0 
0 
0 
0 
0 
0 
0 
0 
0 
0 
0 
0 
0 
0 
0 
0 
0 
0 
0 
0 
0 
0 
0 
0 
0 
0 
0 
0 
0 
0 
0 
0 
0 
0 
0 
0 
0 
0 
0 
0 
0 
0 
0 
0 
0 
0 
0 
0 
0 
0 
0 
0 
0 
0 
0 
0 
0 
0 
0 
0 
0 
0 
0 
0 
0 
0 
0 
0 
0 
0 
0 
0 
0 
0 
0 
0 
0 
0 
0 
0 
0 
0 
0 
0 
0 
0 
0 
0 
0 
0 
0 
0 
0 
0 
0 
0 
0 
0 
0 
0 
0 
0 
0 
0 
0 
0 
0 
0 
0 
0 
0 
0 
0 
0 
0 
0 
0 
0 
0 
0 
0 
0 
0 
0 
0 
0 
0 
0 
0 
0 
0 
0 
0 
0 
0 
0 
0 
0 
0 
0 
0 
0 
0 
0 
0 
0 
0 
0 
0 
0 
0 
0 
0 
0 
0 
0 
0 
0 
0 
0 
0 
0 
0 
0 
0 
0 
0 
0 
0 
0 
0 
0 
0 
0 
0 
0 
0 
0 
0 
0 
0 
0 
0 
0 
0 
0 
0 
0 
0 
0 
0 
0 
0 
0 
0 
0 
0 
0 
0 
0 
0 
0 
0 
0 
0 
0 
0 
0 
0 
0 
0 
0 
0 
0 
0 
0 
0 
0 
0 
0 
0 
0 
0 
0 
0 
0 
0 
0 
0 
0 
0 
0 
0 
0 
0 
0 
0 
0 
0 
0 
0 
0 
0 
0 
0 
0 
0 
0 
0 
0 
0 
0 
0 
0 
0 
0 
0 
0 
0 
0 
0 
0 
0 
0 
0 
0 
0 
0 
0 
0 
0 
0 
0 
0 
0 
0 
0 
0 
0 
0 
0 
0 
0 
0 
0 
0 
0 
0 
0 
0 
0 
0 
0 
0 
0 
0 
0 
0 
0 
0 
0 
0 
0 
0 
0 
0 
0 
0 
0 
0 
0 
0 
0 
0 
0 
0 
0 
0 
0 
0 
0 
0 
0 
0 
0 
0 
0 
0 
0 
0 
0 
0 
0 
0 
0 
0 
0 
0 
0 
0 
0 
0 
0 
0 
0 
0 
0 
0 
0 
0 
0 
0 
0 
0 
0 
0 
0 
0 
0 
0 
0 
0 
0 
0 
0 
0 
0 
0 
0 
0 
0 
0 
0 
0 
0 
0 
0 
0 
0 
0 
0 
0 
0 
0 
0 
0 
0 
0 
0 
0 
0 
0 
0 
0 
0 
0 
0 
0 
0 
0 
0 
0 
0 
0 
0 
0 
0 
0 
0 
0 
0 
0 
0 
0 
0 
0 
0 
0 
0 
0 
0 
0 
0 
0 
0 
0 
0 
0 
0 
0 
0 
0 
0 
0 
0 
0 
0 
0 
0 
0 
0 
0 
0 
0 
0 
0 
0 
0 
0 
0 
0 
0 
0 
0 
0 
0 
0 
0 
0 
0 
0 
0 
0 
0 
0 
0 
0 
0 
0 
0 
0 
0 
0 
0 
0 
0 
0 
0 
0 
0 
0 
0 
0 
0 
0 
0 
0 
0 
0 
0 
0 
0 
0 
0 
0 
0 
0 
0 
0 
0 
0 
0 
0 
0 
0 
0 
0 
0 
0 
0 
0 
0 
0 
0 
0 
0 
0 
0 
0 
0 
0 
0 
0 
0 
0 
0 
0 
0 
0 
0 
0 
0 
0 
0 
0 
0 
0 
0 
0 
0 
0 
0 
0 
0 
0 
0 
0 
0 
0 
0 
0 
0 
0 
0 
0 
0 
0 
0 
0 
0 
0 
0 
0 
0 
0 
0 
0 
0 
0 
0 
0 
0 
0 
0 
0 
0 
0 
0 
0 
0 
0 
0 
0 
0 
0 
0 
0 
0 
0 
0 
0 
0 
0 
0 
0 
0 
0 
0 
0 
0 
0 
0 
0 
0 
0 
0 
0 
0 
0 
0 
0 
0 
0 
0 
0 
0 
0 
0 
0 
0 
0 
0 
0 
0 
0 
0 
0 
0 
0 
0 
0 
0 
0 
0 
0 
0 
0 
0 
0 
0 
0 
0 
0 
0 
0 
0 
0 
0 
0 
0 
0 
0 
0 
0 
0 
0 
0 
0 
0 
0 
0 
0 
0 
0 
0 
0 
0 
0 
0 
0 
0 
0 
0 
0 
0 
0 
0 
0 
0 
0 
0 
0 
0 
0 
0 
0 
0 
0 
0 
0 
0 
0 
0 
0 
0 
0 
0 
0 
0 
0 
0 
0 
0 
0 
0 
0 
0 
0 
0 
0 
0 
0 
0 
0 
0 
0 
0 
0 
0 
0 
0 
0 
0 
0 
0 
0 
0 
0 
0 
0 
0 
0 
0 
0 
0 
0 
0 
0 
0 
0 
0 
0 
0 
0 
0 
0 
0 
0 
0 
0 
0 
0 
0 
0 
0 
0 
0 
0 
0 
0 
0 
0 
0 
0 
0 
0 
0 
0 
0 
0 
0 
0 
0 
0 
0 
0 
0 
0 
0 
0 
0 
0 
0 
0 
0 
0 
0 
0 
0 
0 
0 
0 
0 
0 
0 
0 
0 
0 
0 
0 
0 
0 
0 
0 
0 
0 
0 
0 
0 
0 
0 
0 
0 
0 
0 
0 
0 
0 
0 
0 
0 
0 
0 
0 
0 
0 
0 
0 
0 
0 
0 
0 
0 
0 
0 
0 
0 
0 
0 
0 
0 
0 
0 
0 
0 
0 
0 
0 
0 
0 
0 
0 
0 
0 
0 
0 
0 
0 
0 
0 
0 
0 
0 
0 
0 
0 
0 
0 
0 
0 
0 
0 
0 
0 
0 
0 
0 
0 
0 
0 
0 
0 
0 
0 
0 
0 
0 
0 
0 
0 
0 
0 
0 
0 
0 
0 
0 
0 
0 
0 
0 
0 
0 
0 
0 
0 
0 
0 
0 
0 
0 
0 
0 
0 
0 
0 
0 
0 
0 
0 
0 
0 
0 
0 
0 
0 
0 
0 
0 
0 
0 
0 
0 
0 
0 
0 
0 
0 
0 
0 
0 
0 
0 
0 
0 
0 
0 
0 
0 
0 
0 
0 
0 
0 
0 
0 
0 
0 
0 
0 
0 
0 
0 
0 
0 
0 
0 
0 
0 
0 
0 
0 
0 
0 
0 
0 
0 
0 
0 
0 
0 
0 
0 
0 
0 
0 
0 
0 
0 
0 
0 
0 
0 
0 
0 
0 
0 
0 
0 
0 
0 
0 
0 
0 
0 
0 
0 
0 
0 
0 
0 
0 
0 
0 
0 
0 
0 
0 
0 
0 
0 
0 
0 
0 
0 
0 
0 
0 
0 
0 
0 
0 
0 
0 
0 
0 
0 
0 
0 
0 
0 
0 
0 
0 
0 
0 
0 
0 
0 
0 
0 
0 
0 
0 
0 
0 
0 
0 
0 
0 
0 
0 
0 
0 
0 
0 
0 
0 
0 
0 
0 
0 
0 
0 
0 
0 
0 
0 
0 
0 
0 
0 
0 
0 
0 
0 
0 
0 
0 
0 
0 
0 
0 
0 
0 
0 
0 
0 
0 
0 
0 
0 
0 
0 
0 
0 
0 
0 
0 
0 
0 
0 
0 
0 
0 
0 
0 
0 
0 
0 
0 
0 
0 
0 
0 
0 
0 
0 
0 
0 
0 
0 
0 
0 
0 
0 
0 
0 
0 
0 
0 
0 
0 
0 
0 
0 
0 
0 
0 
0 
0 
0 
0 
0 
0 
0 
0 
0 
0 
0 
0 
0 
0 
0 
0 
0 
0 
0 
0 
0 
0 
0 
0 
0 
0 
0 
0 
0 
0 
0 
0 
0 
0 
0 
0 
0 
0 
0 
0 
0 
0 
0 
0 
0 
0 
0 
0 
0 
0 
0 
0 
0 
0 
0 
0 
0 
0 
0 
0 
0 
0 
0 
0 
0 
0 
0 
0 
0 
0 
0 
0 
0 
0 
0 
0 
0 
0 
0 
0 
0 
0 
0 
0 
0 
0 
0 
0 
0 
0 
0 
0 
0 
0 
0 
0 
0 
0 
0 
0 
0 
0 
0 
0 
0 
0 
0 
0 
0 
0 
0 
0 
0 
0 
0 
0 
0 
0 
0 
0 
0 
0 
0 
0 
0 
0 
0 
0 
0 
0 
0 
0 
0 
0 
0 
0 
0 
0 
0 
0 
0 
0 
0 
0 
0 
0 
0 
0 
0 
0 
0 
0 
0 
0 
0 
0 
0 
0 
0 
0 
0 
0 
0 
0 
0 
0 
0 
0 
0 
0 
0 
0 
0 
0 
0 
0 
0 
0 
0 
0 
0 
0 
0 
0 
0 
0 
0 
0 
0 
0 
0 
0 
0 
0 
0 
0 
0 
0 
0 
0 
0 
0 
0 
0 
0 
0 
0 
0 
0 
0 
0 
0 
0 
0 
0 
0 
0 
0 
0 
0 
0 
0 
0 
0 
0 
0 
0 
0 
0 
0 
0 
0 
0 
0 
0 
0 
0 
0 
0 
0 
0 
0 
0 
0 
0 
0 
0 
0 
0 
0 
0 
0 
0 
0 
0 
0 
0 
0 
0 
0 
0 
0 
0 
0 
0 
0 
0 
0 
0 
0 
0 
0 
0 
0 
0 
0 
0 
0 
0 
0 
0 
0 
0 
0 
0 
0 
0 
0 
0 
0 
0 
0 
0 
0 
0 
0 
0 
0 
0 
0 
0 
0 
0 
0 
0 
0 
0 
0 
0 
0 
0 
0 
0 
0 
0 
0 
0 
0 
0 
0 
0 
0 
0 
0 
0 
0 
0 
0 
0 
0 
0 
0 
0 
0 
0 
0 
0 
0 
0 
0 
0 
0 
0 
0 
0 
0 
0 
0 
0 
0 
0 
0 
0 
0 
0 
0 
0 
0 
0 
0 
0 
0 
0 
0 
0 
0 
0 
0 
0 
0 
0 
0 
0 
0 
0 
0 
0 
0 
0 
0 
0 
0 
0 
0 
0 
0 
0 
0 
0 
0 
0 
0 
0 
0 
0 
0 
0 
0 
0 
0 
0 
0 
0 
0 
0 
0 
0 
0 
0 
0 
0 
0 
0 
0 
0 
0 
0 
0 
0 
0 
0 
0 
0 
0 
0 
0 
0 
0 
0 
0 
0 
0 
0 
0 
0 
0 
0 
0 
0 
0 
0 
0 
0 
0 
0 
0 
0 
0 
0 
0 
0 
0 
0 
0 
0 
0 
0 
0 
0 
0 
0 
0 
0 
0 
0 
0 
0 
0 
0 
0 
0 
0 
0 
0 
0 
0 
0 
0 
0 
0 
0 
0 
0 
0 
0 
0 
0 
0 
0 
0 
0 
0 
0 
0 
0 
0 
0 
0 
0 
0 
0 
0 
0 
0 
0 
0 
0 
0 
0 
0 
0 
0 
0 
0 
0 
0 
0 
0 
0 
0 
0 
0 
0 
0 
0 
0 
0 
0 
0 
0 
0 
0 
0 
0 
0 
0 
0 
0 
0 
0 
0 
0 
0 
0 
0 
0 
0 
0 
0 
0 
0 
0 
0 
0 
0 
0 
0 
0 
0 
0 
0 
0 
0 
0 
0 
0 
0 
0 
0 
0 
0 
0 
0 
0 
0 
0 
0 
0 
0 
0 
0 
0 
0 
0 
0 
0 
0 
0 
0 
0 
0 
0 
0 
0 
0 
0 
0 
0 
0 
0 
0 
0 
0 
0 
0 
0 
0 
0 
0 
0 
0 
0 
0 
0 
0 
0 
0 
0 
0 
0 
0 
0 
0 
0 
0 
0 
0 
0 
0 
0 
0 
0 
0 
0 
0 
0 
0 
0 
0 
0 
0 
0 
0 
0 
0 
0 
0 
0 
0 
0 
0 
0 
0 
0 
0 
0 
0 
0 
0 
0 
0 
0 
0 
0 
0 
0 
0 
0 
0 
0 
0 
0 
0 
0 
0 
0 
0 
0 
0 
0 
0 
0 
0 
0 
0 
0 
0 
0 
0 
0 
0 
0 
0 
0 
0 
0 
0 
0 
0 
0 
0 
0 
0 
0 
0 
0 
0 
0 
0 
0 
0 
0 
0 
0 
0 
0 
0 
0 
0 
0 
0 
0 
0 
0 
0 
0 
0 
0 
0 
0 
0 
0 
0 
0 
0 
0 
0 
0 
0 
0 
0 
0 
0 
0 
0 
0 
0 
0 
0 
0 
0 
0 
0 
0 
0 
0 
0 
0 
0 
0 
0 
0 
0 
0 
0 
0 
0 
0 
0 
0 
0 
0 
0 
0 
0 
0 
0 
0 
0 
0 
0 
0 
0 
0 
0 
0 
0 
0 
0 
0 
0 
0 
0 
0 
0 
0 
0 
0 
0 
0 
0 
0 
0 
0 
0 
0 
0 
0 
0 
0 
0 
0 
0 
0 
0 
0 
0 
0 
0 
0 
0 
0 
0 
0 
0 
0 
0 
0 
0 
0 
0 
0 
0 
0 
0 
0 
0 
0 
0 
0 
0 
0 
0 
0 
0 
0 
0 
0 
0 
0 
0 
0 
0 
0 
0 
0 
0 
0 
0 
0 
0 
0 
0 
0 
0 
0 
0 
0 
0 
0 
0 
0 
0 
0 
0 
0 
0 
0 
0 
0 
0 
0 
0 
0 
0 
0 
0 
0 
0 
0 
0 
0 
0 
0 
0 
0 
0 
0 
0 
0 
0 
0 
0 
0 
0 
0 
0 
0 
0 
0 
0 
0 
0 
0 
0 
0 
0 
0 
0 
0 
0 
0 
0 
0 
0 
0 
0 
0 
0 
0 
0 
0 
0 
0 
0 
0 
0 
0 
0 
0 
0 
0 
0 
0 
0 
0 
0 
0 
0 
0 
0 
0 
0 
0 
0 
0 
0 
0 
0 
0 
0 
0 
0 
0 
0 
0 
0 
0 
0 
0 
0 
0 
0 
0 
0 
0 
0 
0 
0 
0 
0 
0 
0 
0 
0 
0 
0 
0 
0 
0 
0 
0 
0 
0 
0 
0 
0 
0 
0 
0 
0 
0 
0 
0 
0 
0 
0 
0 
0 
0 
0 
0 
0 
0 
0 
0 
0 
0 
0 
0 
0 
0 
0 
0 
0 
0 
0 
0 
0 
0 
0 
0 
0 
0 
0 
0 
0 
0 
0 
0 
0 
0 
0 
0 
0 
0 
0 
0 
0 
0 
0 
0 
0 
0 
0 
0 
0 
0 
0 
0 
0 
0 
0 
0 
0 
0 
0 
0 
0 
0 
0 
0 
0 
0 
0 
0 
0 
0 
0 
0 
0 
0 
0 
0 
0 
0 
0 
0 
0 
0 
0 
0 
0 
0 
0 
0 
0 
0 
0 
0 
0 
0 
0 
0 
0 
0 
0 
0 
0 
0 
0 
0 
0 
0 
0 
0 
0 
0 
0 
0 
0 
0 
0 
0 
0 
0 
0 
0 
0 
0 
0 
0 
0 
0 
0 
0 
0 
0 
0 
0 
0 
0 
0 
0 
0 
0 
0 
0 
0 
0 
0 
0 
0 
0 
0 
0 
0 
0 
0 
0 
0 
0 
0 
0 
0 
0 
0 
0 
0 
0 
0 
0 
0 
0 
0 
0 
0 
0 
0 
0 
0 
0 
0 
0 
0 
0 
0 
0 
0 
0 
0 
0 
0 
0 
0 
0 
0 
0 
0 
0 
0 
0 
0 
0 
0 
0 
0 
0 
0 
0 
0 
0 
0 
0 
0 
0 
0 
0 
0 
0 
0 
0 
0 
0 
0 
0 
0 
0 
0 
0 
0 
0 
0 
0 
0 
0 
0 
0 
0 
0 
0 
0 
0 
0 
0 
0 
0 
0 
0 
0 
0 
0 
0 
0 
0 
0 
0 
0 
0 
0 
0 
0 
0 
0 
0 
0 
0 
0 
0 
0 
0 
0 
0 
0 
0 
0 
0 
0 
0 
0 
0 
0 
0 
0 
0 
0 
0 
0 
0 
0 
0 
0 
0 
0 
0 
0 
0 
0 
0 
0 
0 
0 
0 
0 
0 
0 
0 
0 
0 
0 
0 
0 
0 
0 
0 
0 
0 
0 
0 
0 
0 
0 
0 
0 
0 
0 
0 
0 
0 
0 
0 
0 
0 
0 
0 
0 
0 
0 
0 
0 
0 
0 
0 
0 
0 
0 
0 
0 
0 
0 
0 
0 
0 
0 
0 
0 
0 
0 
0 
0 
0 
0 
0 
0 
0 
0 
0 
0 
0 
0 
0 
0 
0 
0 
0 
0 
0 
0 
0 
0 
0 
0 
0 
0 
0 
0 
0 
0 
0 
0 
0 
0 
0 
0 
0 
0 
0 
0 
0 
0 
0 
0 
0 
0 
0 
0 
0 
0 
0 
0 
0 
0 
0 
0 
0 
0 
0 
0 
0 
0 
0 
0 
0 
0 
0 
0 
0 
0 
0 
0 
0 
0 
0 
0 
0 
0 
0 
0 
0 
0 
0 
0 
0 
0 
0 
0 
0 
0 
0 
0 
0 
0 
0 
0 
0 
0 
0 
0 
0 
0 
0 
0 
0 
0 
0 
0 
0 
0 
0 
0 
0 
0 
0 
0 
0 
0 
0 
0 
0 
0 
0 
0 
0 
0 
0 
0 
0 
0 
0 
0 
0 
0 
0 
0 
0 
0 
0 
0 
0 
0 
0 
0 
0 
0 
0 
0 
0 
0 
0 
0 
0 
0 
0 
0 
0 
0 
0 
0 
0 
0 
0 
0 
0 
0 
0 
0 
0 
0 
0 
0 
0 
0 
0 
0 
0 
0 
0 
0 
0 
0 
0 
0 
0 
0 
0 
0 
0 
0 
0 
0 
0 
0 
0 
0 
0 
0 
0 
0 
0 
0 
0 
0 
0 
0 
0 
0 
0 
0 
0 
0 
0 
0 
0 
0 
0 
0 
0 
0 
0 
0 
0 
0 
0 
0 
0 
0 
0 
0 
0 
0 
0 
0 
0 
0 
0 
0 
0 
0 
0 
0 
0 
0 
0 
0 
0 
0 
0 
0 
0 
0 
0 
0 
0 
0 
0 
0 
0 
0 
0 
0 
0 
0 
0 
0 
0 
0 
0 
0 
0 
0 
0 
0 
0 
0 
0 
0 
0 
0 
0 
0 
0 
0 
0 
0 
0 
0 
0 
0 
0 
0 
0 
0 
0 
0 
0 
0 
0 
0 
0 
0 
0 
0 
0 
0 
0 
0 
0 
0 
0 
0 
0 
0 
0 
0 
0 
0 
0 
0 
0 
0 
0 
0 
0 
0 
0 
0 
0 
0 
0 
0 
0 
0 
0 
0 
0 
0 
0 
0 
0 
0 
0 
0 
0 
0 
0 
0 
0 
0 
0 
0 
0 
0 
0 
0 
0 
0 
0 
0 
0 
0 
0 
0 
0 
0 
0 
0 
0 
0 
0 
0 
0 
0 
0 
0 
0 
0 
0 
0 
0 
0 
0 
0 
0 
0 
0 
0 
0 
0 
0 
0 
0 
0 
0 
0 
0 
0 
0 
0 
0 
0 
0 
0 
0 
0 
0 
0 
0 
0 
0 
0 
0 
0 
0 
0 
0 
0 
0 
0 
0 
0 
0 
0 
0 
0 
0 
0 
0 
0 
0 
0 
0 
0 
0 
0 
0 
0 
0 
0 
0 
0 
0 
0 
0 
0 
0 
0 
0 
0 
0 
0 
0 
0 
0 
0 
0 
0 
0 
0 
0 
0 
0 
0 
0 
0 
0 
0 
0 
0 
0 
0 
0 
0 
0 
0 
0 
0 
0 
0 
0 
0 
0 
0 
0 
0 
0 
0 
0 
0 
0 
0 
0 
0 
0 
0 
0 
0 
0 
0 
0 
0 
0 
0 
0 
0 
0 
0 
0 
0 
0 
0 
0 
0 
0 
0 
0 
0 
0 
0 
0 
0 
0 
0 
0 
0 
0 
0 
0 
0 
0 
0 
0 
0 
0 
0 
0 
0 
0 
0 
0 
0 
0 
0 
0 
0 
0 
0 
0 
0 
0 
0 
0 
0 
0 
0 
0 
0 
0 
0 
0 
0 
0 
0 
0 
0 
0 
0 
0 
0 
0 
0 
0 
0 
0 
0 
0 
0 
0 
0 
0 
0 
0 
0 
0 
0 
0 
0 
0 
0 
0 
0 
0 
0 
0 
0 
0 
0 
0 
0 
0 
0 
0 
0 
0 
0 
0 
0 
0 
0 
0 
0 
0 
0 
0 
0 
0 
0 
0 
0 
0 
0 
0 
0 
0 
0 
0 
0 
0 
0 
0 
0 
0 
0 
0 
0 
0 
0 
0 
0 
0 
0 
0 
0 
0 
0 
0 
0 
0 
0 
0 
0 
0 
0 
0 
0 
0 
0 
0 
0 
0 
0 
0 
0 
0 
0 
0 
0 
0 
0 
0 
0 
0 
0 
0 
0 
0 
0 
0 
0 
0 
0 
0 
0 
0 
0 
0 
0 
0 
0 
0 
0 
0 
0 
0 
0 
0 
0 
0 
0 
0 
0 
0 
0 
0 
0 
0 
0 
0 
0 
0 
0 
0 
0 
0 
0 
0 
0 
0 
0 
0 
0 
0 
0 
0 
0 
0 
0 
0 
0 
0 
0 
0 
0 
0 
0 
0 
0 
0 
0 
0 
0 
0 
0 
0 
0 
0 
0 
0 
0 
0 
0 
0 
0 
0 
0 
0 
0 
0 
0 
0 
0 
0 
0 
0 
0 
0 
0 
0 
0 
0 
0 
0 
0 
0 
0 
0 
0 
0 
0 
0 
0 
0 
0 
0 
0 
0 
0 
0 
0 
0 
0 
0 
0 
0 
0 
0 
0 
0 
0 
0 
0 
0 
0 
0 
0 
0 
0 
0 
0 
0 
0 
0 
0 
0 
0 
0 
0 
0 
0 
0 
0 
0 
0 
0 
0 
0 
0 
0 
0 
0 
0 
0 
0 
0 
0 
0 
0 
0 
0 
0 
0 
0 
0 
0 
0 
0 
0 
0 
0 
0 
0 
0 
0 
0 
0 
0 
0 
0 
0 
0 
0 
0 
0 
0 
0 
0 
0 
0 
0 
0 
0 
0 
0 
0 
0 
0 
0 
0 
0 
0 
0 
0 
0 
0 
0 
0 
0 
0 
0 
0 
0 
0 
0 
0 
0 
0 
0 
0 
0 
0 
0 
0 
0 
0 
0 
0 
0 
0 
0 
0 
0 
0 
0 
0 
0 
0 
0 
0 
0 
0 
0 
0 
0 
0 
0 
0 
0 
0 
0 
0 
0 
0 
0 
0 
0 
0 
0 
0 
0 
0 
0 
0 
0 
0 
0 
0 
0 
0 
0 
0 
0 
0 
0 
0 
0 
0 
0 
0 
0 
0 
0 
0 
0 
0 
0 
0 
0 
0 
0 
0 
0 
0 
0 
0 
0 
0 
0 
0 
0 
0 
0 
0 
0 
0 
0 
0 
0 
0 
0 
0 
0 
0 
0 
0 
0 
0 
0 
0 
0 
0 
0 
0 
0 
0 
0 
0 
0 
0 
0 
0 
0 
0 
0 
0 
0 
0 
0 
0 
0 
0 
0 
0 
0 
0 
0 
0 
0 
0 
0 
0 
0 
0 
0 
0 
0 
0 
0 
0 
0 
0 
0 
0 
0 
0 
0 
0 
0 
0 
0 
0 
0 
0 
0 
0 
0 
0 
0 
0 
0 
0 
0 
0 
0 
0 
0 
0 
0 
0 
0 
0 
0 
0 
0 
0 
0 
0 
0 
0 
0 
0 
0 
0 
0 
0 
0 
0 
0 
0 
0 
0 
0 
0 
0 
0 
0 
0 
0 
0 
0 
0 
0 
0 
0 
0 
0 
0 
0 
0 
0 
0 
0 
0 
0 
0 
0 
0 
0 
0 
0 
0 
0 
0 
0 
0 
0 
0 
0 
0 
0 
0 
0 
0 
0 
0 
0 
0 
0 
0 
0 
0 
0 
0 
0 
0 
0 
0 
0 
0 
0 
0 
0 
0 
0 
0 
0 
0 
0 
0 
0 
0 
0 
0 
0 
0 
0 
0 
0 
0 
0 
0 
0 
0 
0 
0 
0 
0 
0 
0 
0 
0 
0 
0 
0 
0 
0 
0 
0 
0 
0 
0 
0 
0 
0 
0 
0 
0 
0 
0 
0 
0 
0 
0 
0 
0 
0 
0 
0 
0 
0 
0 
0 
0 
0 
0 
0 
0 
0 
0 
0 
0 
0 
0 
0 
0 
0 
0 
0 
0 
0 
0 
0 
0 
0 
0 
0 
0 
0 
0 
0 
0 
0 
0 
0 
0 
0 
0 
0 
0 
0 
0 
0 
0 
0 
0 
0 
0 
0 
0 
0 
0 
0 
0 
0 
0 
0 
0 
0 
0 
0 
0 
0 
0 
0 
0 
0 
0 
0 
0 
0 
0 
0 
0 
0 
0 
0 
0 
0 
0 
0 
0 
0 
0 
0 
0 
0 
0 
0 
0 
0 
0 
0 
0 
0 
0 
0 
0 
0 
0 
0 
0 
0 
0 
0 
0 
0 
0 
0 
0 
0 
0 
0 
0 
0 
0 
0 
0 
0 
0 
0 
0 
0 
0 
0 
0 
0 
0 
0 
0 
0 
0 
0 
0 
0 
0 
0 
0 
0 
0 
0 
0 
0 
0 
0 
0 
0 
0 
0 
0 
0 
0 
0 
0 
0 
0 
0 
0 
0 
0 
0 
0 
0 
0 
0 
0 
0 
0 
0 
0 
0 
0 
0 
0 
0 
0 
0 
0 
0 
0 
0 
0 
0 
0 
0 
0 
0 
0 
0 
0 
0 
0 
0 
0 
0 
0 
0 
0 
0 
0 
0 
0 
0 
0 
0 
0 
0 
0 
0 
0 
0 
0 
0 
0 
0 
0 
0 
0 
0 
0 
0 
0 
0 
0 
0 
0 
0 
0 
0 
0 
0 
0 
0 
0 
0 
0 
0 
0 
0 
0 
0 
0 
0 
0 
0 
0 
0 
0 
0 
0 
0 
0 
0 
0 
0 
0 
0 
0 
0 
0 
0 
0 
0 
0 
0 
0 
0 
0 
0 
0 
0 
0 
0 
0 
0 
0 
0 
0 
0 
0 
0 
0 
0 
0 
0 
0 
0 
0 
0 
0 
0 
0 
0 
0 
0 
0 
0 
0 
0 
0 
0 
0 
0 
0 
0 
0 
0 
0 
0 
0 
0 
0 
0 
0 
0 
0 
0 
0 
0 
0 
0 
0 
0 
0 
0 
0 
0 
0 
0 
0 
0 
0 
0 
0 
0 
0 
0 
0 
0 
0 
0 
0 
0 
0 
0 
0 
0 
0 
0 
0 
0 
0 
0 
0 
0 
0 
0 
0 
0 
0 
0 
0 
0 
0 
0 
0 
0 
0 
0 
0 
0 
0 
0 
0 
0 
0 
0 
0 
0 
0 
0 
0 
0 
0 
0 
0 
0 
0 
0 
0 
0 
0 
0 
0 
0 
0 
0 
0 
0 
0 
0 
0 
0 
0 
0 
0 
0 
0 
0 
0 
0 
0 
0 
0 
0 
0 
0 
0 
0 
0 
0 
0 
0 
0 
0 
0 
0 
0 
0 
0 
0 
0 
0 
0 
0 
0 
0 
0 
0 
0 
0 
0 
0 
0 
0 
0 
0 
0 
0 
0 
0 
0 
0 
0 
0 
0 
0 
0 
0 
0 
0 
0 
0 
0 
0 
0 
0 
0 
0 
0 
0 
0 
0 
0 
0 
0 
0 
0 
0 
0 
0 
0 
0 
0 
0 
0 
0 
0 
0 
0 
0 
0 
0 
0 
0 
0 
0 
0 
0 
0 
0 
0 
0 
0 
0 
0 
0 
0 
0 
0 
0 
0 
0 
0 
0 
0 
0 
0 
0 
0 
0 
0 
0 
0 
0 
0 
0 
0 
0 
0 
0 
0 
0 
0 
0 
0 
0 
0 
0 
0 
0 
0 
0 
0 
0 
0 
0 
0 
0 
0 
0 
0 
0 
0 
0 
0 
0 
0 
0 
0 
0 
0 
0 
0 
0 
0 
0 
0 
0 
0 
0 
0 
0 
0 
0 
0 
0 
0 
0 
0 
0 
0 
0 
0 
0 
0 
0 
0 
0 
0 
0 
0 
0 
0 
0 
0 
0 
0 
0 
0 
0 
0 
0 
0 
0 
0 
0 
0 
0 
0 
0 
0 
0 
0 
0 
0 
0 
0 
0 
0 
0 
0 
0 
0 
0 
0 
0 
0 
0 
0 
0 
0 
0 
0 
0 
0 
0 
0 
0 
0 
0 
0 
0 
0 
0 
0 
0 
0 
0 
0 
0 
0 
0 
0 
0 
0 
0 
0 
0 
0 
0 
0 
0 
0 
0 
0 
0 
0 
0 
0 
0 
0 
0 
0 
0 
0 
0 
0 
0 
0 
0 
0 
0 
0 
0 
0 
0 
0 
0 
0 
0 
0 
0 
0 
0 
0 
0 
0 
0 
0 
0 
0 
0 
0 
0 
0 
0 
0 
0 
0 
0 
0 
0 
0 
0 
0 
0 
0 
0 
0 
0 
0 
0 
0 
0 
0 
0 
0 
0 
0 
0 
0 
0 
0 
0 
0 
0 
0 
0 
0 
0 
0 
0 
0 
0 
0 
0 
0 
0 
0 
0 
0 
0 
0 
0 
0 
0 
0 
0 
0 
0 
0 
0 
0 
0 
0 
0 
0 
0 
0 
0 
0 
0 
0 
0 
0 
0 
0 
0 
0 
0 
0 
0 
0 
0 
0 
0 
0 
0 
0 
0 
0 
0 
0 
0 
0 
0 
0 
0 
0 
0 
0 
0 
0 
0 
0 
0 
0 
0 
0 
0 
0 
0 
0 
0 
0 
0 
0 
0 
0 
0 
0 
0 
0 
0 
0 
0 
0 
0 
0 
0 
0 
0 
0 
0 
0 
0 
0 
0 
0 
0 
0 
0 
0 
0 
0 
0 
0 
0 
0 
0 
0 
0 
0 
0 
0 
0 
0 
0 
0 
0 
0 
0 
0 
0 
0 
0 
0 
0 
0 
0 
0 
0 
0 
0 
0 
0 
0 
0 
0 
0 
0 
0 
0 
0 
0 
0 
0 
0 
0 
0 
0 
0 
0 
0 
0 
0 
0 
0 
0 
0 
0 
0 
0 
0 
0 
0 
0 
0 
0 
0 
0 
0 
0 
0 
0 
0 
0 
0 
0 
0 
0 
0 
0 
0 
0 
0 
0 
0 
0 
0 
0 
0 
0 
0 
0 
0 
0 
0 
0 
0 
0 
0 
0 
0 
0 
0 
0 
0 
0 
0 
0 
0 
0 
0 
0 
0 
0 
0 
0 
0 
0 
0 
0 
0 
0 
0 
0 
0 
0 
0 
0 
0 
0 
0 
0 
0 
0 
0 
0 
0 
0 
0 
0 
0 
0 
0 
0 
0 
0 
0 
0 
0 
0 
0 
0 
0 
0 
0 
0 
0 
0 
0 
0 
0 
0 
0 
0 
0 
0 
0 
0 
0 
0 
0 
0 
0 
0 
0 
0 
0 
0 
0 
0 
0 
0 
0 
0 
0 
0 
0 
0 
0 
0 
0 
0 
0 
0 
0 
0 
0 
0 
0 
0 
0 
0 
0 
0 
0 
0 
0 
0 
0 
0 
0 
0 
0 
0 
0 
0 
0 
0 
0 
0 
0 
0 
0 
0 
0 
0 
0 
0 
0 
0 
0 
0 
0 
0 
0 
0 
0 
0 
0 
0 
0 
0 
0 
0 
0 
0 
0 
0 
0 
0 
0 
0 
0 
0 
0 
0 
0 
0 
0 
0 
0 
0 
0 
0 
0 
0 
0 
0 
0 
0 
0 
0 
0 
0 
0 
0 
0 
0 
0 
0 
0 
0 
0 
0 
0 
0 
0 
0 
0 
0 
0 
0 
0 
0 
0 
0 
0 
0 
0 
0 
0 
0 
0 
0 
0 
0 
0 
0 
0 
0 
0 
0 
0 
0 
0 
0 
0 
0 
0 
0 
0 
0 
0 
0 
0 
0 
0 
0 
0 
0 
0 
0 
0 
0 
0 
0 
0 
0 
0 
0 
0 
0 
0 
0 
0 
0 
0 
0 
0 
0 
0 
0 
0 
0 
0 
0 
0 
0 
0 
0 
0 
0 
0 
0 
0 
0 
0 
0 
0 
0 
0 
0 
0 
0 
0 
0 
0 
0 
0 
0 
0 
0 
0 
0 
0 
0 
0 
0 
0 
0 
0 
0 
0 
0 
0 
0 
0 
0 
0 
0 
0 
0 
0 
0 
0 
0 
0 
0 
0 
0 
0 
0 
0 
0 
0 
0 
0 
0 
0 
0 
0 
0 
0 
0 
0 
0 
0 
0 
0 
0 
0 
0 
0 
0 
0 
0 
0 
0 
0 
0 
0 
0 
0 
0 
0 
0 
0 
0 
0 
0 
0 
0 
0 
0 
0 
0 
0 
0 
0 
0 
0 
0 
0 
0 
0 
0 
0 
0 
0 
0 
0 
0 
0 
0 
0 
0 
0 
0 
0 
0 
0 
0 
0 
0 
0 
0 
0 
0 
0 
0 
0 
0 
0 
0 
0 
0 
0 
0 
0 
0 
0 
0 
0 
0 
0 
0 
0 
0 
0 
0 
0 
0 
0 
0 
0 
0 
0 
0 
0 
0 
0 
0 
0 
0 
0 
0 
0 
0 
0 
0 
0 
0 
0 
0 
0 
0 
0 
0 
0 
0 
0 
0 
0 
0 
0 
0 
0 
0 
0 
0 
0 
0 
0 
0 
0 
0 
0 
0 
0 
0 
0 
0 
0 
0 
0 
0 
0 
0 
0 
0 
0 
0 
0 
0 
0 
0 
0 
0 
0 
0 
0 
0 
0 
0 
0 
0 
0 
0 
0 
0 
0 
0 
0 
0 
0 
0 
0 
0 
0 
0 
0 
0 
0 
0 
0 
0 
0 
0 
0 
0 
0 
0 
0 
0 
0 
0 
0 
0 
0 
0 
0 
0 
0 
0 
0 
0 
0 
0 
0 
0 
0 
0 
0 
0 
0 
0 
0 
0 
0 
0 
0 
0 
0 
0 
0 
0 
0 
0 
0 
0 
0 
0 
0 
0 
0 
0 
0 
0 
0 
0 
0 
0 
0 
0 
0 
0 
0 
0 
0 
0 
0 
0 
0 
0 
0 
0 
0 
0 
0 
0 
0 
0 
0 
0 
0 
0 
0 
0 
0 
0 
0 
0 
0 
0 
0 
0 
0 
0 
0 
0 
0 
0 
0 
0 
0 
0 
0 
0 
0 
0 
0 
0 
0 
0 
0 
0 
0 
0 
0 
0 
0 
0 
0 
0 
0 
0 
0 
0 
0 
0 
0 
0 
0 
0 
0 
0 
0 
0 
0 
0 
0 
0 
0 
0 
0 
0 
0 
0 
0 
0 
0 
0 
0 
0 
0 
0 
0 
0 
0 
0 
0 
0 
0 
0 
0 
0 
0 
0 
0 
0 
0 
0 
0 
0 
0 
0 
0 
0 
0 
0 
0 
0 
0 
0 
0 
0 
0 
0 
0 
0 
0 
0 
0 
0 
0 
0 
0 
0 
0 
0 
0 
0 
0 
0 
0 
0 
0 
0 
0 
0 
0 
0 
0 
0 
0 
0 
0 
0 
0 
0 
0 
0 
0 
0 
0 
0 
0 
0 
0 
0 
0 
0 
0 
0 
0 
0 
0 
0 
0 
0 
0 
0 
0 
0 
0 
0 
0 
0 
0 
0 
0 
0 
0 
0 
0 
0 
0 
0 
0 
0 
0 
0 
0 
0 
0 
0 
0 
0 
0 
0 
0 
0 
0 
0 
0 
0 
0 
0 
0 
0 
0 
0 
0 
0 
0 
0 
0 
0 
0 
0 
0 
0 
0 
0 
0 
0 
0 
0 
0 
0 
0 
0 
0 
0 
0 
0 
0 
0 
0 
0 
0 
0 
0 
0 
0 
0 
0 
0 
0 
0 
0 
0 
0 
0 
0 
0 
0 
0 
0 
0 
0 
0 
0 
0 
0 
0 
0 
0 
0 
0 
0 
0 
0 
0 
0 
0 
0 
0 
0 
0 
0 
0 
0 
0 
0 
0 
0 
0 
0 
0 
0 
0 
0 
0 
0 
0 
0 
0 
0 
0 
0 
0 
0 
0 
0 
0 
0 
0 
0 
0 
0 
0 
0 
0 
0 
0 
0 
0 
0 
0 
0 
0 
0 
0 
0 
0 
0 
0 
0 
0 
0 
0 
0 
0 
0 
0 
0 
0 
0 
0 
0 
0 
0 
0 
0 
0 
0 
0 
0 
0 
0 
0 
0 
0 
0 
0 
0 
0 
0 
0 
0 
0 
0 
0 
0 
0 
0 
0 
0 
0 
0 
0 
0 
0 
0 
0 
0 
0 
0 
0 
0 
0 
0 
0 
0 
0 
0 
0 
0 
0 
0 
0 
0 
0 
0 
0 
0 
0 
0 
0 
0 
0 
0 
0 
0 
0 
0 
0 
0 
0 
0 
0 
0 
0 
0 
0 
0 
0 
0 
0 
0 
0 
0 
0 
0 
0 
0 
0 
0 
0 
0 
0 
0 
0 
0 
0 
0 
0 
0 
0 
0 
0 
0 
0 
0 
0 
0 
0 
0 
0 
0 
0 
0 
0 
0 
0 
0 
0 
0 
0 
0 
0 
0 
0 
0 
0 
0 
0 
0 
0 
0 
0 
0 
0 
0 
0 
0 
0 
0 
0 
0 
0 
0 
0 
0 
0 
0 
0 
0 
0 
0 
0 
0 
0 
0 
0 
0 
0 
0 
0 
0 
0 
0 
0 
0 
0 
0 
0 
0 
0 
0 
0 
0 
0 
0 
0 
0 
0 
0 
0 
0 
0 
0 
0 
0 
0 
0 
0 
0 
0 
0 
0 
0 
0 
0 
0 
0 
0 
0 
0 
0 
0 
0 
0 
0 
0 
0 
0 
0 
0 
0 
0 
0 
0 
0 
0 
0 
0 
0 
0 
0 
0 
0 
0 
0 
0 
0 
0 
0 
0 
0 
0 
0 
0 
0 
0 
0 
0 
0 
0 
0 
0 
0 
0 
0 
0 
0 
0 
0 
0 
0 
0 
0 
0 
0 
0 
0 
0 
0 
0 
0 
0 
0 
0 
0 
0 
0 
0 
0 
0 
0 
0 
0 
0 
0 
0 
0 
0 
0 
0 
0 
0 
0 
0 
0 
0 
0 
0 
0 
0 
0 
0 
0 
0 
0 
0 
0 
0 
0 
0 
0 
0 
0 
0 
0 
0 
0 
0 
0 
0 
0 
0 
0 
0 
0 
0 
0 
0 
0 
0 
0 
0 
0 
0 
0 
0 
0 
0 
0 
0 
0 
0 
0 
0 
0 
0 
0 
0 
0 
0 
0 
0 
0 
0 
0 
0 
0 
0 
0 
0 
0 
0 
0 
0 
0 
0 
0 
0 
0 
0 
0 
0 
0 
0 
0 
0 
0 
0 
0 
0 
0 
0 
0 
0 
0 
0 
0 
0 
0 
0 
0 
0 
0 
0 
0 
0 
0 
0 
0 
0 
0 
0 
0 
0 
0 
0 
0 
0 
0 
0 
0 
0 
0 
0 
0 
0 
0 
0 
0 
0 
0 
0 
0 
0 
0 
0 
0 
0 
0 
0 
0 
0 
0 
0 
0 
0 
0 
0 
0 
0 
0 
0 
0 
0 
0 
0 
0 
0 
0 
0 
0 
0 
0 
0 
0 
0 
0 
0 
0 
0 
0 
0 
0 
0 
0 
0 
0 
0 
0 
0 
0 
0 
0 
0 
0 
0 
0 
0 
0 
0 
0 
0 
0 
0 
0 
0 
0 
0 
0 
0 
0 
0 
0 
0 
0 
0 
0 
0 
0 
0 
0 
0 
0 
0 
0 
0 
0 
0 
0 
0 
0 
0 
0 
0 
0 
0 
0 
0 
0 
0 
0 
0 
0 
0 
0 
0 
0 
0 
0 
0 
0 
0 
0 
0 
0 
0 
0 
0 
0 
0 
0 
0 
0 
0 
0 
0 
0 
0 
0 
0 
0 
0 
0 
0 
0 
0 
0 
0 
0 
0 
0 
0 
0 
0 
0 
0 
0 
0 
0 
0 
0 
0 
0 
0 
0 
0 
0 
0 
0 
0 
0 
0 
0 
0 
0 
0 
0 
0 
0 
0 
0 
0 
0 
0 
0 
0 
0 
0 
0 
0 
0 
0 
0 
0 
0 
0 
0 
0 
0 
0 
0 
0 
0 
0 
0 
0 
0 
0 
0 
0 
0 
0 
0 
0 
0 
0 
0 
0 
0 
0 
0 
0 
0 
0 
0 
0 
0 
0 
0 
0 
0 
0 
0 
0 
0 
0 
0 
0 
0 
0 
0 
0 
0 
0 
0 
0 
0 
0 
0 
0 
0 
0 
0 
0 
0 
0 
0 
0 
0 
0 
0 
0 
0 
0 
0 
0 
0 
0 
0 
0 
0 
0 
0 
0 
0 
0 
0 
0 
0 
0 
0 
0 
0 
0 
0 
0 
0 
0 
0 
0 
0 
0 
0 
0 
0 
0 
0 
0 
0 
0 
0 
0 
0 
0 
0 
0 
0 
0 
0 
0 
0 
0 
0 
0 
0 
0 
0 
0 
0 
0 
0 
0 
0 
0 
0 
0 
0 
0 
0 
0 
0 
0 
0 
0 
0 
0 
0 
0 
0 
0 
0 
0 
0 
0 
0 
0 
0 
0 
0 
0 
0 
0 
0 
0 
0 
0 
0 
0 
0 
0 
0 
0 
0 
0 
0 
0 
0 
0 
0 
0 
0 
0 
0 
0 
0 
0 
0 
0 
0 
0 
0 
0 
0 
0 
0 
0 
0 
0 
0 
0 
0 
0 
0 
0 
0 
0 
0 
0 
0 
0 
0 
0 
0 
0 
0 
0 
0 
0 
0 
0 
0 
0 
0 
0 
0 
0 
0 
0 
0 
0 
0 
0 
0 
0 
0 
0 
0 
0 
0 
0 
0 
0 
0 
0 
0 
0 
0 
0 
0 
0 
0 
0 
0 
0 
0 
0 
0 
0 
0 
0 
0 
0 
0 
0 
0 
0 
0 
0 
0 
0 
0 
0 
0 
0 
0 
0 
0 
0 
0 
0 
0 
0 
0 
0 
0 
0 
0 
0 
0 
0 
0 
0 
0 
0 
0 
0 
0 
0 
0 
0 
0 
0 
0 
0 
0 
0 
0 
0 
0 
0 
0 
0 
0 
0 
0 
0 
0 
0 
0 
0 
0 
0 
0 
0 
0 
0 
0 
0 
0 
0 
0 
0 
0 
0 
0 
0 
0 
0 
0 
0 
0 
0 
0 
0 
0 
0 
0 
0 
0 
0 
0 
0 
0 
0 
0 
0 
0 
0 
0 
0 
0 
0 
0 
0 
0 
0 
0 
0 
0 
0 
0 
0 
0 
0 
0 
0 
0 
0 
0 
0 
0 
0 
0 
0 
0 
0 
0 
0 
0 
0 
0 
0 
0 
0 
0 
0 
0 
0 
0 
0 
0 
0 
0 
0 
0 
0 
0 
0 
0 
0 
0 
0 
0 
0 
0 
0 
0 
0 
0 
0 
0 
0 
0 
0 
0 
0 
0 
0 
0 
0 
0 
0 
0 
0 
0 
0 
0 
0 
0 
0 
0 
0 
0 
0 
0 
0 
0 
0 
0 
0 
0 
0 
0 
0 
0 
0 
0 
0 
0 
0 
0 
0 
0 
0 
0 
0 
0 
0 
0 
0 
0 
0 
0 
0 
0 
0 
0 
0 
0 
0 
0 
0 
0 
0 
0 
0 
0 
0 
0 
0 
0 
0 
0 
0 
0 
0 
0 
0 
0 
0 
0 
0 
0 
0 
0 
0 
0 
0 
0 
0 
0 
0 
0 
0 
0 
0 
0 
0 
0 
0 
0 
0 
0 
0 
0 
0 
0 
0 
0 
0 
0 
0 
0 
0 
0 
0 
0 
0 
0 
0 
0 
0 
0 
0 
0 
0 
0 
0 
0 
0 
0 
0 
0 
0 
0 
0 
0 
0 
0 
0 
0 
0 
0 
0 
0 
0 
0 
0 
0 
0 
0 
0 
0 
0 
0 
0 
0 
0 
0 
0 
0 
0 
0 
0 
0 
0 
0 
0 
0 
0 
0 
0 
0 
0 
0 
0 
0 
0 
0 
0 
0 
0 
0 
0 
0 
0 
0 
0 
0 
0 
0 
0 
0 
0 
0 
0 
0 
0 
0 
0 
0 
0 
0 
0 
0 
0 
0 
0 
0 
0 
0 
0 
0 
0 
0 
0 
0 
0 
0 
0 
0 
0 
0 
0 
0 
0 
0 
0 
0 
0 
0 
0 
0 
0 
0 
0 
0 
0 
0 
0 
0 
0 
0 
0 
0 
0 
0 
0 
0 
0 
0 
0 
0 
0 
0 
0 
0 
0 
0 
0 
0 
0 
0 
0 
0 
0 
0 
0 
0 
0 
0 
0 
0 
0 
0 
0 
0 
0 
0 
0 
0 
0 
0 
0 
0 
0 
0 
0 
0 
0 
0 
0 
0 
0 
0 
0 
0 
0 
0 
0 
0 
0 
0 
0 
0 
0 
0 
0 
0 
0 
0 
0 
0 
0 
0 
0 
0 
0 
0 
0 
0 
0 
0 
0 
0 
0 
0 
0 
0 
0 
0 
0 
0 
0 
0 
0 
0 
0 
0 
0 
0 
0 
0 
0 
0 
0 
0 
0 
0 
0 
0 
0 
0 
0 
0 
0 
0 
0 
0 
0 
0 
0 
0 
0 
0 
0 
0 
0 
0 
0 
0 
0 
0 
0 
0 
0 
0 
0 
0 
0 
0 
0 
0 
0 
0 
0 
0 
0 
0 
0 
0 
0 
0 
0 
0 
0 
0 
0 
0 
0 
0 
0 
0 
0 
0 
0 
0 
0 
0 
0 
0 
0 
0 
0 
0 
0 
0 
0 
0 
0 
0 
0 
0 
0 
0 
0 
0 
0 
0 
0 
0 
0 
0 
0 
0 
0 
0 
0 
0 
0 
0 
0 
0 
0 
0 
0 
0 
0 
0 
0 
0 
0 
0 
0 
0 
0 
0 
0 
0 
0 
0 
0 
0 
0 
0 
0 
0 
0 
0 
0 
0 
0 
0 
0 
0 
0 
0 
0 
0 
0 
0 
0 
0 
0 
0 
0 
0 
0 
0 
0 
0 
0 
0 
0 
0 
0 
0 
0 
0 
0 
0 
0 
0 
0 
0 
0 
0 
0 
0 
0 
0 
0 
0 
0 
0 
0 
0 
0 
0 
0 
0 
0 
0 
0 
0 
0 
0 
0 
0 
0 
0 
0 
0 
0 
0 
0 
0 
0 
0 
0 
0 
0 
0 
0 
0 
0 
0 
0 
0 
0 
0 
0 
0 
0 
0 
0 
0 
0 
0 
0 
0 
0 
0 
0 
0 
0 
0 
0 
0 
0 
0 
0 
0 
0 
0 
0 
0 
0 
0 
0 
0 
0 
0 
0 
0 
0 
0 
0 
0 
0 
0 
0 
0 
0 
0 
0 
0 
0 
0 
0 
0 
0 
0 
0 
0 
0 
0 
0 
0 
0 
0 
0 
0 
0 
0 
0 
0 
0 
0 
0 
0 
0 
0 
0 
0 
0 
0 
0 
0 
0 
0 
0 
0 
0 
0 
0 
0 
0 
0 
0 
0 
0 
0 
0 
0 
0 
0 
0 
0 
0 
0 
0 
0 
0 
0 
0 
0 
0 
0 
0 
0 
0 
0 
0 
0 
0 
0 
0 
0 
0 
0 
0 
0 
0 
0 
0 
0 
0 
0 
0 
0 
0 
0 
0 
0 
0 
0 
0 
0 
0 
0 
0 
0 
0 
0 
0 
0 
0 
0 
0 
0 
0 
0 
0 
0 
0 
0 
0 
0 
0 
0 
0 
0 
0 
0 
0 
0 
0 
0 
0 
0 
0 
0 
0 
0 
0 
0 
0 
0 
0 
0 
0 
0 
0 
0 
0 
0 
0 
0 
0 
0 
0 
0 
0 
0 
0 
0 
0 
0 
0 
0 
0 
0 
0 
0 
0 
0 
0 
0 
0 
0 
0 
0 
0 
0 
0 
0 
0 
0 
0 
0 
0 
0 
0 
0 
0 
0 
0 
0 
0 
0 
0 
0 
0 
0 
0 
0 
0 
0 
0 
0 
0 
0 
0 
0 
0 
0 
0 
0 
0 
0 
0 
0 
0 
0 
0 
0 
0 
0 
0 
0 
0 
0 
0 
0 
0 
0 
0 
0 
0 
0 
0 
0 
0 
0 
0 
0 
0 
0 
0 
0 
0 
0 
0 
0 
0 
0 
0 
0 
0 
0 
0 
0 
0 
0 
0 
0 
0 
0 
0 
0 
0 
0 
0 
0 
0 
0 
0 
0 
0 
0 
0 
0 
0 
0 
0 
0 
0 
0 
0 
0 
0 
0 
0 
0 
0 
0 
0 
0 
0 
0 
0 
0 
0 
0 
0 
0 
0 
0 
0 
0 
0 
0 
0 
0 
0 
0 
0 
0 
0 
0 
0 
0 
0 
0 
0 
0 
0 
0 
0 
0 
0 
0 
0 
0 
0 
0 
0 
0 
0 
0 
0 
0 
0 
0 
0 
0 
0 
0 
0 
0 
0 
0 
0 
0 
0 
0 
0 
0 
0 
0 
0 
0 
0 
0 
0 
0 
0 
0 
0 
0 
0 
0 
0 
0 
0 
0 
0 
0 
0 
0 
0 
0 
0 
0 
0 
0 
0 
0 
0 
0 
0 
0 
0 
0 
0 
0 
0 
0 
0 
0 
0 
0 
0 
0 
0 
0 
0 
0 
0 
0 
0 
0 
0 
0 
0 
0 
0 
0 
0 
0 
0 
0 
0 
0 
0 
0 
0 
0 
0 
0 
0 
0 
0 
0 
0 
0 
0 
0 
0 
0 
0 
0 
0 
0 
0 
0 
0 
0 
0 
0 
0 
0 
0 
0 
0 
0 
0 
0 
0 
0 
0 
0 
0 
0 
0 
0 
0 
0 
0 
0 
0 
0 
0 
0 
0 
0 
0 
0 
0 
0 
0 
0 
0 
0 
0 
0 
0 
0 
0 
0 
0 
0 
0 
0 
0 
0 
0 
0 
0 
0 
0 
0 
0 
0 
0 
0 
0 
0 
0 
0 
0 
0 
0 
0 
0 
0 
0 
0 
0 
0 
0 
0 
0 
0 
0 
0 
0 
0 
0 
0 
0 
0 
0 
0 
0 
0 
0 
0 
0 
0 
0 
0 
0 
0 
0 
0 
0 
0 
0 
0 
0 
0 
0 
0 
0 
0 
0 
0 
0 
0 
0 
0 
0 
0 
0 
0 
0 
0 
0 
0 
0 
0 
0 
0 
0 
0 
0 
0 
0 
0 
0 
0 
0 
0 
0 
0 
0 
0 
0 
0 
0 
0 
0 
0 
0 
0 
0 
0 
0 
0 
0 
0 
0 
0 
0 
0 
0 
0 
0 
0 
0 
0 
0 
0 
0 
0 
0 
0 
0 
0 
0 
0 
0 
0 
0 
0 
0 
0 
0 
0 
0 
0 
0 
0 
0 
0 
0 
0 
0 
0 
0 
0 
0 
0 
0 
0 
0 
0 
0 
0 
0 
0 
0 
0 
0 
0 
0 
0 
0 
0 
0 
0 
0 
0 
0 
0 
0 
0 
0 
0 
0 
0 
0 
0 
0 
0 
0 
0 
0 
0 
0 
0 
0 
0 
0 
0 
0 
0 
0 
0 
0 
0 
0 
0 
0 
0 
0 
0 
0 
0 
0 
0 
0 
0 
0 
0 
0 
0 
0 
0 
0 
0 
0 
0 
0 
0 
0 
0 
0 
0 
0 
0 
0 
0 
0 
0 
0 
0 
0 
0 
0 
0 
0 
0 
0 
0 
0 
0 
0 
0 
0 
0 
0 
0 
0 
0 
0 
0 
0 
0 
0 
0 
0 
0 
0 
0 
0 
0 
0 
0 
0 
0 
0 
0 
0 
0 
0 
0 
0 
0 
0 
0 
0 
0 
0 
0 
0 
0 
0 
0 
0 
0 
0 
0 
0 
0 
0 
0 
0 
0 
0 
0 
0 
0 
0 
0 
0 
0 
0 
0 
0 
0 
0 
0 
0 
0 
0 
0 
0 
0 
0 
0 
0 
0 
0 
0 
0 
0 
0 
0 
0 
0 
0 
0 
0 
0 
0 
0 
0 
0 
0 
0 
0 
0 
0 
0 
0 
0 
0 
0 
0 
0 
0 
0 
0 
0 
0 
0 
0 
0 
0 
0 
0 
0 
0 
0 
0 
0 
0 
0 
0 
0 
0 
0 
0 
0 
0 
0 
0 
0 
0 
0 
0 
0 
0 
0 
0 
0 
0 
0 
0 
0 
0 
0 
0 
0 
0 
0 
0 
0 
0 
0 
0 
0 
0 
0 
0 
0 
0 
0 
0 
0 
0 
0 
0 
0 
0 
0 
0 
0 
0 
0 
0 
0 
0 
0 
0 
0 
0 
0 
0 
0 
0 
0 
0 
0 
0 
0 
0 
0 
0 
0 
0 
0 
0 
0 
0 
0 
0 
0 
0 
0 
0 
0 
0 
0 
0 
0 
0 
0 
0 
0 
0 
0 
0 
0 
0 
0 
0 
0 
0 
0 
0 
0 
0 
0 
0 
0 
0 
0 
0 
0 
0 
0 
0 
0 
0 
0 
0 
0 
0 
0 
0 
0 
0 
0 
0 
0 
0 
0 
0 
0 
0 
0 
0 
0 
0 
0 
0 
0 
0 
0 
0 
0 
0 
0 
0 
0 
0 
0 
0 
0 
0 
0 
0 
0 
0 
0 
0 
0 
0 
0 
0 
0 
0 
0 
0 
0 
0 
0 
0 
0 
0 
0 
0 
0 
0 
0 
0 
0 
0 
0 
0 
0 
0 
0 
0 
0 
0 
0 
0 
0 
0 
0 
0 
0 
0 
0 
0 
0 
0 
0 
0 
0 
0 
0 
0 
0 
0 
0 
0 
0 
0 
0 
0 
0 
0 
0 
0 
0 
0 
0 
0 
0 
0 
0 
0 
0 
0 
0 
0 
0 
0 
0 
0 
0 
0 
0 
0 
0 
0 
0 
0 
0 
0 
0 
0 
0 
0 
0 
0 
0 
0 
0 
0 
0 
0 
0 
0 
0 
0 
0 
0 
0 
0 
0 
0 
0 
0 
0 
0 
0 
0 
0 
0 
0 
0 
0 
0 
0 
0 
0 
0 
0 
0 
0 
0 
0 
0 
0 
0 
0 
0 
0 
0 
0 
0 
0 
0 
0 
0 
0 
0 
0 
0 
0 
0 
0 
0 
0 
0 
0 
0 
0 
0 
0 
0 
0 
0 
0 
0 
0 
0 
0 
0 
0 
0 
0 
0 
0 
0 
0 
0 
0 
0 
0 
0 
0 
0 
0 
0 
0 
0 
0 
0 
0 
0 
0 
0 
0 
0 
0 
0 
0 
0 
0 
0 
0 
0 
0 
0 
0 
0 
0 
0 
0 
0 
0 
0 
0 
0 
0 
0 
0 
0 
0 
0 
0 
0 
0 
0 
0 
0 
0 
0 
0 
0 
0 
0 
0 
0 
0 
0 
0 
0 
0 
0 
0 
0 
0 
0 
0 
0 
0 
0 
0 
0 
0 
0 
0 
0 
0 
0 
0 
0 
0 
0 
0 
0 
0 
0 
0 
0 
0 
0 
0 
0 
0 
0 
0 
0 
0 
0 
0 
0 
0 
0 
0 
0 
0 
0 
0 
0 
0 
0 
0 
0 
0 
0 
0 
0 
0 
0 
0 
0 
0 
0 
0 
0 
0 
0 
0 
0 
0 
0 
0 
0 
0 
0 
0 
0 
0 
0 
0 
0 
0 
0 
0 
0 
0 
0 
0 
0 
0 
0 
0 
0 
0 
0 
0 
0 
0 
0 
0 
0 
0 
0 
0 
0 
0 
0 
0 
0 
0 
0 
0 
0 
0 
0 
0 
0 
0 
0 
0 
0 
0 
0 
0 
0 
0 
0 
0 
0 
0 
0 
0 
0 
0 
0 
0 
0 
0 
0 
0 
0 
0 
0 
0 
0 
0 
0 
0 
0 
0 
0 
0 
0 
0 
0 
0 
0 
0 
0 
0 
0 
0 
0 
0 
0 
0 
0 
0 
0 
0 
0 
0 
0 
0 
0 
0 
0 
0 
0 
0 
0 
0 
0 
0 
0 
0 
0 
0 
0 
0 
0 
0 
0 
0 
0 
0 
0 
0 
0 
0 
0 
0 
0 
0 
0 
0 
0 
0 
0 
0 
0 
0 
0 
0 
0 
0 
0 
0 
0 
0 
0 
0 
0 
0 
0 
0 
0 
0 
0 
0 
0 
0 
0 
0 
0 
0 
0 
0 
0 
0 
0 
0 
0 
0 
0 
0 
0 
0 
0 
0 
0 
0 
0 
0 
0 
0 
0 
0 
0 
0 
0 
0 
0 
0 
0 
0 
0 
0 
0 
0 
0 
0 
0 
0 
0 
0 
0 
0 
0 
0 
0 
0 
0 
0 
0 
0 
0 
0 
0 
0 
0 
0 
0 
0 
0 
0 
0 
0 
0 
0 
0 
0 
0 
0 
0 
0 
0 
0 
0 
0 
0 
0 
0 
0 
0 
0 
0 
0 
0 
0 
0 
0 
0 
0 
0 
0 
0 
0 
0 
0 
0 
0 
0 
0 
0 
0 
0 
0 
0 
0 
0 
0 
0 
0 
0 
0 
0 
0 
0 
0 
0 
0 
0 
0 
0 
0 
0 
0 
0 
0 
0 
0 
0 
0 
0 
0 
0 
0 
0 
0 
0 
0 
0 
0 
0 
0 
0 
0 
0 
0 
0 
0 
0 
0 
0 
0 
0 
0 
0 
0 
0 
0 
0 
0 
0 
0 
0 
0 
0 
0 
0 
0 
0 
0 
0 
0 
0 
0 
0 
0 
0 
0 
0 
0 
0 
0 
0 
0 
0 
0 
0 
0 
0 
0 
0 
0 
0 
0 
0 
0 
0 
0 
0 
0 
0 
0 
0 
0 
0 
0 
0 
0 
0 
0 
0 
0 
0 
0 
0 
0 
0 
0 
0 
0 
0 
0 
0 
0 
0 
0 
0 
0 
0 
0 
0 
0 
0 
0 
0 
0 
0 
0 
0 
0 
0 
0 
0 
0 
0 
0 
0 
0 
0 
0 
0 
0 
0 
0 
0 
0 
0 
0 
0 
0 
0 
0 
0 
0 
0 
0 
0 
0 
0 
0 
0 
0 
0 
0 
0 
0 
0 
0 
0 
0 
0 
0 
0 
0 
0 
0 
0 
0 
0 
0 
0 
0 
0 
0 
0 
0 
0 
0 
0 
0 
0 
0 
0 
0 
0 
0 
0 
0 
0 
0 
0 
0 
0 
0 
0 
0 
0 
0 
0 
0 
0 
0 
0 
0 
0 
0 
0 
0 
0 
0 
0 
0 
0 
0 
0 
0 
0 
0 
0 
0 
0 
0 
0 
0 
0 
0 
0 
0 
0 
0 
0 
0 
0 
0 
0 
0 
0 
0 
0 
0 
0 
0 
0 
0 
0 
0 
0 
0 
0 
0 
0 
0 
0 
0 
0 
0 
0 
0 
0 
0 
0 
0 
0 
0 
0 
0 
0 
0 
0 
0 
0 
0 
0 
0 
0 
0 
0 
0 
0 
0 
0 
0 
0 
0 
0 
0 
0 
0 
0 
0 
0 
0 
0 
0 
0 
0 
0 
0 
0 
0 
0 
0 
0 
0 
0 
0 
0 
0 
0 
0 
0 
0 
0 
0 
0 
0 
0 
0 
0 
0 
0 
0 
0 
0 
0 
0 
0 
0 
0 
0 
0 
0 
0 
0 
0 
0 
0 
0 
0 
0 
0 
0 
0 
0 
0 
0 
0 
0 
0 
0 
0 
0 
0 
0 
0 
0 
0 
0 
0 
0 
0 
0 
0 
0 
0 
0 
0 
0 
0 
0 
0 
0 
0 
0 
0 
0 
0 
0 
0 
0 
0 
0 
0 
0 
0 
0 
0 
0 
0 
0 
0 
0 
0 
0 
0 
0 
0 
0 
0 
0 
0 
0 
0 
0 
0 
0 
0 
0 
0 
0 
0 
0 
0 
0 
0 
0 
0 
0 
0 
0 
0 
0 
0 
0 
0 
0 
0 
0 
0 
0 
0 
0 
0 
0 
0 
0 
0 
0 
0 
0 
0 
0 
0 
0 
0 
0 
0 
0 
0 
0 
0 
0 
0 
0 
0 
0 
0 
0 
0 
0 
0 
0 
0 
0 
0 
0 
0 
0 
0 
0 
0 
0 
0 
0 
0 
0 
0 
0 
0 
0 
0 
0 
0 
0 
0 
0 
0 
0 
0 
0 
0 
0 
0 
0 
0 
0 
0 
0 
0 
0 
0 
0 
0 
0 
0 
0 
0 
0 
0 
0 
0 
0 
0 
0 
0 
0 
0 
0 
0 
0 
0 
0 
0 
0 
0 
0 
0 
0 
0 
0 
0 
0 
0 
0 
0 
0 
0 
0 
0 
0 
0 
0 
0 
0 
0 
0 
0 
0 
0 
0 
0 
0 
0 
0 
0 
0 
0 
0 
0 
0 
0 
0 
0 
0 
0 
0 
0 
0 
0 
0 
0 
0 
0 
0 
0 
0 
0 
0 
0 
0 
0 
0 
0 
0 
0 
0 
0 
0 
0 
0 
0 
0 
0 
0 
0 
0 
0 
0 
0 
0 
0 
0 
0 
0 
0 
0 
0 
0 
0 
0 
0 
0 
0 
0 
0 
0 
0 
0 
0 
0 
0 
0 
0 
0 
0 
0 
0 
0 
0 
0 
0 
0 
0 
0 
0 
0 
0 
0 
0 
0 
0 
0 
0 
0 
0 
0 
0 
0 
0 
0 
0 
0 
0 
0 
0 
0 
0 
0 
0 
0 
0 
0 
0 
0 
0 
0 
0 
0 
0 
0 
0 
0 
0 
0 
0 
0 
0 
0 
0 
0 
0 
0 
0 
0 
0 
0 
0 
0 
0 
0 
0 
0 
0 
0 
0 
0 
0 
0 
0 
0 
0 
0 
0 
0 
0 
0 
0 
0 
0 
0 
0 
0 
0 
0 
0 
0 
0 
0 
0 
0 
0 
0 
0 
0 
0 
0 
0 
0 
0 
0 
0 
0 
0 
0 
0 
0 
0 
0 
0 
0 
0 
0 
0 
0 
0 
0 
0 
0 
0 
0 
0 
0 
0 
0 
0 
0 
0 
0 
0 
0 
0 
0 
0 
0 
0 
0 
0 
0 
0 
0 
0 
0 
0 
0 
0 
0 
0 
0 
0 
0 
0 
0 
0 
0 
0 
0 
0 
0 
0 
0 
0 
0 
0 
0 
0 
0 
0 
0 
0 
0 
0 
0 
0 
0 
0 
0 
0 
0 
0 
0 
0 
0 
0 
0 
0 
0 
0 
0 
0 
0 
0 
0 
0 
0 
0 
0 
0 
0 
0 
0 
0 
0 
0 
0 
0 
0 
0 
0 
0 
0 
0 
0 
0 
0 
0 
0 
0 
0 
0 
0 
0 
0 
0 
0 
0 
0 
0 
0 
0 
0 
0 
0 
0 
0 
0 
0 
0 
0 
0 
0 
0 
0 
0 
0 
0 
0 
0 
0 
0 
0 
0 
0 
0 
0 
0 
0 
0 
0 
0 
0 
0 
0 
0 
0 
0 
0 
0 
0 
0 
0 
0 
0 
0 
0 
0 
0 
0 
0 
0 
0 
0 
0 
0 
0 
0 
0 
0 
0 
0 
0 
0 
0 
0 
0 
0 
0 
0 
0 
0 
0 
0 
0 
0 
0 
0 
0 
0 
0 
0 
0 
0 
0 
0 
0 
0 
0 
0 
0 
0 
0 
0 
0 
0 
0 
0 
0 
0 
0 
0 
0 
0 
0 
0 
0 
0 
0 
0 
0 
0 
0 
0 
0 
0 
0 
0 
0 
0 
0 
0 
0 
0 
0 
0 
0 
0 
0 
0 
0 
0 
0 
0 
0 
0 
0 
0 
0 
0 
0 
0 
0 
0 
0 
0 
0 
0 
0 
0 
0 
0 
0 
0 
0 
0 
0 
0 
0 
0 
0 
0 
0 
0 
0 
0 
0 
0 
0 
0 
0 
0 
0 
0 
0 
0 
0 
0 
0 
0 
0 
0 
0 
0 
0 
0 
0 
0 
0 
0 
0 
0 
0 
0 
0 
0 
0 
0 
0 
0 
0 
0 
0 
0 
0 
0 
0 
0 
0 
0 
0 
0 
0 
0 
0 
0 
0 
0 
0 
0 
0 
0 
0 
0 
0 
0 
0 
0 
0 
0 
0 
0 
0 
0 
0 
0 
0 
0 
0 
0 
0 
0 
0 
0 
0 
0 
0 
0 
0 
0 
0 
0 
0 
0 
0 
0 
0 
0 
0 
0 
0 
0 
0 
0 
0 
0 
0 
0 
0 
0 
0 
0 
0 
0 
0 
0 
0 
0 
0 
0 
0 
0 
0 
0 
0 
0 
0 
0 
0 
0 
0 
0 
0 
0 
0 
0 
0 
0 
0 
0 
0 
0 
0 
0 
0 
0 
0 
0 
0 
0 
0 
0 
0 
0 
0 
0 
0 
0 
0 
0 
0 
0 
0 
0 
0 
0 
0 
0 
0 
0 
0 
0 
0 
0 
0 
0 
0 
0 
0 
0 
0 
0 
0 
0 
0 
0 
0 
0 
0 
0 
0 
0 
0 
0 
0 
0 
0 
0 
0 
0 
0 
0 
0 
0 
0 
0 
0 
0 
0 
0 
0 
0 
0 
0 
0 
0 
0 
0 
0 
0 
0 
0 
0 
0 
0 
0 
0 
0 
0 
0 
0 
0 
0 
0 
0 
0 
0 
0 
0 
0 
0 
0 
0 
0 
0 
0 
0 
0 
0 
0 
0 
0 
0 
0 
0 
0 
0 
0 
0 
0 
0 
0 
0 
0 
0 
0 
0 
0 
0 
0 
0 
0 
0 
0 
0 
0 
0 
0 
0 
0 
0 
0 
0 
0 
0 
0 
0 
0 
0 
0 
0 
0 
0 
0 
0 
0 
0 
0 
0 
0 
0 
0 
0 
0 
0 
0 
0 
0 
0 
0 
0 
0 
0 
0 
0 
0 
0 
0 
0 
0 
0 
0 
0 
0 
0 
0 
0 
0 
0 
0 
0 
0 
0 
0 
0 
0 
0 
0 
0 
0 
0 
0 
0 
0 
0 
0 
0 
0 
0 
0 
0 
0 
0 
0 
0 
0 
0 
0 
0 
0 
0 
0 
0 
0 
0 
0 
0 
0 
0 
0 
0 
0 
0 
0 
0 
0 
0 
0 
0 
0 
0 
0 
0 
0 
0 
0 
0 
0 
0 
0 
0 
0 
0 
0 
0 
0 
0 
0 
0 
0 
0 
0 
0 
0 
0 
0 
0 
0 
0 
0 
0 
0 
0 
0 
0 
0 
0 
0 
0 
0 
0 
0 
0 
0 
0 
0 
0 
0 
0 
0 
0 
0 
0 
0 
0 
0 
0 
0 
0 
0 
0 
0 
0 
0 
0 
0 
0 
0 
0 
0 
0 
0 
0 
0 
0 
0 
0 
0 
0 
0 
0 
0 
0 
0 
0 
0 
0 
0 
0 
0 
0 
0 
0 
0 
0 
0 
0 
0 
0 
0 
0 
0 
0 
0 
0 
0 
0 
0 
0 
0 
0 
0 
0 
0 
0 
0 
0 
0 
0 
0 
0 
0 
0 
0 
0 
0 
0 
0 
0 
0 
0 
0 
0 
0 
0 
0 
0 
0 
0 
0 
0 
0 
0 
0 
0 
0 
0 
0 
0 
0 
0 
0 
0 
0 
0 
0 
0 
0 
0 
0 
0 
0 
0 
0 
0 
0 
0 
0 
0 
0 
0 
0 
0 
0 
0 
0 
0 
0 
0 
0 
0 
0 
0 
0 
0 
0 
0 
0 
0 
0 
0 
0 
0 
0 
0 
0 
0 
0 
0 
0 
0 
0 
0 
0 
0 
0 
0 
0 
0 
0 
0 
0 
0 
0 
0 
0 
0 
0 
0 
0 
0 
0 
0 
0 
0 
0 
0 
0 
0 
0 
0 
0 
0 
0 
0 
0 
0 
0 
0 
0 
0 
0 
0 
0 
0 
0 
0 
0 
0 
0 
0 
0 
0 
0 
0 
0 
0 
0 
0 
0 
0 
0 
0 
0 
0 
0 
0 
0 
0 
0 
0 
0 
0 
0 
0 
0 
0 
0 
0 
0 
0 
0 
0 
0 
0 
0 
0 
0 
0 
0 
0 
0 
0 
0 
0 
0 
0 
0 
0 
0 
0 
0 
0 
0 
0 
0 
0 
0 
0 
0 
0 
0 
0 
0 
0 
0 
0 
0 
0 
0 
0 
0 
0 
0 
0 
0 
0 
0 
0 
0 
0 
0 
0 
0 
0 
0 
0 
0 
0 
0 
0 
0 
0 
0 
0 
0 
0 
0 
0 
0 
0 
0 
0 
0 
0 
0 
0 
0 
0 
0 
0 
0 
0 
0 
0 
0 
0 
0 
0 
0 
0 
0 
0 
0 
0 
0 
0 
0 
0 
0 
0 
0 
0 
0 
0 
0 
0 
0 
0 
0 
0 
0 
0 
0 
0 
0 
0 
0 
0 
0 
0 
0 
0 
0 
0 
0 
0 
0 
0 
0 
0 
0 
0 
0 
0 
0 
0 
0 
0 
0 
0 
0 
0 
0 
0 
0 
0 
0 
0 
0 
0 
0 
0 
0 
0 
0 
0 
0 
0 
0 
0 
0 
0 
0 
0 
0 
0 
0 
0 
0 
0 
0 
0 
0 
0 
0 
0 
0 
0 
0 
0 
0 
0 
0 
0 
0 
0 
0 
0 
0 
0 
0 
0 
0 
0 
0 
0 
0 
0 
0 
0 
0 
0 
0 
0 
0 
0 
0 
0 
0 
0 
0 
0 
0 
0 
0 
0 
0 
0 
0 
0 
0 
0 
0 
0 
0 
0 
0 
0 
0 
0 
0 
0 
0 
0 
0 
0 
0 
0 
0 
0 
0 
0 
0 
0 
0 
0 
0 
0 
0 
0 
0 
0 
0 
0 
0 
0 
0 
0 
0 
0 
0 
0 
0 
0 
0 
0 
0 
0 
0 
0 
0 
0 
0 
0 
0 
0 
0 
0 
0 
0 
0 
0 
0 
0 
0 
0 
0 
0 
0 
0 
0 
0 
0 
0 
0 
0 
0 
0 
0 
0 
0 
0 
0 
0 
0 
0 
0 
0 
0 
0 
0 
0 
0 
0 
0 
0 
0 
0 
0 
0 
0 
0 
0 
0 
0 
0 
0 
0 
0 
0 
0 
0 
0 
0 
0 
0 
0 
0 
0 
0 
0 
0 
0 
0 
0 
0 
0 
0 
0 
0 
0 
0 
0 
0 
0 
0 
0 
0 
0 
0 
0 
0 
0 
0 
0 
0 
0 
0 
0 
0 
0 
0 
0 
0 
0 
0 
0 
0 
0 
0 
0 
0 
0 
0 
0 
0 
0 
0 
0 
0 
0 
0 
0 
0 
0 
0 
0 
0 
0 
0 
0 
0 
0 
0 
0 
0 
0 
0 
0 
0 
0 
0 
0 
0 
0 
0 
0 
0 
0 
0 
0 
0 
0 
0 
0 
0 
0 
0 
0 
0 
0 
0 
0 
0 
0 
0 
0 
0 
0 
0 
0 
0 
0 
0 
0 
0 
0 
0 
0 
0 
0 
0 
0 
0 
0 
0 
0 
0 
0 
0 
0 
0 
0 
0 
0 
0 
0 
0 
0 
0 
0 
0 
0 
0 
0 
0 
0 
0 
0 
0 
0 
0 
0 
0 
0 
0 
0 
0 
0 
0 
0 
0 
0 
0 
0 
0 
0 
0 
0 
0 
0 
0 
0 
0 
0 
0 
0 
0 
0 
0 
0 
0 
0 
0 
0 
0 
0 
0 
0 
0 
0 
0 
0 
0 
0 
0 
0 
0 
0 
0 
0 
0 
0 
0 
0 
0 
0 
0 
0 
0 
0 
0 
0 
0 
0 
0 
0 
0 
0 
0 
0 
0 
0 
0 
0 
0 
0 
0 
0 
0 
0 
0 
0 
0 
0 
0 
0 
0 
0 
0 
0 
0 
0 
0 
0 
0 
0 
0 
0 
0 
0 
0 
0 
0 
0 
0 
0 
0 
0 
0 
0 
0 
0 
0 
0 
0 
0 
0 
0 
0 
0 
0 
0 
0 
0 
0 
0 
0 
0 
0 
0 
0 
0 
0 
0 
0 
0 
0 
0 
0 
0 
0 
0 
0 
0 
0 
0 
0 
0 
0 
0 
0 
0 
0 
0 
0 
0 
0 
0 
0 
0 
0 
0 
0 
0 
0 
0 
0 
0 
0 
0 
0 
0 
0 
0 
0 
0 
0 
0 
0 
0 
0 
0 
0 
0 
0 
0 
0 
0 
0 
0 
0 
0 
0 
0 
0 
0 
0 
0 
0 
0 
0 
0 
0 
0 
0 
0 
0 
0 
0 
0 
0 
0 
0 
0 
0 
0 
0 
0 
0 
0 
0 
0 
0 
0 
0 
0 
0 
0 
0 
0 
0 
0 
0 
0 
0 
0 
0 
0 
0 
0 
0 
0 
0 
0 
0 
0 
0 
0 
0 
0 
0 
0 
0 
0 
0 
0 
0 
0 
0 
0 
0 
0 
0 
0 
0 
0 
0 
0 
0 
0 
0 
0 
0 
0 
0 
0 
0 
0 
0 
0 
0 
0 
0 
0 
0 
0 
0 
0 
0 
0 
0 
0 
0 
0 
0 
0 
0 
0 
0 
0 
0 
0 
0 
0 
0 
0 
0 
0 
0 
0 
0 
0 
0 
0 
0 
0 
0 
0 
0 
0 
0 
0 
0 
0 
0 
0 
0 
0 
0 
0 
0 
0 
0 
0 
0 
0 
0 
0 
0 
0 
0 
0 
0 
0 
0 
0 
0 
0 
0 
0 
0 
0 
0 
0 
0 
0 
0 
0 
0 
0 
0 
0 
0 
0 
0 
0 
0 
0 
0 
0 
0 
0 
0 
0 
0 
0 
0 
0 
0 
0 
0 
0 
0 
0 
0 
0 
0 
0 
0 
0 
0 
0 
0 
0 
0 
0 
0 
0 
0 
0 
0 
0 
0 
0 
0 
0 
0 
0 
0 
0 
0 
0 
0 
0 
0 
0 
0 
0 
0 
0 
0 
0 
0 
0 
0 
0 
0 
0 
0 
0 
0 
0 
0 
0 
0 
0 
0 
0 
0 
0 
0 
0 
0 
0 
0 
0 
0 
0 
0 
0 
0 
0 
0 
0 
0 
0 
0 
0 
0 
0 
0 
0 
0 
0 
0 
0 
0 
0 
0 
0 
0 
0 
0 
0 
0 
0 
0 
0 
0 
0 
0 
0 
0 
0 
0 
0 
0 
0 
0 
0 
0 
0 
0 
0 
0 
0 
0 
0 
0 
0 
0 
0 
0 
0 
0 
0 
0 
0 
0 
0 
0 
0 
0 
0 
0 
0 
0 
0 
0 
0 
0 
0 
0 
0 
0 
0 
0 
0 
0 
0 
0 
0 
0 
0 
0 
0 
0 
0 
0 
0 
0 
0 
0 
0 
0 
0 
0 
0 
0 
0 
0 
0 
0 
0 
0 
0 
0 
0 
0 
0 
0 
0 
0 
0 
0 
0 
0 
0 
0 
0 
0 
0 
0 
0 
0 
0 
0 
0 
0 
0 
0 
0 
0 
0 
0 
0 
0 
0 
0 
0 
0 
0 
0 
0 
0 
0 
0 
0 
0 
0 
0 
0 
0 
0 
0 
0 
0 
0 
0 
0 
0 
0 
0 
0 
0 
0 
0 
0 
0 
0 
0 
0 
0 
0 
0 
0 
0 
0 
0 
0 
0 
0 
0 
0 
0 
0 
0 
0 
0 
0 
0 
0 
0 
0 
0 
0 
0 
0 
0 
0 
0 
0 
0 
0 
0 
0 
0 
0 
0 
0 
0 
0 
0 
0 
0 
0 
0 
0 
0 
0 
0 
0 
0 
0 
0 
0 
0 
0 
0 
0 
0 
0 
0 
0 
0 
0 
0 
0 
0 
0 
0 
0 
0 
0 
0 
0 
0 
0 
0 
0 
0 
0 
0 
0 
0 
0 
0 
0 
0 
0 
0 
0 
0 
0 
0 
0 
0 
0 
0 
0 
0 
0 
0 
0 
0 
0 
0 
0 
0 
0 
0 
0 
0 
0 
0 
0 
0 
0 
0 
0 
0 
0 
0 
0 
0 
0 
0 
0 
0 
0 
0 
0 
0 
0 
0 
0 
0 
0 
0 
0 
0 
0 
0 
0 
0 
0 
0 
0 
0 
0 
0 
0 
0 
0 
0 
0 
0 
0 
0 
0 
0 
0 
0 
0 
0 
0 
0 
0 
0 
0 
0 
0 
0 
0 
0 
0 
0 
0 
0 
0 
0 
0 
0 
0 
0 
0 
0 
0 
0 
0 
0 
0 
0 
0 
0 
0 
0 
0 
0 
0 
0 
0 
0 
0 
0 
0 
0 
0 
0 
0 
0 
0 
0 
0 
0 
0 
0 
0 
0 
0 
0 
0 
0 
0 
0 
0 
0 
0 
0 
0 
0 
0 
0 
0 
0 
0 
0 
0 
0 
0 
0 
0 
0 
0 
0 
0 
0 
0 
0 
0 
0 
0 
0 
0 
0 
0 
0 
0 
0 
0 
0 
0 
0 
0 
0 
0 
0 
0 
0 
0 
0 
0 
0 
0 
0 
0 
0 
0 
0 
0 
0 
0 
0 
0 
0 
0 
0 
0 
0 
0 
0 
0 
0 
0 
0 
0 
0 
0 
0 
0 
0 
0 
0 
0 
0 
0 
0 
0 
0 
0 
0 
0 
0 
0 
0 
0 
0 
0 
0 
0 
0 
0 
0 
0 
0 
0 
0 
0 
0 
0 
0 
0 
0 
0 
0 
0 
0 
0 
0 
0 
0 
0 
0 
0 
0 
0 
0 
0 
0 
0 
0 
0 
0 
0 
0 
0 
0 
0 
0 
0 
0 
0 
0 
0 
0 
0 
0 
0 
0 
0 
0 
0 
0 
0 
0 
0 
0 
0 
0 
0 
0 
0 
0 
0 
0 
0 
0 
0 
0 
0 
0 
0 
0 
0 
0 
0 
0 
0 
0 
0 
0 
0 
0 
0 
0 
0 
0 
0 
0 
0 
0 
0 
0 
0 
0 
0 
0 
0 
0 
0 
0 
0 
0 
0 
0 
0 
0 
0 
0 
0 
0 
0 
0 
0 
0 
0 
0 
0 
0 
0 
0 
0 
0 
0 
0 
0 
0 
0 
0 
0 
0 
0 
0 
0 
0 
0 
0 
0 
0 
0 
0 
0 
0 
0 
0 
0 
0 
0 
0 
0 
0 
0 
0 
0 
0 
0 
0 
0 
0 
0 
0 
0 
0 
0 
0 
0 
0 
0 
0 
0 
0 
0 
0 
0 
0 
0 
0 
0 
0 
0 
0 
0 
0 
0 
0 
0 
0 
0 
0 
0 
0 
0 
0 
0 
0 
0 
0 
0 
0 
0 
0 
0 
0 
0 
0 
0 
0 
0 
0 
0 
0 
0 
0 
0 
0 
0 
0 
0 
0 
0 
0 
0 
0 
0 
0 
0 
0 
0 
0 
0 
0 
0 
0 
0 
0 
0 
0 
0 
0 
0 
0 
0 
0 
0 
0 
0 
0 
0 
0 
0 
0 
0 
0 
0 
0 
0 
0 
0 
0 
0 
0 
0 
0 
0 
0 
0 
0 
0 
0 
0 
0 
0 
0 
0 
0 
0 
0 
0 
0 
0 
0 
0 
0 
0 
0 
0 
0 
0 
0 
0 
0 
0 
0 
0 
0 
0 
0 
0 
0 
0 
0 
0 
0 
0 
0 
0 
0 
0 
0 
0 
0 
0 
0 
0 
0 
0 
0 
0 
0 
0 
0 
0 
0 
0 
0 
0 
0 
0 
0 
0 
0 
0 
0 
0 
0 
0 
0 
0 
0 
0 
0 
0 
0 
0 
0 
0 
0 
0 
0 
0 
0 
0 
0 
0 
0 
0 
0 
0 
0 
0 
0 
0 
0 
0 
0 
0 
0 
0 
0 
0 
0 
0 
0 
0 
0 
0 
0 
0 
0 
0 
0 
0 
0 
0 
0 
0 
0 
0 
0 
0 
0 
0 
0 
0 
0 
0 
0 
0 
0 
0 
0 
0 
0 
0 
0 
0 
0 
0 
0 
0 
0 
0 
0 
0 
0 
0 
0 
0 
0 
0 
0 
0 
0 
0 
0 
0 
0 
0 
0 
0 
0 
0 
0 
0 
0 
0 
0 
0 
0 
0 
0 
0 
0 
0 
0 
0 
0 
0 
0 
0 
0 
0 
0 
0 
0 
0 
0 
0 
0 
0 
0 
0 
0 
0 
0 
0 
0 
0 
0 
0 
0 
0 
0 
0 
0 
0 
0 
0 
0 
0 
0 
0 
0 
0 
0 
0 
0 
0 
0 
0 
0 
0 
0 
0 
0 
0 
0 
0 
0 
0 
0 
0 
0 
0 
0 
0 
0 
0 
0 
0 
0 
0 
0 
0 
0 
0 
0 
0 
0 
0 
0 
0 
0 
0 
0 
0 
0 
0 
0 
0 
0 
0 
0 
0 
0 
0 
0 
0 
0 
0 
0 
0 
0 
0 
0 
0 
0 
0 
0 
0 
0 
0 
0 
0 
0 
0 
0 
0 
0 
0 
0 
0 
0 
0 
0 
0 
0 
0 
0 
0 
0 
0 
0 
0 
0 
0 
0 
0 
0 
0 
0 
0 
0 
0 
0 
0 
0 
0 
0 
0 
0 
0 
0 
0 
0 
0 
0 
0 
0 
0 
0 
0 
0 
0 
0 
0 
0 
0 
0 
0 
0 
0 
0 
0 
0 
0 
0 
0 
0 
0 
0 
0 
0 
0 
0 
0 
0 
0 
0 
0 
0 
0 
0 
0 
0 
0 
0 
0 
0 
0 
0 
0 
0 
0 
0 
0 
0 
0 
0 
0 
0 
0 
0 
0 
0 
0 
0 
0 
0 
0 
0 
0 
0 
0 
0 
0 
0 
0 
0 
0 
0 
0 
0 
0 
0 
0 
0 
0 
0 
0 
0 
0 
0 
0 
0 
0 
0 
0 
0 
0 
0 
0 
0 
0 
0 
0 
0 
0 
0 
0 
0 
0 
0 
0 
0 
0 
0 
0 
0 
0 
0 
0 
0 
0 
0 
0 
0 
0 
0 
0 
0 
0 
0 
0 
0 
0 
0 
0 
0 
0 
0 
0 
0 
0 
0 
0 
0 
0 
0 
0 
0 
0 
0 
0 
0 
0 
0 
0 
0 
0 
0 
0 
0 
0 
0 
0 
0 
0 
0 
0 
0 
0 
0 
0 
0 
0 
0 
0 
0 
0 
0 
0 
0 
0 
0 
0 
0 
0 
0 
0 
0 
0 
0 
0 
0 
0 
0 
0 
0 
0 
0 
0 
0 
0 
0 
0 
0 
0 
0 
0 
0 
0 
0 
0 
0 
0 
0 
0 
0 
0 
0 
0 
0 
0 
0 
0 
0 
0 
0 
0 
0 
0 
0 
0 
0 
0 
0 
0 
0 
0 
0 
0 
0 
0 
0 
0 
0 
0 
0 
0 
0 
0 
0 
0 
0 
0 
0 
0 
0 
0 
0 
0 
0 
0 
0 
0 
0 
0 
0 
0 
0 
0 
0 
0 
0 
0 
0 
0 
0 
0 
0 
0 
0 
0 
0 
0 
0 
0 
0 
0 
0 
0 
0 
0 
0 
0 
0 
0 
0 
0 
0 
0 
0 
0 
0 
0 
0 
0 
0 
0 
0 
0 
0 
0 
0 
0 
0 
0 
0 
0 
0 
0 
0 
0 
0 
0 
0 
0 
0 
0 
0 
0 
0 
0 
0 
0 
0 
0 
0 
0 
0 
0 
0 
0 
0 
0 
0 
0 
0 
0 
0 
0 
0 
0 
0 
0 
0 
0 
!IDEND=

