!FILE=Disk 
!KIND=Matrix 
!LABORATORY=Oslo Cyclotron Laboratory (OCL) 
!EXPERIMENT=siri2root 
!COMMENT=none
!TIME=2021-01-12 12:41:39
!CALIBRATION EkeV=6, 0.000000E+00, 1.000000E+00, 0.000000E+00
!PRECISION=16
!DIMENSION=1,0:20999
!CHANNEL=(0:20999)
84.511 
71.9305 
60.8015 
52.1715 
46.4442 
43.3286 
42.2514 
42.9328 
44.8274 
46.8856 
48.5706 
49.8939 
50.9218 
51.7508 
52.4731 
53.1699 
53.9281 
54.8454 
56.0176 
57.5125 
59.3446 
61.4638 
63.7589 
66.0751 
68.2476 
70.1462 
71.71 
72.9617 
74.0076 
75.0198 
76.1812 
77.6172 
79.3544 
81.3101 
83.3148 
85.1797 
86.7703 
88.0425 
89.0475 
89.9077 
90.7518 
91.6527 
92.6063 
93.5443 
94.3797 
95.06 
95.5884 
96.0269 
96.4797 
97.0425 
97.7501 
98.5596 
99.3668 
100.058 
100.568 
100.899 
101.131 
101.416 
101.93 
102.802 
104.063 
105.642 
107.377 
109.073 
110.569 
111.788 
112.756 
113.583 
114.429 
115.45 
116.772 
118.469 
120.562 
123.021 
125.76 
128.625 
131.388 
133.752 
135.424 
136.226 
136.098 
135.216 
134.159 
133.521 
133.519 
134.374 
136.386 
139.375 
142.735 
145.86 
148.32 
149.932 
150.779 
151.167 
151.499 
152.115 
153.171 
154.603 
156.166 
157.542 
158.488 
158.943 
159.065 
159.208 
159.829 
161.331 
163.911 
167.489 
171.686 
175.877 
179.435 
181.944 
183.2 
183.439 
183.272 
183.078 
182.961 
183.377 
184.893 
187.255 
189.791 
192.016 
193.5 
194.115 
194.12 
193.648 
192.931 
192.567 
192.904 
194.098 
196.378 
199.698 
203.623 
207.5 
210.685 
212.731 
213.44 
212.781 
211.057 
209.024 
207.436 
206.722 
207.015 
208.232 
210.056 
211.98 
213.547 
214.536 
214.932 
214.777 
214.367 
214.145 
214.177 
214.498 
215.334 
216.659 
218.255 
219.926 
221.511 
222.885 
223.955 
224.667 
224.998 
224.806 
224.277 
224.119 
224.634 
225.773 
227.565 
229.957 
232.773 
235.75 
238.581 
240.961 
242.637 
243.488 
243.534 
242.805 
241.364 
239.421 
237.31 
235.418 
234.127 
233.697 
234.207 
235.583 
237.548 
239.633 
241.306 
242.189 
242.167 
241.227 
239.443 
237.124 
234.747 
232.806 
231.704 
231.648 
232.686 
234.702 
237.312 
239.928 
241.956 
242.999 
242.94 
241.868 
240.062 
237.859 
235.451 
232.799 
229.725 
226.14 
222.125 
217.953 
214.151 
211.391 
210.176 
210.664 
212.687 
215.692 
218.876 
221.47 
223.026 
223.486 
222.905 
221.431 
219.44 
217.374 
215.559 
214.148 
213.111 
212.276 
211.446 
210.506 
209.457 
208.588 
208.388 
209.104 
210.782 
213.442 
216.955 
221.005 
225.165 
229.016 
232.245 
234.672 
236.225 
236.945 
236.935 
236.236 
234.866 
232.908 
230.542 
228.026 
225.659 
223.692 
222.265 
221.376 
220.886 
220.552 
220.116 
219.4 
218.365 
217.123 
215.913 
215.026 
214.672 
214.918 
215.693 
216.76 
217.653 
217.86 
217.162 
215.579 
213.256 
210.525 
207.882 
205.876 
204.86 
204.869 
205.863 
207.687 
209.831 
211.584 
212.483 
212.48 
211.639 
210.148 
208.518 
207.317 
206.761 
206.72 
207.082 
207.721 
208.343 
208.69 
208.686 
208.349 
207.729 
206.849 
205.685 
204.19 
202.33 
200.116 
197.637 
195.086 
192.727 
190.794 
189.406 
188.548 
188.06 
187.669 
187.098 
186.186 
184.935 
183.54 
182.372 
181.789 
181.931 
182.847 
184.476 
186.419 
187.964 
188.468 
187.695 
185.719 
182.838 
179.602 
176.659 
174.552 
173.577 
173.806 
175.045 
176.749 
178.171 
178.682 
178.042 
176.296 
173.643 
170.488 
167.349 
164.686 
162.774 
161.674 
161.248 
161.198 
161.197 
160.991 
160.448 
159.567 
158.487 
157.441 
156.649 
156.197 
155.994 
155.795 
155.273 
154.147 
152.287 
149.757 
146.801 
143.796 
141.132 
139.099 
137.816 
137.277 
137.449 
138.14 
138.943 
139.541 
139.807 
139.701 
139.183 
138.194 
136.784 
135.158 
133.597 
132.35 
131.542 
131.174 
131.106 
131.137 
131.157 
131.113 
130.954 
130.762 
130.718 
130.908 
131.322 
131.902 
132.452 
132.687 
132.465 
131.694 
130.246 
128.163 
125.711 
123.26 
121.137 
119.526 
118.473 
117.898 
117.68 
117.79 
118.069 
118.182 
118.031 
117.669 
117.1 
116.346 
115.453 
114.507 
113.639 
113.001 
112.706 
112.789 
113.22 
113.869 
114.487 
114.835 
114.821 
114.359 
113.327 
111.791 
109.962 
108.019 
106.065 
104.142 
102.276 
100.533 
99.039 
97.9704 
97.4718 
97.5966 
98.3581 
99.7249 
101.535 
103.522 
105.395 
106.877 
107.74 
107.85 
107.169 
105.744 
103.75 
101.483 
99.3114 
97.6047 
96.5885 
96.2872 
96.6735 
97.6545 
98.947 
100.174 
101.027 
101.34 
101.071 
100.327 
99.4102 
98.6703 
98.333 
98.4673 
99.021 
99.8023 
100.507 
100.895 
100.893 
100.5 
99.7802 
98.936 
98.2039 
97.7174 
97.4725 
97.3416 
97.1308 
96.6789 
95.937 
94.9923 
94.0418 
93.3118 
92.9531 
93.0095 
93.4262 
94.0361 
94.6196 
94.9988 
95.1419 
95.1505 
95.0814 
94.9769 
94.9347 
95.0025 
95.1655 
95.3414 
95.401 
95.2839 
94.9779 
94.4529 
93.6757 
92.6231 
91.2879 
89.6823 
87.8426 
85.8385 
83.7767 
81.7853 
79.9739 
78.3926 
77.0119 
75.7043 
74.2354 
72.3271 
69.7793 
66.571 
62.896 
59.1308 
55.7264 
53.0604 
51.3404 
50.6279 
50.9224 
52.012 
53.4199 
54.7601 
55.8607 
56.6556 
57.1746 
57.511 
57.7627 
57.9985 
58.2559 
58.5433 
58.8406 
59.0685 
59.114 
58.9238 
58.4871 
57.7895 
56.8361 
55.6722 
54.3869 
53.1021 
51.9474 
51.0374 
50.4549 
50.242 
50.4095 
50.9203 
51.6641 
52.4953 
53.2752 
53.8945 
54.291 
54.4418 
54.345 
54.0363 
53.5906 
53.0627 
52.4701 
51.8212 
51.1406 
50.493 
49.9867 
49.7227 
49.7417 
50.0543 
50.632 
51.3448 
52.0018 
52.4296 
52.5174 
52.2315 
51.5907 
50.6552 
49.5144 
48.2718 
47.0446 
45.9622 
45.1952 
44.9211 
45.2205 
46.0743 
47.3752 
48.9011 
50.3386 
51.3563 
51.7273 
51.3829 
50.372 
48.8772 
47.2045 
45.6829 
44.5745 
44.0211 
44.059 
44.632 
45.5698 
46.6441 
47.6409 
48.388 
48.7984 
48.8694 
48.6164 
48.0705 
47.31 
46.4302 
45.516 
44.6434 
43.883 
43.2926 
42.9027 
42.7188 
42.7396 
42.9248 
43.1233 
43.1507 
42.9303 
42.4604 
41.7621 
40.9222 
40.2021 
39.9463 
40.3111 
41.2968 
42.8528 
44.7934 
46.7514 
48.2661 
48.9962 
48.8347 
47.7969 
46.0216 
43.8613 
41.7647 
40.0881 
39.0084 
38.5653 
38.7502 
39.3717 
40.0399 
40.5051 
40.7163 
40.6511 
40.4403 
40.3456 
40.4426 
40.6695 
40.9264 
41.064 
41.0036 
40.6387 
39.8143 
38.6033 
37.3196 
36.2984 
35.7295 
35.6266 
35.9592 
36.6625 
37.5793 
38.5319 
39.3934 
40.0957 
40.6124 
40.9372 
41.0718 
41.0186 
40.7868 
40.4046 
39.9359 
39.4836 
39.1833 
39.1674 
39.4979 
40.1859 
41.2021 
42.4466 
43.7626 
44.9583 
45.8417 
46.2845 
46.2481 
45.745 
44.8394 
43.6648 
42.3799 
41.1213 
39.9827 
39.0154 
38.2368 
37.6356 
37.1835 
36.8558 
36.6424 
36.5464 
36.5759 
36.7357 
37.0189 
37.3901 
37.7862 
38.1338 
38.371 
38.4648 
38.4077 
38.2331 
38.0253 
37.8617 
37.7756 
37.7559 
37.7648 
37.7631 
37.6981 
37.5146 
37.1908 
36.7498 
36.2566 
35.8004 
35.4711 
35.3284 
35.3901 
35.6493 
36.0724 
36.5914 
37.1209 
37.5779 
37.8953 
38.0348 
37.9859 
37.764 
37.4158 
37.0054 
36.591 
36.2137 
35.8902 
35.6111 
35.3491 
35.0771 
34.7831 
34.4731 
34.1712 
33.9136 
33.7391 
33.6742 
33.7267 
33.8974 
34.1819 
34.5587 
34.9895 
35.4217 
35.7892 
36.0216 
36.0691 
35.9167 
35.5831 
35.1348 
34.6785 
34.3304 
34.1726 
34.2304 
34.4997 
34.9487 
35.5019 
36.0657 
36.5623 
36.9459 
37.2027 
37.3379 
37.3632 
37.2846 
37.1018 
36.8069 
36.3849 
35.8305 
35.1596 
34.4114 
33.6467 
32.9356 
32.3338 
31.8625 
31.5014 
31.1966 
30.8906 
30.5598 
30.2298 
29.9719 
29.8617 
29.932 
30.2084 
30.7104 
31.3708 
32.0486 
32.612 
32.9815 
33.1286 
33.0504 
32.8037 
32.518 
32.3039 
32.2112 
32.2533 
32.4321 
32.7409 
33.143 
33.5727 
33.9467 
34.1808 
34.2207 
34.0513 
33.6975 
33.2414 
32.8 
32.4738 
32.3137 
32.2878 
32.3132 
32.3348 
32.2562 
31.9133 
31.2285 
30.2762 
29.2494 
28.4152 
27.9924 
28.06 
28.6371 
29.6789 
30.9514 
32.0906 
32.7669 
32.7949 
32.1284 
30.8437 
29.1967 
27.5724 
26.355 
25.7988 
25.9798 
26.8479 
28.2146 
29.7694 
31.1998 
32.2885 
32.9506 
33.1997 
33.0692 
32.6656 
32.1777 
31.6965 
31.2108 
30.7038 
30.1663 
29.619 
29.1304 
28.7974 
28.6955 
28.8491 
29.2353 
29.7681 
30.2981 
30.6526 
30.7054 
30.4169 
29.8222 
29.046 
28.2876 
27.7414 
27.4783 
27.4398 
27.5774 
27.8414 
28.1202 
28.3151 
28.3958 
28.3961 
28.4013 
28.5296 
28.8925 
29.5493 
30.4867 
31.6141 
32.775 
33.7899 
34.4864 
34.7341 
34.4853 
33.7545 
32.6097 
31.1898 
29.6923 
28.3324 
27.2833 
26.631 
26.3875 
26.5426 
26.9604 
27.3434 
27.5216 
27.527 
27.3835 
27.1642 
27.0525 
27.1555 
27.5266 
28.2326 
29.232 
30.3479 
31.3524 
32.056 
32.3604 
32.2422 
31.7602 
31.0786 
30.3853 
29.8135 
29.4317 
29.2512 
29.2168 
29.2364 
29.2438 
29.1614 
28.8869 
28.3665 
27.6235 
26.7598 
25.9554 
25.4271 
25.3355 
25.7317 
26.5733 
27.7064 
28.8734 
29.7838 
30.2253 
30.1276 
29.4709 
28.2794 
26.7379 
25.1578 
23.8641 
23.0822 
22.8792 
23.2535 
24.1334 
25.2966 
26.4457 
27.3434 
27.8789 
28.0879 
28.1257 
28.1979 
28.4783 
29.0547 
29.9107 
30.9189 
31.8511 
32.4325 
32.4571 
31.8582 
30.6861 
29.1176 
27.4374 
25.9505 
24.9043 
24.434 
24.5744 
25.2668 
26.3364 
27.5572 
28.7264 
29.6873 
30.3398 
30.6696 
30.7329 
30.5662 
30.1963 
29.6978 
29.17 
28.6973 
28.3294 
28.0766 
27.9114 
27.7815 
27.6377 
27.4574 
27.2847 
27.2142 
27.2988 
27.5542 
27.9795 
28.5143 
29.0358 
29.4135 
29.5694 
29.4834 
29.2055 
28.8675 
28.597 
28.4485 
28.4055 
28.4018 
28.3677 
28.2625 
28.0805 
27.8487 
27.6179 
27.4379 
27.3421 
27.3799 
27.5026 
27.5348 
27.4137 
27.1768 
26.858 
26.5255 
26.2741 
26.1798 
26.2681 
26.521 
26.8694 
27.2032 
27.4297 
27.5219 
27.5265 
27.5122 
27.5152 
27.572 
27.6698 
27.7013 
27.5846 
27.2738 
26.7374 
26.0185 
25.2343 
24.5455 
24.1089 
24.016 
24.2895 
24.8939 
25.7133 
26.5801 
27.3358 
27.8647 
28.1089 
28.0565 
27.7491 
27.2859 
26.7701 
26.2874 
25.9211 
25.7347 
25.7529 
25.9866 
26.4293 
27.0077 
27.5908 
28.0231 
28.1772 
28.0084 
27.5341 
26.8198 
25.9773 
25.1288 
24.3712 
23.7583 
23.3075 
23.0221 
22.9061 
22.9631 
23.2026 
23.6378 
24.2455 
24.9393 
25.5977 
26.1173 
26.4488 
26.5892 
26.5414 
26.3984 
26.3258 
26.362 
26.5081 
26.7998 
27.1733 
27.4879 
27.6377 
27.5895 
27.3491 
26.9553 
26.4942 
26.0602 
25.718 
25.4956 
25.3922 
25.3992 
25.5026 
25.682 
25.9302 
26.2531 
26.6512 
27.0985 
27.5228 
27.803 
27.823 
27.5385 
26.9633 
26.1561 
25.2262 
24.3079 
23.5273 
22.9768 
22.7028 
22.7147 
22.9808 
23.4293 
23.9927 
24.6217 
25.2598 
25.827 
26.2101 
26.3056 
26.0756 
25.5384 
24.7707 
23.9227 
23.1796 
22.691 
22.5257 
22.6969 
23.1702 
23.8394 
24.5614 
25.2139 
25.7177 
26.0351 
26.1513 
26.061 
25.7595 
25.2471 
24.5537 
23.7632 
23.0153 
22.4871 
22.3227 
22.5713 
23.2039 
24.1057 
25.0672 
25.8395 
26.2406 
26.2134 
25.7658 
24.9681 
23.9958 
23.0722 
22.3965 
22.0691 
22.074 
22.3814 
22.9405 
23.6202 
24.2758 
24.8152 
25.1996 
25.4267 
25.5098 
25.4588 
25.3101 
25.1344 
24.9736 
24.8316 
24.7004 
24.566 
24.4186 
24.2917 
24.2586 
24.3613 
24.6218 
25.0716 
25.7145 
26.4912 
27.269 
27.8719 
28.1601 
28.0838 
27.6311 
26.8309 
25.8319 
24.8653 
24.1535 
23.8396 
23.9653 
24.5051 
25.3625 
26.375 
27.3581 
28.1372 
28.5801 
28.6253 
28.2608 
27.5225 
26.5291 
25.4573 
24.4816 
23.7311 
23.2621 
23.0509 
23.0039 
23.0088 
22.9755 
22.8287 
22.525 
22.0696 
21.5134 
20.9507 
20.5037 
20.2712 
20.2898 
20.5832 
21.1691 
21.9804 
22.8784 
23.7188 
24.3898 
24.8364 
25.0678 
25.1474 
25.1646 
25.1991 
25.2566 
25.2728 
25.2084 
25.0302 
24.6692 
24.0906 
23.3427 
22.5514 
21.8914 
21.5181 
21.5056 
21.8673 
22.5547 
23.4116 
24.2261 
24.8305 
25.1651 
25.2626 
25.1618 
24.9183 
24.626 
24.3338 
24.0371 
23.7193 
23.3633 
22.9647 
22.553 
22.2046 
22.0044 
21.9986 
22.1975 
22.5761 
23.0545 
23.5229 
23.8911 
24.1174 
24.2168 
24.2519 
24.3046 
24.4391 
24.6759 
24.9846 
25.2583 
25.3543 
25.2044 
24.8125 
24.2253 
23.5649 
23.024 
22.7427 
22.7288 
22.9574 
23.3614 
23.7539 
23.9551 
23.9071 
23.6282 
23.2108 
22.8316 
22.6249 
22.6076 
22.7611 
23.0363 
23.2935 
23.3885 
23.2742 
22.9691 
22.5296 
22.0376 
21.5575 
21.1179 
20.7222 
20.3669 
20.0528 
19.7958 
19.6387 
19.6296 
19.7874 
20.105 
20.5506 
21.0628 
21.5709 
22.025 
22.413 
22.7657 
23.1465 
23.6193 
24.2137 
24.911 
25.6361 
26.257 
26.6304 
26.669 
26.3501 
25.7147 
24.8957 
24.0788 
23.4121 
22.9598 
22.7275 
22.6618 
22.6701 
22.7038 
22.7435 
22.7766 
22.8564 
23.078 
23.4746 
23.9755 
24.4266 
24.6754 
24.6578 
24.3356 
23.697 
22.8868 
22.1623 
21.7356 
21.7003 
22.0722 
22.7985 
23.7107 
24.5738 
25.1726 
25.3709 
25.1286 
24.4772 
23.5247 
22.4434 
21.4349 
20.7206 
20.4788 
20.7722 
21.5722 
22.7581 
24.0901 
25.2613 
26.0191 
26.2532 
25.9464 
25.1656 
24.1223 
23.0966 
22.3063 
21.8412 
21.6489 
21.5872 
21.5266 
21.4405 
21.3876 
21.4148 
21.6105 
22.1213 
22.9861 
24.0883 
25.2206 
26.1491 
26.7117 
26.8608 
26.6 
25.9777 
25.1351 
24.2552 
23.4931 
22.9534 
22.6871 
22.7064 
22.9948 
23.4964 
24.121 
24.7611 
25.3085 
25.6769 
25.8186 
25.7215 
25.4042 
24.9241 
24.3637 
23.8162 
23.3847 
23.1539 
23.1589 
23.4179 
23.928 
24.5849 
25.1797 
25.518 
25.5215 
25.1402 
24.3446 
23.2874 
22.2648 
21.569 
21.3895 
21.7817 
22.6823 
23.8794 
25.061 
25.9344 
26.3216 
26.1732 
25.5426 
24.5974 
23.5623 
22.6271 
21.9108 
21.4557 
21.2516 
21.2795 
21.4751 
21.723 
21.9671 
22.2119 
22.4657 
22.7342 
23.0099 
23.2618 
23.4475 
23.5412 
23.5436 
23.4602 
23.3035 
23.1119 
22.9368 
22.8245 
22.8052 
22.8878 
23.0659 
23.3167 
23.6014 
23.8737 
24.0887 
24.2163 
24.2468 
24.1796 
24.0213 
23.7915 
23.5157 
23.215 
22.9092 
22.626 
22.4263 
22.3868 
22.5428 
22.8924 
23.4174 
24.0627 
24.7215 
25.2509 
25.5357 
25.5349 
25.2347 
24.6453 
23.8715 
23.0904 
22.4852 
22.1858 
22.2352 
22.6432 
23.3875 
24.3435 
25.3068 
26.0663 
26.4855 
26.5373 
26.2314 
25.617 
24.8415 
24.097 
23.5317 
23.2074 
23.0876 
23.071 
23.0621 
23.0312 
23.0027 
22.9993 
23.0925 
23.4175 
24.0295 
24.8601 
25.7545 
26.4871 
26.8618 
26.8049 
26.2897 
25.3356 
24.1326 
22.9846 
22.1684 
21.8505 
22.077 
22.7993 
23.8596 
25.03 
26.089 
26.8624 
27.2508 
27.2273 
26.8085 
26.0537 
25.0611 
23.95 
22.8621 
21.9621 
21.4042 
21.2761 
21.5989 
22.3195 
23.2587 
24.1447 
24.7273 
24.8705 
24.5426 
23.8121 
22.9016 
22.1233 
21.7021 
21.6988 
22.1058 
22.85 
23.7147 
24.4229 
24.7855 
24.7457 
24.3312 
23.6535 
22.9038 
22.2756 
21.8894 
21.7811 
21.9515 
22.3816 
23.01 
23.7458 
24.4857 
25.114 
25.5002 
25.5366 
25.1852 
24.4633 
23.4419 
22.2569 
21.0825 
20.0877 
19.3946 
19.0597 
19.0949 
19.4718 
20.1158 
20.9532 
21.9364 
23.0193 
24.1275 
25.1395 
25.8936 
26.2516 
26.1592 
25.5885 
24.5388 
23.1474 
21.6691 
20.375 
19.4775 
19.0347 
18.9745 
19.2455 
19.7982 
20.5068 
21.2308 
21.8715 
22.3692 
22.69 
22.8426 
22.8707 
22.7972 
22.6475 
22.4983 
22.4261 
22.458 
22.6048 
22.8634 
23.1739 
23.4508 
23.6381 
23.7141 
23.6767 
23.5645 
23.4574 
23.4076 
23.4318 
23.4993 
23.5344 
23.5029 
23.3915 
23.1778 
22.8882 
22.5996 
22.3917 
22.3097 
22.3649 
22.5377 
22.7722 
23.0007 
23.1651 
23.2266 
23.1732 
23.0038 
22.7338 
22.4229 
22.1704 
22.0632 
22.1352 
22.4164 
22.9414 
23.6506 
24.378 
24.9197 
25.1209 
24.931 
24.3585 
23.4692 
22.4316 
21.4773 
20.8274 
20.6261 
20.9169 
21.6626 
22.733 
23.9159 
24.9759 
25.7144 
26.0689 
26.1079 
25.8837 
25.4517 
24.9482 
24.5057 
24.1836 
23.9874 
23.8898 
23.8467 
23.8246 
23.8119 
23.8081 
23.802 
23.7551 
23.603 
23.2854 
22.7893 
22.1683 
21.5344 
21.0247 
20.7258 
20.6423 
20.7588 
21.04 
21.3978 
21.7429 
22.038 
22.3072 
22.6161 
23.0238 
23.5445 
24.1373 
24.7185 
25.1958 
25.5022 
25.6069 
25.5062 
25.2227 
24.7976 
24.2636 
23.6487 
23.0013 
22.4052 
21.991 
21.8848 
22.1336 
22.718 
23.552 
24.4623 
25.2266 
25.661 
25.682 
25.2753 
24.4915 
23.4957 
22.5282 
21.8198 
21.5204 
21.6745 
22.2622 
23.1941 
24.292 
25.3349 
26.1155 
26.4997 
26.4477 
25.986 
25.2196 
24.3392 
23.5524 
23.0022 
22.7159 
22.6361 
22.718 
22.9164 
23.1575 
23.4187 
23.7233 
24.082 
24.4884 
24.9077 
25.237 
25.3481 
25.1853 
24.7604 
24.1304 
23.4059 
22.7269 
22.2263 
21.9899 
22.0428 
22.3781 
22.9627 
23.734 
24.6261 
25.5874 
26.5746 
27.5332 
28.3768 
28.9763 
29.2121 
29.0328 
28.3635 
27.1048 
25.3197 
23.2711 
21.3253 
19.8489 
19.0453 
18.9121 
19.408 
20.4454 
21.78 
23.1052 
24.1905 
24.934 
25.3437 
25.5057 
25.5421 
25.549 
25.5657 
25.5818 
25.5749 
25.5359 
25.4769 
25.4333 
25.4286 
25.4871 
25.6411 
25.8277 
25.911 
25.8222 
25.5306 
25.0026 
24.2693 
23.4518 
22.7163 
22.1996 
21.9348 
21.8722 
21.9777 
22.2214 
22.5312 
22.8388 
23.1148 
23.3571 
23.5808 
23.8082 
24.0526 
24.3091 
24.5561 
24.7626 
24.9046 
24.979 
25.0079 
25.0351 
25.1088 
25.2572 
25.4232 
25.4785 
25.3493 
25.0087 
24.4349 
23.6652 
22.8362 
22.1799 
21.9096 
22.1075 
22.8045 
23.9796 
25.4173 
26.7725 
27.7497 
28.2566 
28.3817 
28.1925 
27.7536 
27.218 
26.7337 
26.3628 
26.0769 
25.803 
25.498 
25.1668 
24.8497 
24.6049 
24.4688 
24.4279 
24.4321 
24.4444 
24.4342 
24.3468 
24.1487 
23.8631 
23.5574 
23.3208 
23.2233 
23.2889 
23.5364 
23.9902 
24.6231 
25.3546 
26.0799 
26.6851 
27.073 
27.2331 
27.2387 
27.1364 
26.9633 
26.7986 
26.6994 
26.6564 
26.6025 
26.4471 
26.1239 
25.6241 
25.006 
24.3841 
23.8952 
23.6276 
23.5909 
23.7734 
24.1405 
24.5977 
25.0326 
25.3672 
25.5726 
25.6724 
25.7175 
25.7403 
25.7437 
25.7116 
25.6198 
25.4547 
25.2281 
25.0043 
24.8731 
24.8794 
25.0635 
25.4614 
25.9842 
26.4079 
26.5197 
26.2416 
25.6018 
24.7179 
23.8107 
23.1389 
22.8857 
23.1073 
23.7665 
24.7273 
25.7705 
26.6759 
27.2851 
27.5233 
27.3742 
26.8866 
26.1931 
25.4457 
24.7781 
24.3213 
24.1755 
24.375 
24.9053 
25.7103 
26.6852 
27.6922 
28.579 
29.1772 
29.3414 
29.0158 
28.217 
27.0199 
25.5734 
24.0846 
22.7843 
21.8793 
21.4971 
21.6739 
22.3684 
23.4461 
24.7093 
25.959 
27.0312 
27.8185 
28.2768 
28.4603 
28.4866 
28.4138 
28.2568 
28.0529 
27.8481 
27.6861 
27.6021 
27.6107 
27.7168 
27.9117 
28.1454 
28.3376 
28.4252 
28.388 
28.219 
27.9191 
27.5252 
27.0816 
26.6055 
26.096 
25.5482 
24.9637 
24.3835 
23.9126 
23.6598 
23.6647 
23.9303 
24.4005 
24.8788 
25.1476 
25.122 
24.728 
23.8721 
22.6491 
21.3311 
20.2171 
19.5449 
19.4324 
19.9054 
20.9127 
22.2824 
23.7529 
25.0555 
25.9804 
26.4698 
26.5982 
26.4191 
25.9846 
25.427 
24.8929 
24.4855 
24.2612 
24.1955 
24.2 
24.2221 
24.245 
24.2526 
24.2472 
24.2428 
24.2736 
24.386 
24.5937 
24.8664 
25.1488 
25.3817 
25.5259 
25.571 
25.5177 
25.3713 
25.1442 
24.8458 
24.4814 
24.0694 
23.6608 
23.3455 
23.2141 
23.3077 
23.6483 
24.2306 
24.9357 
25.5484 
25.888 
25.8898 
25.5437 
24.8969 
24.1385 
23.5273 
23.2128 
23.1892 
23.4232 
23.8452 
24.2674 
24.5076 
24.5036 
24.2428 
23.7609 
23.2862 
23.1315 
23.4341 
24.1591 
25.1334 
26.0281 
26.5298 
26.5143 
25.9226 
24.7606 
23.3208 
22.0736 
21.3529 
21.2542 
21.7684 
22.7985 
24.0714 
25.2405 
26.0335 
26.3925 
26.4553 
26.3198 
26.0503 
25.7903 
25.6501 
25.6369 
25.7319 
25.8981 
26.0419 
26.0705 
25.9523 
25.694 
25.321 
24.8853 
24.4587 
24.1201 
23.9324 
23.9246 
24.102 
24.4474 
24.9051 
25.3962 
25.8521 
26.2349 
26.5441 
26.8164 
27.1165 
27.5051 
28.0011 
28.5651 
29.1057 
29.502 
29.6587 
29.5435 
29.153 
28.515 
27.7306 
26.9405 
26.2594 
25.7506 
25.4296 
25.2728 
25.2258 
25.2266 
25.2265 
25.1924 
25.1045 
24.9568 
24.7562 
24.5245 
24.2997 
24.14 
24.1031 
24.2115 
24.4581 
24.811 
25.2116 
25.5915 
25.8939 
26.0857 
26.1544 
26.0983 
25.9389 
25.7297 
25.5265 
25.3731 
25.2976 
25.3076 
25.4033 
25.5798 
25.8189 
26.0928 
26.3686 
26.5703 
26.5931 
26.3853 
25.9355 
25.2446 
24.3585 
23.3831 
22.4712 
21.79 
21.4571 
21.5086 
21.9291 
22.6516 
23.555 
24.5148 
25.4457 
26.3074 
27.088 
27.779 
28.3552 
28.7736 
28.9976 
29.0183 
28.8367 
28.4693 
27.9736 
27.4283 
26.8967 
26.4132 
25.9879 
25.6251 
25.3753 
25.3296 
25.537 
26.0144 
26.7735 
27.785 
28.9508 
30.0935 
30.9394 
31.2199 
30.8284 
29.7947 
28.2515 
26.4519 
24.7154 
23.346 
22.5242 
22.2787 
22.5903 
23.4035 
24.5818 
25.9632 
27.4122 
28.8187 
30.0856 
31.1192 
31.8335 
32.1728 
32.1204 
31.7111 
31.0493 
30.274 
29.5157 
28.8722 
28.3889 
28.0554 
27.8207 
27.6271 
27.438 
27.2434 
27.0476 
26.8567 
26.6727 
26.4911 
26.3048 
26.1139 
25.9465 
25.849 
25.8461 
25.9684 
26.26 
26.7094 
27.2625 
27.8744 
28.5168 
29.1704 
29.8071 
30.3697 
30.7385 
30.774 
30.4138 
29.6752 
28.6443 
27.486 
26.408 
25.6023 
25.1614 
25.0676 
25.291 
25.7899 
26.47 
27.2336 
28.0175 
28.7806 
29.476 
30.0298 
30.3532 
30.3853 
30.1091 
29.5583 
28.8461 
28.1412 
27.6052 
27.3391 
27.3711 
27.653 
28.0407 
28.3444 
28.4233 
28.2309 
27.7998 
27.2474 
26.7641 
26.5128 
26.554 
26.9097 
27.5633 
28.3567 
29.0353 
29.4048 
29.4007 
29.017 
28.3065 
27.4665 
26.7783 
26.4489 
26.5438 
27.0581 
27.9066 
28.8405 
29.5013 
29.6007 
29.041 
27.8796 
26.3329 
24.7765 
23.6274 
23.0886 
23.081 
23.5141 
24.2626 
25.0217 
25.5228 
25.6826 
25.5091 
25.1612 
24.9175 
24.8979 
25.1847 
25.9062 
26.9826 
28.1881 
29.3303 
30.2674 
30.9072 
31.2352 
31.3027 
31.1461 
30.7791 
30.2274 
29.5218 
28.6974 
27.8075 
26.9347 
26.1936 
25.7316 
25.678 
26.0798 
26.9189 
28.1139 
29.4933 
30.8175 
31.8329 
32.3622 
32.3506 
31.8038 
30.7981 
29.5478 
28.3478 
27.4597 
26.9933 
26.905 
27.1499 
27.6669 
28.2895 
28.8185 
29.1257 
29.1763 
28.9747 
28.5556 
28.0113 
27.4554 
26.9743 
26.6125 
26.3789 
26.2543 
26.2104 
26.234 
26.3137 
26.4409 
26.6317 
26.8967 
27.2134 
27.5297 
27.7756 
27.8944 
27.8668 
27.683 
27.3379 
26.8678 
26.3413 
25.8309 
25.4047 
25.1205 
25.0148 
25.0985 
25.3659 
25.7854 
26.2839 
26.7592 
27.1096 
27.2687 
27.2169 
26.974 
26.609 
26.2829 
26.1924 
26.4267 
26.9962 
27.8922 
29.0429 
30.2967 
31.4431 
32.2576 
32.5832 
32.3715 
31.6401 
30.4839 
29.1087 
27.7666 
26.6584 
25.8827 
25.4388 
25.2414 
25.1817 
25.2105 
25.2796 
25.3246 
25.3801 
25.5505 
25.9145 
26.501 
27.2827 
28.1825 
29.0951 
29.9186 
30.5796 
31.0385 
31.2796 
31.2981 
31.0932 
30.6679 
30.0368 
29.237 
28.3368 
27.4331 
26.6372 
26.0511 
25.7264 
25.6555 
25.824 
26.2069 
26.7335 
27.3114 
27.8577 
28.3121 
28.6446 
28.8574 
28.9835 
29.0802 
29.2096 
29.4106 
29.6844 
29.9313 
29.9766 
29.731 
29.1894 
28.3698 
27.3599 
26.3418 
25.5428 
25.1301 
25.1562 
25.6097 
26.4137 
27.3908 
28.3138 
28.967 
29.258 
29.2473 
28.9939 
28.5638 
28.101 
27.7292 
27.4969 
27.4145 
27.4828 
27.6603 
27.8447 
27.9502 
27.9506 
27.8438 
27.6565 
27.4693 
27.3613 
27.3556 
27.45 
27.6158 
27.7629 
27.7978 
27.688 
27.4555 
27.1733 
26.9501 
26.8714 
26.9654 
27.2143 
27.5622 
27.9369 
28.2842 
28.5781 
28.8133 
28.9896 
29.0937 
29.1001 
28.9946 
28.7791 
28.4684 
28.0958 
27.7101 
27.3658 
27.1065 
26.9514 
26.8842 
26.8695 
26.8895 
26.9348 
26.9881 
27.0444 
27.112 
27.1978 
27.308 
27.451 
27.6441 
27.9174 
28.3131 
28.8718 
29.6117 
30.5186 
31.5348 
32.5438 
33.3816 
33.8827 
33.9426 
33.5323 
32.6925 
31.5613 
30.3508 
29.2794 
28.5176 
28.1533 
28.2062 
28.5993 
29.1409 
29.6394 
29.9766 
30.0949 
29.9844 
29.6829 
29.2698 
28.8165 
28.3658 
27.9371 
27.5183 
27.0791 
26.6054 
26.1158 
25.6615 
25.3533 
25.3256 
25.6391 
26.288 
27.2301 
28.369 
29.5588 
30.6297 
31.4217 
31.8479 
31.9111 
31.6294 
31.043 
30.2685 
29.4561 
28.7243 
28.136 
27.7018 
27.3866 
27.1228 
26.8446 
26.5241 
26.1834 
25.8941 
25.7352 
25.7413 
25.9447 
26.3854 
27.0215 
27.7373 
28.4129 
28.9573 
29.3254 
29.5226 
29.5952 
29.6057 
29.6066 
29.6293 
29.6846 
29.7492 
29.7766 
29.743 
29.64 
29.4534 
29.1793 
28.8348 
28.4527 
28.0719 
27.7339 
27.4981 
27.4305 
27.562 
27.8837 
28.3493 
28.865 
29.3048 
29.5678 
29.6215 
29.4657 
29.1367 
28.7524 
28.4662 
28.3818 
28.5302 
28.8832 
29.3579 
29.8622 
30.3453 
30.7957 
31.2377 
31.7146 
32.2454 
32.7997 
33.3035 
33.6616 
33.8033 
33.7066 
33.39 
32.9182 
32.3896 
31.8918 
31.4716 
31.1268 
30.8119 
30.466 
30.0496 
29.5618 
29.057 
28.6567 
28.486 
28.5974 
29.0244 
29.7828 
30.7604 
31.7483 
32.5602 
33.1009 
33.389 
33.4992 
33.4743 
33.3807 
33.3214 
33.2852 
33.1414 
32.7614 
32.0989 
31.2255 
30.3217 
29.6301 
29.3385 
29.5075 
30.1147 
31.0452 
32.0537 
32.8277 
33.1892 
33.1764 
32.8536 
32.3224 
31.8208 
31.5481 
31.5601 
31.8198 
32.2117 
32.586 
32.8227 
32.8539 
32.6608 
32.2526 
31.6517 
30.8748 
29.9323 
28.8572 
27.7308 
26.6915 
25.9433 
25.6809 
25.9775 
26.8053 
28.0316 
29.3721 
30.4568 
31.0057 
30.9299 
30.2573 
29.1414 
27.9083 
26.9733 
26.6625 
27.0873 
28.2011 
29.8334 
31.6916 
33.4312 
34.7244 
35.3525 
35.2474 
34.4068 
32.8973 
30.9497 
28.9233 
27.2051 
26.1165 
25.8289 
26.3835 
27.7105 
29.5792 
31.6493 
33.5898 
35.1585 
36.2425 
36.8661 
37.1158 
37.0346 
36.6813 
36.1678 
35.5204 
34.6841 
33.645 
32.4593 
31.2371 
30.112 
29.1958 
28.544 
28.1454 
27.936 
27.8521 
27.8716 
27.9837 
28.1808 
28.4912 
28.9516 
29.5646 
30.292 
31.0689 
31.8366 
32.5711 
33.2966 
34.0662 
34.9034 
35.7714 
36.575 
37.1808 
37.4981 
37.525 
37.2764 
36.8054 
36.2821 
35.9012 
35.7413 
35.7321 
35.7624 
35.7423 
35.5416 
35.0572 
34.3152 
33.455 
32.6633 
32.0945 
31.8292 
31.8882 
32.2204 
32.6763 
33.0618 
33.2321 
33.1357 
32.7312 
31.9687 
30.9161 
29.7598 
28.7148 
27.9628 
27.6024 
27.6585 
28.0694 
28.6655 
29.2591 
29.7253 
30.0179 
30.1772 
30.312 
30.5551 
31.0112 
31.7235 
32.6628 
33.7352 
34.8037 
35.7257 
36.3952 
36.7759 
36.914 
36.9229 
36.9052 
36.9166 
36.9621 
36.9894 
36.9605 
36.8164 
36.4337 
35.7397 
34.774 
33.6533 
32.5197 
31.513 
30.7548 
30.2973 
30.1013 
30.119 
30.2904 
30.5042 
30.6984 
30.8706 
31.0361 
31.2281 
31.4615 
31.7185 
31.966 
32.1814 
32.3676 
32.5559 
32.794 
33.1154 
33.5201 
33.9586 
34.3188 
34.4841 
34.4045 
34.0622 
33.481 
32.8167 
32.3238 
32.1213 
32.1093 
32.2628 
32.5301 
32.6266 
32.3712 
31.7642 
30.8656 
29.8561 
29.0276 
28.6258 
28.7323 
29.3351 
30.3278 
31.4614 
32.4848 
33.2779 
33.834 
34.2256 
34.561 
34.9178 
35.3153 
35.722 
36.0813 
36.3546 
36.5411 
36.6729 
36.8065 
36.9457 
37.0107 
36.9476 
36.6913 
36.1097 
35.1459 
33.9109 
32.6581 
31.7136 
31.3279 
31.5817 
32.4717 
33.888 
35.4921 
36.8166 
37.5194 
37.4936 
36.7647 
35.4842 
33.9775 
32.6224 
31.7041 
31.2774 
31.2085 
31.4091 
31.8193 
32.3044 
32.7367 
33.0632 
33.3107 
33.5639 
33.9164 
34.4267 
35.0978 
35.8727 
36.6408 
37.2599 
37.6056 
37.6162 
37.2794 
36.6349 
35.8152 
35.0187 
34.4371 
34.1558 
34.1388 
34.3475 
34.7299 
35.1504 
35.4661 
35.6025 
35.542 
35.327 
35.0934 
34.9861 
35.0633 
35.3782 
35.9968 
36.8672 
37.8023 
38.5595 
38.9615 
38.9659 
38.581 
37.8748 
37.0571 
36.3836 
36.0164 
35.931 
35.9586 
35.9979 
35.9764 
35.7033 
35.0346 
34.0465 
32.9943 
32.1896 
31.8528 
32.0507 
32.7851 
33.9972 
35.479 
36.9149 
37.9838 
38.5085 
38.5051 
38.0192 
37.1365 
36.0867 
35.1397 
34.4907 
34.237 
34.4023 
34.9547 
35.7934 
36.7723 
37.7379 
38.5461 
39.0749 
39.2467 
39.0379 
38.4683 
37.6147 
36.6221 
35.6813 
34.9892 
34.6812 
34.7985 
35.3235 
36.166 
37.1375 
38.0221 
38.6708 
39.0413 
39.1625 
39.0638 
38.8566 
38.7292 
38.7469 
38.9264 
39.3042 
39.7988 
40.2384 
40.4932 
40.5251 
40.3374 
39.9739 
39.5601 
39.2348 
39.0675 
39.0334 
39.0528 
39.071 
39.0173 
38.782 
38.3332 
37.7644 
37.2983 
37.1872 
37.5361 
38.3269 
39.4668 
40.7699 
41.9951 
42.9081 
43.3554 
43.2914 
42.7288 
41.7365 
40.4623 
39.0903 
37.7914 
36.6968 
35.882 
35.3659 
35.1329 
35.1688 
35.4016 
35.6281 
35.7036 
35.6775 
35.6277 
35.5906 
35.6257 
35.8177 
36.2197 
36.8367 
37.6139 
38.4217 
39.1054 
39.5374 
39.6474 
39.4175 
38.8753 
38.119 
37.3149 
36.6609 
36.312 
36.3237 
36.7094 
37.4362 
38.3359 
39.1509 
39.6649 
39.7755 
39.4633 
38.7777 
37.8736 
36.9621 
36.2317 
35.8087 
35.6707 
35.6701 
35.7244 
35.8005 
35.8335 
35.7805 
35.676 
35.6195 
35.6737 
35.8796 
36.3 
36.9407 
37.7193 
38.5009 
39.1558 
39.6071 
39.8451 
39.9283 
39.9712 
40.1048 
40.4191 
40.9222 
41.5264 
42.07 
42.4022 
42.4588 
42.2319 
41.7678 
41.2053 
40.7041 
40.3554 
40.1693 
40.0832 
39.9848 
39.7678 
39.3814 
38.8452 
38.2403 
37.6833 
37.2912 
37.1422 
37.2607 
37.6481 
38.2834 
39.0857 
39.9194 
40.6233 
41.0612 
41.1686 
40.9342 
40.4005 
39.7044 
39.0357 
38.5581 
38.3633 
38.475 
38.8628 
39.4351 
40.0742 
40.6812 
41.1829 
41.5236 
41.6884 
41.7106 
41.6131 
41.4252 
41.238 
41.1502 
41.2003 
41.4255 
41.8721 
42.478 
43.0579 
43.4115 
43.4221 
43.0616 
42.3908 
41.6059 
40.9789 
40.7076 
40.8534 
41.3835 
42.1645 
42.9708 
43.5974 
43.9569 
44.0663 
43.9612 
43.7153 
43.456 
43.2473 
43.0719 
42.8822 
42.6122 
42.2101 
41.6671 
41.026 
40.3696 
39.7905 
39.3574 
39.0979 
39.008 
39.0791 
39.2596 
39.4335 
39.5156 
39.4852 
39.3035 
38.9025 
38.2699 
37.471 
36.6314 
35.9858 
35.8059 
36.2146 
37.2017 
38.6808 
40.4441 
42.1647 
43.4691 
44.0895 
43.9431 
43.0911 
41.7639 
40.3445 
39.2312 
38.6416 
38.5678 
38.9615 
39.7292 
40.624 
41.3504 
41.7162 
41.6652 
41.2471 
40.6331 
40.0809 
39.7948 
39.8436 
40.2524 
41.0142 
41.9718 
42.8665 
43.4824 
43.7686 
43.8113 
43.6695 
43.387 
43.0503 
42.7146 
42.3445 
41.8557 
41.2156 
40.4856 
39.7978 
39.3097 
39.1325 
39.3001 
39.786 
40.5066 
41.3525 
42.244 
43.1442 
44.0403 
44.912 
45.7055 
46.2859 
46.4859 
46.2345 
45.5567 
44.5746 
43.5477 
42.8016 
42.572 
42.9317 
43.7947 
44.879 
45.7864 
46.2218 
46.0926 
45.4313 
44.3949 
43.2889 
42.4412 
42.0585 
42.1998 
42.8096 
43.7096 
44.6504 
45.4029 
45.8278 
45.8929 
45.6051 
45.0061 
44.2194 
43.4182 
42.7717 
42.3893 
42.2964 
42.4876 
42.926 
43.5003 
44.0638 
44.4942 
44.7347 
44.7912 
44.6787 
44.4186 
44.0596 
43.6606 
43.3418 
43.2725 
43.5322 
44.159 
45.2295 
46.7657 
48.6707 
50.7298 
52.6371 
54.0609 
54.7678 
54.6856 
53.849 
52.4274 
50.7705 
49.2725 
48.1935 
47.5939 
47.4053 
47.5618 
47.9392 
48.33 
48.6442 
48.9148 
49.1825 
49.4668 
49.696 
49.7255 
49.4737 
48.9202 
48.0771 
47.0499 
46.05 
45.3467 
45.1517 
45.535 
46.4471 
47.7181 
49.092 
50.3257 
51.2556 
51.8213 
52.0365 
51.9321 
51.5854 
51.1183 
50.5713 
49.9093 
49.1113 
48.2022 
47.2697 
46.4508 
45.881 
45.6398 
45.7484 
46.1334 
46.5512 
46.7299 
46.5567 
46.0379 
45.2817 
44.5586 
44.1578 
44.1974 
44.7799 
46.0273 
47.8031 
49.7524 
51.4981 
52.6997 
53.23 
53.2118 
52.7492 
51.952 
51.0666 
50.3062 
49.7509 
49.4073 
49.2589 
49.2928 
49.4525 
49.6261 
49.7472 
49.8193 
49.8718 
49.9428 
50.0613 
50.2407 
50.4771 
50.755 
51.0597 
51.3834 
51.7212 
52.0612 
52.3794 
52.6215 
52.7179 
52.6325 
52.3337 
51.7843 
51.0122 
50.1192 
49.2291 
48.4442 
47.825 
47.3922 
47.132 
47.0175 
47.038 
47.1834 
47.4289 
47.7515 
48.1333 
48.5655 
49.058 
49.6426 
50.3617 
51.2414 
52.2729 
53.3883 
54.4345 
55.2066 
55.5497 
55.4148 
54.82 
53.8623 
52.7528 
51.755 
51.0831 
50.7804 
50.7458 
50.9122 
51.2284 
51.5877 
51.9127 
52.2262 
52.6072 
53.0864 
53.6109 
54.029 
54.1501 
53.888 
53.2484 
52.2832 
51.1268 
50.0057 
49.2092 
48.9748 
49.3844 
50.3958 
51.8543 
53.5025 
55.0716 
56.3589 
57.2048 
57.5586 
57.5311 
57.2146 
56.6918 
56.1116 
55.563 
55.0203 
54.4167 
53.7271 
52.9685 
52.1823 
51.4415 
50.8359 
50.4422 
50.2703 
50.2657 
50.3935 
50.6297 
50.9223 
51.2244 
51.5136 
51.7713 
51.9648 
52.0606 
52.0462 
51.9211 
51.7097 
51.5114 
51.447 
51.5629 
51.85 
52.2778 
52.7593 
53.1024 
53.1939 
53.1497 
53.0891 
53.0473 
53.1838 
53.6884 
54.4656 
55.2645 
55.8837 
56.1774 
56.0944 
55.6591 
54.9771 
54.2357 
53.6079 
53.1827 
52.9844 
53.0478 
53.2569 
53.3331 
53.1948 
52.8936 
52.4468 
51.8896 
51.2646 
50.6264 
50.0536 
49.6649 
49.5821 
49.8553 
50.4789 
51.4204 
52.6081 
53.9392 
55.2977 
56.5708 
57.6594 
58.4896 
59.023 
59.2453 
59.1442 
58.8644 
58.6738 
58.6522 
58.882 
59.5174 
60.4517 
61.4274 
62.2054 
62.5935 
62.5196 
61.9433 
60.8403 
59.3429 
57.7056 
56.1786 
54.9474 
54.1007 
53.6239 
53.4535 
53.5556 
53.8557 
54.2074 
54.5312 
54.8245 
55.0895 
55.3192 
55.488 
55.564 
55.5323 
55.3758 
55.0724 
54.6491 
54.1959 
53.8262 
53.6165 
53.5796 
53.7085 
53.974 
54.2913 
54.5519 
54.6957 
54.7284 
54.6441 
54.4879 
54.4113 
54.5029 
54.8111 
55.4405 
56.448 
57.7687 
59.2193 
60.5257 
61.3831 
61.5716 
61.0221 
59.7965 
58.1184 
56.3577 
54.9182 
54.101 
54.0307 
54.7262 
56.121 
57.9981 
60.0388 
61.9232 
63.3827 
64.2447 
64.4438 
63.9709 
62.8651 
61.2613 
59.3826 
57.4992 
55.8906 
54.7975 
54.3641 
54.631 
55.5383 
56.8987 
58.4481 
59.9341 
61.1755 
62.0908 
62.6744 
62.9744 
63.0767 
63.0796 
63.0896 
63.2483 
63.7566 
64.8581 
66.768 
69.5906 
73.2822 
77.6293 
82.2414 
86.6053 
90.1597 
92.4088 
93.3144 
93.2923 
92.5956 
91.4424 
90.3713 
89.8556 
90.0362 
90.8745 
92.2088 
93.7656 
95.2756 
96.5341 
97.4082 
97.8389 
97.8137 
97.3486 
96.4848 
95.262 
93.7109 
91.8983 
89.9903 
88.2881 
87.2056 
87.0913 
88.0654 
90.0446 
92.7035 
95.4571 
97.6369 
98.8402 
99.0567 
98.3643 
96.9237 
95.1473 
93.5322 
92.4827 
92.086 
92.1072 
92.3803 
92.7605 
93.0112 
93.0311 
92.8269 
92.4414 
91.9764 
91.5029 
91.0301 
90.563 
90.1336 
89.8011 
89.624 
89.629 
89.8249 
90.1945 
90.5717 
90.6959 
90.4413 
89.7902 
88.7577 
87.4597 
86.134 
85.1635 
84.9405 
85.6249 
87.1909 
89.504 
92.2842 
95.1503 
97.7144 
99.6819 
100.904 
101.34 
100.991 
100.015 
98.7961 
97.6968 
96.9444 
96.5936 
96.5432 
96.7224 
97.07 
97.4583 
97.798 
98.1115 
98.5145 
99.138 
100.031 
101.119 
102.217 
103.087 
103.55 
103.548 
103.081 
102.217 
101.189 
100.346 
99.9058 
99.843 
100.103 
100.542 
100.851 
100.848 
100.327 
99.0029 
97.0119 
94.8904 
93.2111 
92.375 
92.5143 
93.6515 
95.6896 
98.2132 
100.609 
102.353 
103.247 
103.39 
102.872 
101.794 
100.405 
98.9596 
97.61 
96.4297 
95.469 
94.8212 
94.6062 
94.8806 
95.6414 
96.8541 
98.4224 
100.168 
101.854 
103.244 
104.156 
104.572 
104.621 
104.382 
103.917 
103.381 
102.929 
102.637 
102.524 
102.591 
102.77 
102.921 
102.947 
102.831 
102.595 
102.319 
102.126 
102.113 
102.308 
102.666 
103.031 
103.227 
103.182 
102.837 
102.145 
101.255 
100.504 
100.185 
100.406 
101.228 
102.687 
104.584 
106.563 
108.317 
109.688 
110.69 
111.462 
112.148 
112.793 
113.315 
113.582 
113.521 
113.087 
112.267 
111.244 
110.432 
110.264 
110.919 
112.382 
114.56 
117.238 
120.098 
122.778 
124.927 
126.267 
126.649 
126.037 
124.486 
122.188 
119.452 
116.627 
114.045 
111.976 
110.599 
109.929 
109.848 
110.279 
111.182 
112.462 
114.009 
115.724 
117.505 
119.226 
120.719 
121.79 
122.279 
122.128 
121.292 
119.719 
117.515 
114.959 
112.416 
110.247 
108.74 
108.056 
108.238 
109.223 
110.8 
112.634 
114.312 
115.37 
115.453 
114.442 
112.425 
109.738 
106.961 
104.852 
104.078 
104.887 
107.195 
110.62 
114.367 
117.423 
119.031 
118.953 
117.332 
114.71 
111.96 
109.884 
108.919 
109.177 
110.479 
112.313 
114.082 
115.365 
115.968 
115.847 
115.097 
113.982 
112.817 
111.869 
111.323 
111.233 
111.602 
112.367 
113.308 
114.062 
114.287 
113.849 
112.782 
111.23 
109.479 
107.903 
106.916 
106.842 
107.793 
109.721 
112.426 
115.529 
118.569 
121.149 
123.044 
124.201 
124.66 
124.464 
123.765 
122.842 
121.842 
120.722 
119.385 
117.801 
116.05 
114.31 
112.807 
111.729 
111.132 
110.956 
111.148 
111.63 
112.252 
112.905 
113.559 
114.236 
114.99 
115.843 
116.754 
117.634 
118.375 
118.892 
119.138 
119.068 
118.813 
118.698 
118.832 
119.204 
119.835 
120.624 
121.327 
121.714 
121.697 
121.239 
120.327 
119.122 
117.867 
116.732 
115.765 
114.896 
113.96 
112.789 
111.318 
109.627 
107.929 
106.482 
105.483 
104.982 
104.851 
104.863 
104.789 
104.428 
103.689 
102.66 
101.561 
100.664 
100.16 
100.104 
100.494 
101.284 
102.324 
103.394 
104.285 
104.863 
105.133 
105.197 
105.122 
104.982 
104.897 
104.9 
104.91 
104.754 
104.168 
102.932 
101.002 
98.54 
95.8909 
93.4973 
91.7721 
90.9685 
91.1573 
92.2214 
93.8037 
95.4221 
96.6329 
97.2203 
97.2401 
96.7715 
95.9266 
94.9729 
94.1818 
93.6866 
93.462 
93.4049 
93.4607 
93.5852 
93.7234 
93.912 
94.2556 
94.8385 
95.6773 
96.6942 
97.7232 
98.5439 
98.9774 
98.9588 
98.4688 
97.5366 
96.3485 
95.2107 
94.4459 
94.2894 
94.8173 
95.9805 
97.5963 
99.3452 
100.848 
101.774 
101.942 
101.305 
99.9321 
98.0577 
96.0588 
94.3668 
93.3419 
93.0072 
93.0279 
93.1212 
93.2126 
93.2332 
92.9206 
91.9757 
90.4678 
88.8089 
87.4745 
86.8012 
86.8966 
87.8773 
89.934 
93.0024 
96.6931 
100.454 
103.69 
105.904 
106.813 
106.343 
104.662 
102.253 
99.7184 
97.5834 
96.2247 
95.6632 
95.6111 
95.8857 
96.3791 
96.8505 
97.1164 
97.1641 
97.028 
96.7602 
96.4384 
96.1028 
95.75 
95.3829 
95.0623 
94.8803 
94.8886 
95.1864 
95.9138 
97.0279 
98.274 
99.2906 
99.7532 
99.5253 
98.5086 
96.6433 
94.2281 
91.8711 
90.1702 
89.4849 
89.9114 
91.2462 
92.9431 
94.4548 
95.4965 
95.9708 
95.8187 
95.333 
95.124 
95.3644 
95.9577 
96.879 
97.9474 
98.8101 
99.2406 
99.2857 
99.0284 
98.579 
98.1611 
97.9449 
97.9734 
98.1797 
98.3925 
98.469 
98.3717 
98.138 
97.8792 
97.7179 
97.6807 
97.7072 
97.711 
97.5221 
96.9125 
95.7561 
94.1029 
92.5554 
92.1365 
93.3713 
96.3718 
101.214 
107.667 
115.075 
122.536 
129.239 
134.724 
138.898 
141.968 
144.353 
146.492 
148.691 
151.12 
153.864 
156.963 
160.414 
164.14 
167.932 
171.453 
174.31 
176.184 
176.92 
176.495 
175.18 
173.607 
172.303 
171.469 
171.154 
171.354 
171.897 
172.428 
172.709 
172.702 
172.421 
171.93 
171.349 
170.81 
170.415 
170.222 
170.244 
170.46 
170.79 
171.075 
171.138 
170.902 
170.376 
169.611 
168.719 
167.805 
167.115 
166.908 
167.063 
167.314 
167.472 
167.251 
166.466 
165.297 
163.917 
162.396 
160.895 
159.638 
158.858 
158.702 
159.208 
160.301 
161.73 
163.129 
164.161 
164.629 
164.48 
163.822 
162.961 
162.258 
161.943 
162.088 
162.651 
163.494 
164.412 
165.245 
165.911 
166.389 
166.703 
166.914 
167.105 
167.38 
167.839 
168.53 
169.41 
170.16 
170.258 
169.439 
167.688 
165.058 
161.814 
158.498 
155.773 
154.113 
153.661 
154.404 
156.205 
158.697 
161.45 
164.172 
166.739 
169.134 
171.342 
173.267 
174.691 
175.385 
175.241 
174.223 
172.408 
170.183 
168.166 
166.911 
166.695 
167.574 
169.389 
171.625 
173.552 
174.638 
174.736 
173.858 
172.19 
170.325 
169.026 
168.8 
169.791 
171.82 
174.306 
176.422 
177.557 
177.53 
176.343 
174.151 
171.458 
168.919 
167.066 
166.2 
166.402 
167.608 
169.61 
172.104 
174.771 
177.306 
179.428 
180.905 
181.601 
181.477 
180.603 
179.193 
177.534 
175.902 
174.505 
173.465 
172.824 
172.569 
172.68 
173.11 
173.767 
174.59 
175.52 
176.445 
177.183 
177.553 
177.484 
176.996 
176.133 
175.301 
175.183 
176.127 
178.4 
182.246 
187.466 
193.522 
199.808 
205.712 
210.626 
214.018 
215.547 
215.113 
212.787 
208.892 
204.115 
199.421 
195.842 
194.026 
194.037 
195.793 
199.006 
202.756 
205.795 
207.229 
206.783 
204.543 
200.974 
197.051 
193.902 
192.149 
191.748 
192.551 
194.26 
195.892 
196.312 
195.079 
192.3 
188.44 
184.383 
181.163 
179.514 
179.658 
181.404 
184.111 
186.845 
188.807 
189.574 
189.044 
187.472 
185.573 
184.152 
183.548 
183.577 
184.059 
184.755 
185.218 
185.212 
184.496 
182.714 
179.98 
176.829 
173.86 
171.622 
170.386 
170.088 
170.636 
171.88 
173.388 
174.612 
175.179 
174.974 
174.005 
172.376 
170.363 
168.319 
166.577 
165.454 
165.201 
165.904 
167.532 
169.947 
172.871 
175.925 
178.718 
180.932 
182.384 
183.006 
182.791 
181.866 
180.518 
178.969 
177.292 
175.445 
173.322 
170.879 
168.19 
165.436 
162.884 
160.798 
159.322 
158.433 
157.903 
157.281 
156.014 
153.65 
149.995 
145.156 
139.516 
133.624 
128.032 
123.131 
119.099 
115.954 
113.599 
111.856 
110.545 
109.542 
108.799 
108.35 
108.26 
108.553 
109.189 
110.023 
110.733 
110.942 
110.48 
109.36 
107.696 
105.753 
103.908 
102.505 
101.703 
101.425 
101.421 
101.404 
101.149 
100.533 
99.56 
98.3531 
97.1172 
96.047 
95.2411 
94.692 
94.3136 
93.9907 
93.6416 
93.2357 
92.7696 
92.2354 
91.5963 
90.7808 
89.7074 
88.3234 
86.626 
84.676 
82.6061 
80.592 
78.8031 
77.3635 
76.3273 
75.6721 
75.3137 
75.1676 
75.2022 
75.3672 
75.535 
75.5977 
75.527 
75.3021 
74.8586 
74.1234 
73.0667 
71.7205 
70.1826 
68.61 
67.1808 
66.0268 
65.1765 
64.535 
63.9028 
63.0395 
61.7572 
59.9931 
57.8341 
55.4947 
53.2443 
51.3083 
49.8101 
48.7742 
48.1419 
47.7936 
47.6054 
47.4989 
47.4408 
47.4296 
47.5117 
47.663 
47.7309 
47.6201 
47.2763 
46.5839 
45.4614 
43.9341 
42.1344 
40.2775 
38.589 
37.2263 
36.2392 
35.5612 
35.0327 
34.4715 
33.7544 
32.8565 
31.8572 
30.9105 
30.1673 
29.7031 
29.523 
29.6124 
29.8582 
30.0559 
30.1132 
30.0375 
29.8778 
29.742 
29.6896 
29.6891 
29.7043 
29.6947 
29.5527 
29.1736 
28.5576 
27.7977 
27.0124 
26.2892 
25.6735 
25.1798 
24.7953 
24.4927 
24.2522 
24.0683 
23.9474 
23.9018 
23.9363 
24.0387 
24.1753 
24.3085 
24.4049 
24.4357 
24.3909 
24.2582 
23.9904 
23.5224 
22.8103 
21.8507 
20.7004 
19.4926 
18.4123 
17.6423 
17.2514 
17.1744 
17.3589 
17.7407 
18.1389 
18.3728 
18.3781 
18.096 
17.4432 
16.468 
15.3401 
14.244 
13.3282 
12.6721 
12.2904 
12.1637 
12.2751 
12.5714 
12.9435 
13.3114 
13.6407 
13.9114 
14.1187 
14.2707 
14.3837 
14.4732 
14.5461 
14.5977 
14.6177 
14.6017 
14.5444 
14.4265 
14.2137 
13.8569 
13.3099 
12.5637 
11.6637 
10.7101 
9.84674 
9.22708 
8.91314 
8.85008 
8.99192 
9.2824 
9.5716 
9.71817 
9.67772 
9.43254 
8.97677 
8.38823 
7.79362 
7.29222 
6.93033 
6.69559 
6.53477 
6.39563 
6.25421 
6.11003 
5.97898 
5.88393 
5.83526 
5.82076 
5.80856 
5.75698 
5.63078 
5.41652 
5.12873 
4.80716 
4.50492 
4.26837 
4.11999 
4.05252 
4.03347 
4.01962 
3.97653 
3.88855 
3.75531 
3.58716 
3.40081 
3.21109 
3.02506 
2.84017 
2.64881 
2.44827 
2.24381 
2.04541 
1.86247 
1.69786 
1.54555 
1.39258 
1.22545 
1.03706 
0.829472 
0.614358 
0.411163 
0.240249 
0.11527 
0.0397191 
0.00655295 
0 
0 
0 
0 
0 
0 
0 
0 
0 
0 
0 
0 
0 
0 
0 
0 
0 
0 
0 
0 
0 
0 
0 
0 
0 
0 
0 
0 
0 
0 
0 
0 
0 
0 
0 
0 
0 
0 
0 
0 
0 
0 
0 
0 
0 
0 
0 
0 
0 
0 
0 
0 
0 
0 
0 
0 
0 
0 
0 
0 
0 
0 
0 
0 
0 
0 
0 
0 
0 
0 
0 
0 
0 
0 
0 
0 
0 
0 
0 
0 
0 
0 
0 
0 
0 
0 
0 
0 
0 
0 
0 
0 
0 
0 
0 
0 
0 
0 
0 
0 
0 
0 
0 
0 
0 
0 
0 
0 
0 
0 
0 
0 
0 
0 
0 
0 
0 
0 
0 
0 
0 
0 
0 
0 
0 
0 
0 
0 
0 
0 
0 
0 
0 
0 
0 
0 
0 
0 
0 
0 
0 
0 
0 
0 
0 
0 
0 
0 
0 
0 
0 
0 
0 
0 
0 
0 
0 
0 
0 
0 
0 
0 
0 
0 
0 
0 
0 
0 
0 
0 
0 
0 
0 
0 
0 
0 
0 
0 
0 
0 
0 
0 
0 
0 
0 
0 
0 
0 
0 
0 
0 
0 
0 
0 
0 
0 
0 
0 
0 
0 
0 
0 
0 
0 
0 
0 
0 
0 
0 
0 
0 
0 
0 
0 
0 
0 
0 
0 
0 
0 
0 
0 
0 
0 
0 
0 
0 
0 
0 
0 
0 
0 
0 
0 
0 
0 
0 
0 
0 
0 
0 
0 
0 
0 
0 
0 
0 
0 
0 
0 
0 
0 
0 
0 
0 
0 
0 
0 
0 
0 
0 
0 
0 
0 
0 
0 
0 
0 
0 
0 
0 
0 
0 
0 
0 
0 
0 
0 
0 
0 
0 
0 
0 
0 
0 
0 
0 
0 
0 
0 
0 
0 
0 
0 
0 
0 
0 
0 
0 
0 
0 
0 
0 
0 
0 
0 
0 
0 
0 
0 
0 
0 
0 
0 
0 
0 
0 
0 
0 
0 
0 
0 
0 
0 
0 
0 
0 
0 
0 
0 
0 
0 
0 
0 
0 
0 
0 
0 
0 
0 
0 
0 
0 
0 
0 
0 
0 
0 
0 
0 
0 
0 
0 
0 
0 
0 
0 
0 
0 
0 
0 
0 
0 
0 
0 
0 
0 
0 
0 
0 
0 
0 
0 
0 
0 
0 
0 
0 
0 
0 
0 
0 
0 
0 
0 
0 
0 
0 
0 
0 
0 
0 
0 
0 
0 
0 
0 
0 
0 
0 
0 
0 
0 
0 
0 
0 
0 
0 
0 
0 
0 
0 
0 
0 
0 
0 
0 
0 
0 
0 
0 
0 
0 
0 
0 
0 
0 
0 
0 
0 
0 
0 
0 
0 
0 
0 
0 
0 
0 
0 
0 
0 
0 
0 
0 
0 
0 
0 
0 
0 
0 
0 
0 
0 
0 
0 
0 
0 
0 
0 
0 
0 
0 
0 
0 
0 
0 
0 
0 
0 
0 
0 
0 
0 
0 
0 
0 
0 
0 
0 
0 
0 
0 
0 
0 
0 
0 
0 
0 
0 
0 
0 
0 
0 
0 
0 
0 
0 
0 
0 
0 
0 
0 
0 
0 
0 
0 
0 
0 
0 
0 
0 
0 
0 
0 
0 
0 
0 
0 
0 
0 
0 
0 
0 
0 
0 
0 
0 
0 
0 
0 
0 
0 
0 
0 
0 
0 
0 
0 
0 
0 
0 
0 
0 
0 
0 
0 
0 
0 
0 
0 
0 
0 
0 
0 
0 
0 
0 
0 
0 
0 
0 
0 
0 
0 
0 
0 
0 
0 
0 
0 
0 
0 
0 
0 
0 
0 
0 
0 
0 
0 
0 
0 
0 
0 
0 
0 
0 
0 
0 
0 
0 
0 
0 
0 
0 
0 
0 
0 
0 
0 
0 
0 
0 
0 
0 
0 
0 
0 
0 
0 
0 
0 
0 
0 
0 
0 
0 
0 
0 
0 
0 
0 
0 
0 
0 
0 
0 
0 
0 
0 
0 
0 
0 
0 
0 
0 
0 
0 
0 
0 
0 
0 
0 
0 
0 
0 
0 
0 
0 
0 
0 
0 
0 
0 
0 
0 
0 
0 
0 
0 
0 
0 
0 
0 
0 
0 
0 
0 
0 
0 
0 
0 
0 
0 
0 
0 
0 
0 
0 
0 
0 
0 
0 
0 
0 
0 
0 
0 
0 
0 
0 
0 
0 
0 
0 
0 
0 
0 
0 
0 
0 
0 
0 
0 
0 
0 
0 
0 
0 
0 
0 
0 
0 
0 
0 
0 
0 
0 
0 
0 
0 
0 
0 
0 
0 
0 
0 
0 
0 
0 
0 
0 
0 
0 
0 
0 
0 
0 
0 
0 
0 
0 
0 
0 
0 
0 
0 
0 
0 
0 
0 
0 
0 
0 
0 
0 
0 
0 
0 
0 
0 
0 
0 
0 
0 
0 
0 
0 
0 
0 
0 
0 
0 
0 
0 
0 
0 
0 
0 
0 
0 
0 
0 
0 
0 
0 
0 
0 
0 
0 
0 
0 
0 
0 
0 
0 
0 
0 
0 
0 
0 
0 
0 
0 
0 
0 
0 
0 
0 
0 
0 
0 
0 
0 
0 
0 
0 
0 
0 
0 
0 
0 
0 
0 
0 
0 
0 
0 
0 
0 
0 
0 
0 
0 
0 
0 
0 
0 
0 
0 
0 
0 
0 
0 
0 
0 
0 
0 
0 
0 
0 
0 
0 
0 
0 
0 
0 
0 
0 
0 
0 
0 
0 
0 
0 
0 
0 
0 
0 
0 
0 
0 
0 
0 
0 
0 
0 
0 
0 
0 
0 
0 
0 
0 
0 
0 
0 
0 
0 
0 
0 
0 
0 
0 
0 
0 
0 
0 
0 
0 
0 
0 
0 
0 
0 
0 
0 
0 
0 
0 
0 
0 
0 
0 
0 
0 
0 
0 
0 
0 
0 
0 
0 
0 
0 
0 
0 
0 
0 
0 
0 
0 
0 
0 
0 
0 
0 
0 
0 
0 
0 
0 
0 
0 
0 
0 
0 
0 
0 
0 
0 
0 
0 
0 
0 
0 
0 
0 
0 
0 
0 
0 
0 
0 
0 
0 
0 
0 
0 
0 
0 
0 
0 
0 
0 
0 
0 
0 
0 
0 
0 
0 
0 
0 
0 
0 
0 
0 
0 
0 
0 
0 
0 
0 
0 
0 
0 
0 
0 
0 
0 
0 
0 
0 
0 
0 
0 
0 
0 
0 
0 
0 
0 
0 
0 
0 
0 
0 
0 
0 
0 
0 
0 
0 
0 
0 
0 
0 
0 
0 
0 
0 
0 
0 
0 
0 
0 
0 
0 
0 
0 
0 
0 
0 
0 
0 
0 
0 
0 
0 
0 
0 
0 
0 
0 
0 
0 
0 
0 
0 
0 
0 
0 
0 
0 
0 
0 
0 
0 
0 
0 
0 
0 
0 
0 
0 
0 
0 
0 
0 
0 
0 
0 
0 
0 
0 
0 
0 
0 
0 
0 
0 
0 
0 
0 
0 
0 
0 
0 
0 
0 
0 
0 
0 
0 
0 
0 
0 
0 
0 
0 
0 
0 
0 
0 
0 
0 
0 
0 
0 
0 
0 
0 
0 
0 
0 
0 
0 
0 
0 
0 
0 
0 
0 
0 
0 
0 
0 
0 
0 
0 
0 
0 
0 
0 
0 
0 
0 
0 
0 
0 
0 
0 
0 
0 
0 
0 
0 
0 
0 
0 
0 
0 
0 
0 
0 
0 
0 
0 
0 
0 
0 
0 
0 
0 
0 
0 
0 
0 
0 
0 
0 
0 
0 
0 
0 
0 
0 
0 
0 
0 
0 
0 
0 
0 
0 
0 
0 
0 
0 
0 
0 
0 
0 
0 
0 
0 
0 
0 
0 
0 
0 
0 
0 
0 
0 
0 
0 
0 
0 
0 
0 
0 
0 
0 
0 
0 
0 
0 
0 
0 
0 
0 
0 
0 
0 
0 
0 
0 
0 
0 
0 
0 
0 
0 
0 
0 
0 
0 
0 
0 
0 
0 
0 
0 
0 
0 
0 
0 
0 
0 
0 
0 
0 
0 
0 
0 
0 
0 
0 
0 
0 
0 
0 
0 
0 
0 
0 
0 
0 
0 
0 
0 
0 
0 
0 
0 
0 
0 
0 
0 
0 
0 
0 
0 
0 
0 
0 
0 
0 
0 
0 
0 
0 
0 
0 
0 
0 
0 
0 
0 
0 
0 
0 
0 
0 
0 
0 
0 
0 
0 
0 
0 
0 
0 
0 
0 
0 
0 
0 
0 
0 
0 
0 
0 
0 
0 
0 
0 
0 
0 
0 
0 
0 
0 
0 
0 
0 
0 
0 
0 
0 
0 
0 
0 
0 
0 
0 
0 
0 
0 
0 
0 
0 
0 
0 
0 
0 
0 
0 
0 
0 
0 
0 
0 
0 
0 
0 
0 
0 
0 
0 
0 
0 
0 
0 
0 
0 
0 
0 
0 
0 
0 
0 
0 
0 
0 
0 
0 
0 
0 
0 
0 
0 
0 
0 
0 
0 
0 
0 
0 
0 
0 
0 
0 
0 
0 
0 
0 
0 
0 
0 
0 
0 
0 
0 
0 
0 
0 
0 
0 
0 
0 
0 
0 
0 
0 
0 
0 
0 
0 
0 
0 
0 
0 
0 
0 
0 
0 
0 
0 
0 
0 
0 
0 
0 
0 
0 
0 
0 
0 
0 
0 
0 
0 
0 
0 
0 
0 
0 
0 
0 
0 
0 
0 
0 
0 
0 
0 
0 
0 
0 
0 
0 
0 
0 
0 
0 
0 
0 
0 
0 
0 
0 
0 
0 
0 
0 
0 
0 
0 
0 
0 
0 
0 
0 
0 
0 
0 
0 
0 
0 
0 
0 
0 
0 
0 
0 
0 
0 
0 
0 
0 
0 
0 
0 
0 
0 
0 
0 
0 
0 
0 
0 
0 
0 
0 
0 
0 
0 
0 
0 
0 
0 
0 
0 
0 
0 
0 
0 
0 
0 
0 
0 
0 
0 
0 
0 
0 
0 
0 
0 
0 
0 
0 
0 
0 
0 
0 
0 
0 
0 
0 
0 
0 
0 
0 
0 
0 
0 
0 
0 
0 
0 
0 
0 
0 
0 
0 
0 
0 
0 
0 
0 
0 
0 
0 
0 
0 
0 
0 
0 
0 
0 
0 
0 
0 
0 
0 
0 
0 
0 
0 
0 
0 
0 
0 
0 
0 
0 
0 
0 
0 
0 
0 
0 
0 
0 
0 
0 
0 
0 
0 
0 
0 
0 
0 
0 
0 
0 
0 
0 
0 
0 
0 
0 
0 
0 
0 
0 
0 
0 
0 
0 
0 
0 
0 
0 
0 
0 
0 
0 
0 
0 
0 
0 
0 
0 
0 
0 
0 
0 
0 
0 
0 
0 
0 
0 
0 
0 
0 
0 
0 
0 
0 
0 
0 
0 
0 
0 
0 
0 
0 
0 
0 
0 
0 
0 
0 
0 
0 
0 
0 
0 
0 
0 
0 
0 
0 
0 
0 
0 
0 
0 
0 
0 
0 
0 
0 
0 
0 
0 
0 
0 
0 
0 
0 
0 
0 
0 
0 
0 
0 
0 
0 
0 
0 
0 
0 
0 
0 
0 
0 
0 
0 
0 
0 
0 
0 
0 
0 
0 
0 
0 
0 
0 
0 
0 
0 
0 
0 
0 
0 
0 
0 
0 
0 
0 
0 
0 
0 
0 
0 
0 
0 
0 
0 
0 
0 
0 
0 
0 
0 
0 
0 
0 
0 
0 
0 
0 
0 
0 
0 
0 
0 
0 
0 
0 
0 
0 
0 
0 
0 
0 
0 
0 
0 
0 
0 
0 
0 
0 
0 
0 
0 
0 
0 
0 
0 
0 
0 
0 
0 
0 
0 
0 
0 
0 
0 
0 
0 
0 
0 
0 
0 
0 
0 
0 
0 
0 
0 
0 
0 
0 
0 
0 
0 
0 
0 
0 
0 
0 
0 
0 
0 
0 
0 
0 
0 
0 
0 
0 
0 
0 
0 
0 
0 
0 
0 
0 
0 
0 
0 
0 
0 
0 
0 
0 
0 
0 
0 
0 
0 
0 
0 
0 
0 
0 
0 
0 
0 
0 
0 
0 
0 
0 
0 
0 
0 
0 
0 
0 
0 
0 
0 
0 
0 
0 
0 
0 
0 
0 
0 
0 
0 
0 
0 
0 
0 
0 
0 
0 
0 
0 
0 
0 
0 
0 
0 
0 
0 
0 
0 
0 
0 
0 
0 
0 
0 
0 
0 
0 
0 
0 
0 
0 
0 
0 
0 
0 
0 
0 
0 
0 
0 
0 
0 
0 
0 
0 
0 
0 
0 
0 
0 
0 
0 
0 
0 
0 
0 
0 
0 
0 
0 
0 
0 
0 
0 
0 
0 
0 
0 
0 
0 
0 
0 
0 
0 
0 
0 
0 
0 
0 
0 
0 
0 
0 
0 
0 
0 
0 
0 
0 
0 
0 
0 
0 
0 
0 
0 
0 
0 
0 
0 
0 
0 
0 
0 
0 
0 
0 
0 
0 
0 
0 
0 
0 
0 
0 
0 
0 
0 
0 
0 
0 
0 
0 
0 
0 
0 
0 
0 
0 
0 
0 
0 
0 
0 
0 
0 
0 
0 
0 
0 
0 
0 
0 
0 
0 
0 
0 
0 
0 
0 
0 
0 
0 
0 
0 
0 
0 
0 
0 
0 
0 
0 
0 
0 
0 
0 
0 
0 
0 
0 
0 
0 
0 
0 
0 
0 
0 
0 
0 
0 
0 
0 
0 
0 
0 
0 
0 
0 
0 
0 
0 
0 
0 
0 
0 
0 
0 
0 
0 
0 
0 
0 
0 
0 
0 
0 
0 
0 
0 
0 
0 
0 
0 
0 
0 
0 
0 
0 
0 
0 
0 
0 
0 
0 
0 
0 
0 
0 
0 
0 
0 
0 
0 
0 
0 
0 
0 
0 
0 
0 
0 
0 
0 
0 
0 
0 
0 
0 
0 
0 
0 
0 
0 
0 
0 
0 
0 
0 
0 
0 
0 
0 
0 
0 
0 
0 
0 
0 
0 
0 
0 
0 
0 
0 
0 
0 
0 
0 
0 
0 
0 
0 
0 
0 
0 
0 
0 
0 
0 
0 
0 
0 
0 
0 
0 
0 
0 
0 
0 
0 
0 
0 
0 
0 
0 
0 
0 
0 
0 
0 
0 
0 
0 
0 
0 
0 
0 
0 
0 
0 
0 
0 
0 
0 
0 
0 
0 
0 
0 
0 
0 
0 
0 
0 
0 
0 
0 
0 
0 
0 
0 
0 
0 
0 
0 
0 
0 
0 
0 
0 
0 
0 
0 
0 
0 
0 
0 
0 
0 
0 
0 
0 
0 
0 
0 
0 
0 
0 
0 
0 
0 
0 
0 
0 
0 
0 
0 
0 
0 
0 
0 
0 
0 
0 
0 
0 
0 
0 
0 
0 
0 
0 
0 
0 
0 
0 
0 
0 
0 
0 
0 
0 
0 
0 
0 
0 
0 
0 
0 
0 
0 
0 
0 
0 
0 
0 
0 
0 
0 
0 
0 
0 
0 
0 
0 
0 
0 
0 
0 
0 
0 
0 
0 
0 
0 
0 
0 
0 
0 
0 
0 
0 
0 
0 
0 
0 
0 
0 
0 
0 
0 
0 
0 
0 
0 
0 
0 
0 
0 
0 
0 
0 
0 
0 
0 
0 
0 
0 
0 
0 
0 
0 
0 
0 
0 
0 
0 
0 
0 
0 
0 
0 
0 
0 
0 
0 
0 
0 
0 
0 
0 
0 
0 
0 
0 
0 
0 
0 
0 
0 
0 
0 
0 
0 
0 
0 
0 
0 
0 
0 
0 
0 
0 
0 
0 
0 
0 
0 
0 
0 
0 
0 
0 
0 
0 
0 
0 
0 
0 
0 
0 
0 
0 
0 
0 
0 
0 
0 
0 
0 
0 
0 
0 
0 
0 
0 
0 
0 
0 
0 
0 
0 
0 
0 
0 
0 
0 
0 
0 
0 
0 
0 
0 
0 
0 
0 
0 
0 
0 
0 
0 
0 
0 
0 
0 
0 
0 
0 
0 
0 
0 
0 
0 
0 
0 
0 
0 
0 
0 
0 
0 
0 
0 
0 
0 
0 
0 
0 
0 
0 
0 
0 
0 
0 
0 
0 
0 
0 
0 
0 
0 
0 
0 
0 
0 
0 
0 
0 
0 
0 
0 
0 
0 
0 
0 
0 
0 
0 
0 
0 
0 
0 
0 
0 
0 
0 
0 
0 
0 
0 
0 
0 
0 
0 
0 
0 
0 
0 
0 
0 
0 
0 
0 
0 
0 
0 
0 
0 
0 
0 
0 
0 
0 
0 
0 
0 
0 
0 
0 
0 
0 
0 
0 
0 
0 
0 
0 
0 
0 
0 
0 
0 
0 
0 
0 
0 
0 
0 
0 
0 
0 
0 
0 
0 
0 
0 
0 
0 
0 
0 
0 
0 
0 
0 
0 
0 
0 
0 
0 
0 
0 
0 
0 
0 
0 
0 
0 
0 
0 
0 
0 
0 
0 
0 
0 
0 
0 
0 
0 
0 
0 
0 
0 
0 
0 
0 
0 
0 
0 
0 
0 
0 
0 
0 
0 
0 
0 
0 
0 
0 
0 
0 
0 
0 
0 
0 
0 
0 
0 
0 
0 
0 
0 
0 
0 
0 
0 
0 
0 
0 
0 
0 
0 
0 
0 
0 
0 
0 
0 
0 
0 
0 
0 
0 
0 
0 
0 
0 
0 
0 
0 
0 
0 
0 
0 
0 
0 
0 
0 
0 
0 
0 
0 
0 
0 
0 
0 
0 
0 
0 
0 
0 
0 
0 
0 
0 
0 
0 
0 
0 
0 
0 
0 
0 
0 
0 
0 
0 
0 
0 
0 
0 
0 
0 
0 
0 
0 
0 
0 
0 
0 
0 
0 
0 
0 
0 
0 
0 
0 
0 
0 
0 
0 
0 
0 
0 
0 
0 
0 
0 
0 
0 
0 
0 
0 
0 
0 
0 
0 
0 
0 
0 
0 
0 
0 
0 
0 
0 
0 
0 
0 
0 
0 
0 
0 
0 
0 
0 
0 
0 
0 
0 
0 
0 
0 
0 
0 
0 
0 
0 
0 
0 
0 
0 
0 
0 
0 
0 
0 
0 
0 
0 
0 
0 
0 
0 
0 
0 
0 
0 
0 
0 
0 
0 
0 
0 
0 
0 
0 
0 
0 
0 
0 
0 
0 
0 
0 
0 
0 
0 
0 
0 
0 
0 
0 
0 
0 
0 
0 
0 
0 
0 
0 
0 
0 
0 
0 
0 
0 
0 
0 
0 
0 
0 
0 
0 
0 
0 
0 
0 
0 
0 
0 
0 
0 
0 
0 
0 
0 
0 
0 
0 
0 
0 
0 
0 
0 
0 
0 
0 
0 
0 
0 
0 
0 
0 
0 
0 
0 
0 
0 
0 
0 
0 
0 
0 
0 
0 
0 
0 
0 
0 
0 
0 
0 
0 
0 
0 
0 
0 
0 
0 
0 
0 
0 
0 
0 
0 
0 
0 
0 
0 
0 
0 
0 
0 
0 
0 
0 
0 
0 
0 
0 
0 
0 
0 
0 
0 
0 
0 
0 
0 
0 
0 
0 
0 
0 
0 
0 
0 
0 
0 
0 
0 
0 
0 
0 
0 
0 
0 
0 
0 
0 
0 
0 
0 
0 
0 
0 
0 
0 
0 
0 
0 
0 
0 
0 
0 
0 
0 
0 
0 
0 
0 
0 
0 
0 
0 
0 
0 
0 
0 
0 
0 
0 
0 
0 
0 
0 
0 
0 
0 
0 
0 
0 
0 
0 
0 
0 
0 
0 
0 
0 
0 
0 
0 
0 
0 
0 
0 
0 
0 
0 
0 
0 
0 
0 
0 
0 
0 
0 
0 
0 
0 
0 
0 
0 
0 
0 
0 
0 
0 
0 
0 
0 
0 
0 
0 
0 
0 
0 
0 
0 
0 
0 
0 
0 
0 
0 
0 
0 
0 
0 
0 
0 
0 
0 
0 
0 
0 
0 
0 
0 
0 
0 
0 
0 
0 
0 
0 
0 
0 
0 
0 
0 
0 
0 
0 
0 
0 
0 
0 
0 
0 
0 
0 
0 
0 
0 
0 
0 
0 
0 
0 
0 
0 
0 
0 
0 
0 
0 
0 
0 
0 
0 
0 
0 
0 
0 
0 
0 
0 
0 
0 
0 
0 
0 
0 
0 
0 
0 
0 
0 
0 
0 
0 
0 
0 
0 
0 
0 
0 
0 
0 
0 
0 
0 
0 
0 
0 
0 
0 
0 
0 
0 
0 
0 
0 
0 
0 
0 
0 
0 
0 
0 
0 
0 
0 
0 
0 
0 
0 
0 
0 
0 
0 
0 
0 
0 
0 
0 
0 
0 
0 
0 
0 
0 
0 
0 
0 
0 
0 
0 
0 
0 
0 
0 
0 
0 
0 
0 
0 
0 
0 
0 
0 
0 
0 
0 
0 
0 
0 
0 
0 
0 
0 
0 
0 
0 
0 
0 
0 
0 
0 
0 
0 
0 
0 
0 
0 
0 
0 
0 
0 
0 
0 
0 
0 
0 
0 
0 
0 
0 
0 
0 
0 
0 
0 
0 
0 
0 
0 
0 
0 
0 
0 
0 
0 
0 
0 
0 
0 
0 
0 
0 
0 
0 
0 
0 
0 
0 
0 
0 
0 
0 
0 
0 
0 
0 
0 
0 
0 
0 
0 
0 
0 
0 
0 
0 
0 
0 
0 
0 
0 
0 
0 
0 
0 
0 
0 
0 
0 
0 
0 
0 
0 
0 
0 
0 
0 
0 
0 
0 
0 
0 
0 
0 
0 
0 
0 
0 
0 
0 
0 
0 
0 
0 
0 
0 
0 
0 
0 
0 
0 
0 
0 
0 
0 
0 
0 
0 
0 
0 
0 
0 
0 
0 
0 
0 
0 
0 
0 
0 
0 
0 
0 
0 
0 
0 
0 
0 
0 
0 
0 
0 
0 
0 
0 
0 
0 
0 
0 
0 
0 
0 
0 
0 
0 
0 
0 
0 
0 
0 
0 
0 
0 
0 
0 
0 
0 
0 
0 
0 
0 
0 
0 
0 
0 
0 
0 
0 
0 
0 
0 
0 
0 
0 
0 
0 
0 
0 
0 
0 
0 
0 
0 
0 
0 
0 
0 
0 
0 
0 
0 
0 
0 
0 
0 
0 
0 
0 
0 
0 
0 
0 
0 
0 
0 
0 
0 
0 
0 
0 
0 
0 
0 
0 
0 
0 
0 
0 
0 
0 
0 
0 
0 
0 
0 
0 
0 
0 
0 
0 
0 
0 
0 
0 
0 
0 
0 
0 
0 
0 
0 
0 
0 
0 
0 
0 
0 
0 
0 
0 
0 
0 
0 
0 
0 
0 
0 
0 
0 
0 
0 
0 
0 
0 
0 
0 
0 
0 
0 
0 
0 
0 
0 
0 
0 
0 
0 
0 
0 
0 
0 
0 
0 
0 
0 
0 
0 
0 
0 
0 
0 
0 
0 
0 
0 
0 
0 
0 
0 
0 
0 
0 
0 
0 
0 
0 
0 
0 
0 
0 
0 
0 
0 
0 
0 
0 
0 
0 
0 
0 
0 
0 
0 
0 
0 
0 
0 
0 
0 
0 
0 
0 
0 
0 
0 
0 
0 
0 
0 
0 
0 
0 
0 
0 
0 
0 
0 
0 
0 
0 
0 
0 
0 
0 
0 
0 
0 
0 
0 
0 
0 
0 
0 
0 
0 
0 
0 
0 
0 
0 
0 
0 
0 
0 
0 
0 
0 
0 
0 
0 
0 
0 
0 
0 
0 
0 
0 
0 
0 
0 
0 
0 
0 
0 
0 
0 
0 
0 
0 
0 
0 
0 
0 
0 
0 
0 
0 
0 
0 
0 
0 
0 
0 
0 
0 
0 
0 
0 
0 
0 
0 
0 
0 
0 
0 
0 
0 
0 
0 
0 
0 
0 
0 
0 
0 
0 
0 
0 
0 
0 
0 
0 
0 
0 
0 
0 
0 
0 
0 
0 
0 
0 
0 
0 
0 
0 
0 
0 
0 
0 
0 
0 
0 
0 
0 
0 
0 
0 
0 
0 
0 
0 
0 
0 
0 
0 
0 
0 
0 
0 
0 
0 
0 
0 
0 
0 
0 
0 
0 
0 
0 
0 
0 
0 
0 
0 
0 
0 
0 
0 
0 
0 
0 
0 
0 
0 
0 
0 
0 
0 
0 
0 
0 
0 
0 
0 
0 
0 
0 
0 
0 
0 
0 
0 
0 
0 
0 
0 
0 
0 
0 
0 
0 
0 
0 
0 
0 
0 
0 
0 
0 
0 
0 
0 
0 
0 
0 
0 
0 
0 
0 
0 
0 
0 
0 
0 
0 
0 
0 
0 
0 
0 
0 
0 
0 
0 
0 
0 
0 
0 
0 
0 
0 
0 
0 
0 
0 
0 
0 
0 
0 
0 
0 
0 
0 
0 
0 
0 
0 
0 
0 
0 
0 
0 
0 
0 
0 
0 
0 
0 
0 
0 
0 
0 
0 
0 
0 
0 
0 
0 
0 
0 
0 
0 
0 
0 
0 
0 
0 
0 
0 
0 
0 
0 
0 
0 
0 
0 
0 
0 
0 
0 
0 
0 
0 
0 
0 
0 
0 
0 
0 
0 
0 
0 
0 
0 
0 
0 
0 
0 
0 
0 
0 
0 
0 
0 
0 
0 
0 
0 
0 
0 
0 
0 
0 
0 
0 
0 
0 
0 
0 
0 
0 
0 
0 
0 
0 
0 
0 
0 
0 
0 
0 
0 
0 
0 
0 
0 
0 
0 
0 
0 
0 
0 
0 
0 
0 
0 
0 
0 
0 
0 
0 
0 
0 
0 
0 
0 
0 
0 
0 
0 
0 
0 
0 
0 
0 
0 
0 
0 
0 
0 
0 
0 
0 
0 
0 
0 
0 
0 
0 
0 
0 
0 
0 
0 
0 
0 
0 
0 
0 
0 
0 
0 
0 
0 
0 
0 
0 
0 
0 
0 
0 
0 
0 
0 
0 
0 
0 
0 
0 
0 
0 
0 
0 
0 
0 
0 
0 
0 
0 
0 
0 
0 
0 
0 
0 
0 
0 
0 
0 
0 
0 
0 
0 
0 
0 
0 
0 
0 
0 
0 
0 
0 
0 
0 
0 
0 
0 
0 
0 
0 
0 
0 
0 
0 
0 
0 
0 
0 
0 
0 
0 
0 
0 
0 
0 
0 
0 
0 
0 
0 
0 
0 
0 
0 
0 
0 
0 
0 
0 
0 
0 
0 
0 
0 
0 
0 
0 
0 
0 
0 
0 
0 
0 
0 
0 
0 
0 
0 
0 
0 
0 
0 
0 
0 
0 
0 
0 
0 
0 
0 
0 
0 
0 
0 
0 
0 
0 
0 
0 
0 
0 
0 
0 
0 
0 
0 
0 
0 
0 
0 
0 
0 
0 
0 
0 
0 
0 
0 
0 
0 
0 
0 
0 
0 
0 
0 
0 
0 
0 
0 
0 
0 
0 
0 
0 
0 
0 
0 
0 
0 
0 
0 
0 
0 
0 
0 
0 
0 
0 
0 
0 
0 
0 
0 
0 
0 
0 
0 
0 
0 
0 
0 
0 
0 
0 
0 
0 
0 
0 
0 
0 
0 
0 
0 
0 
0 
0 
0 
0 
0 
0 
0 
0 
0 
0 
0 
0 
0 
0 
0 
0 
0 
0 
0 
0 
0 
0 
0 
0 
0 
0 
0 
0 
0 
0 
0 
0 
0 
0 
0 
0 
0 
0 
0 
0 
0 
0 
0 
0 
0 
0 
0 
0 
0 
0 
0 
0 
0 
0 
0 
0 
0 
0 
0 
0 
0 
0 
0 
0 
0 
0 
0 
0 
0 
0 
0 
0 
0 
0 
0 
0 
0 
0 
0 
0 
0 
0 
0 
0 
0 
0 
0 
0 
0 
0 
0 
0 
0 
0 
0 
0 
0 
0 
0 
0 
0 
0 
0 
0 
0 
0 
0 
0 
0 
0 
0 
0 
0 
0 
0 
0 
0 
0 
0 
0 
0 
0 
0 
0 
0 
0 
0 
0 
0 
0 
0 
0 
0 
0 
0 
0 
0 
0 
0 
0 
0 
0 
0 
0 
0 
0 
0 
0 
0 
0 
0 
0 
0 
0 
0 
0 
0 
0 
0 
0 
0 
0 
0 
0 
0 
0 
0 
0 
0 
0 
0 
0 
0 
0 
0 
0 
0 
0 
0 
0 
0 
0 
0 
0 
0 
0 
0 
0 
0 
0 
0 
0 
0 
0 
0 
0 
0 
0 
0 
0 
0 
0 
0 
0 
0 
0 
0 
0 
0 
0 
0 
0 
0 
0 
0 
0 
0 
0 
0 
0 
0 
0 
0 
0 
0 
0 
0 
0 
0 
0 
0 
0 
0 
0 
0 
0 
0 
0 
0 
0 
0 
0 
0 
0 
0 
0 
0 
0 
0 
0 
0 
0 
0 
0 
0 
0 
0 
0 
0 
0 
0 
0 
0 
0 
0 
0 
0 
0 
0 
0 
0 
0 
0 
0 
0 
0 
0 
0 
0 
0 
0 
0 
0 
0 
0 
0 
0 
0 
0 
0 
0 
0 
0 
0 
0 
0 
0 
0 
0 
0 
0 
0 
0 
0 
0 
0 
0 
0 
0 
0 
0 
0 
0 
0 
0 
0 
0 
0 
0 
0 
0 
0 
0 
0 
0 
0 
0 
0 
0 
0 
0 
0 
0 
0 
0 
0 
0 
0 
0 
0 
0 
0 
0 
0 
0 
0 
0 
0 
0 
0 
0 
0 
0 
0 
0 
0 
0 
0 
0 
0 
0 
0 
0 
0 
0 
0 
0 
0 
0 
0 
0 
0 
0 
0 
0 
0 
0 
0 
0 
0 
0 
0 
0 
0 
0 
0 
0 
0 
0 
0 
0 
0 
0 
0 
0 
0 
0 
0 
0 
0 
0 
0 
0 
0 
0 
0 
0 
0 
0 
0 
0 
0 
0 
0 
0 
0 
0 
0 
0 
0 
0 
0 
0 
0 
0 
0 
0 
0 
0 
0 
0 
0 
0 
0 
0 
0 
0 
0 
0 
0 
0 
0 
0 
0 
0 
0 
0 
0 
0 
0 
0 
0 
0 
0 
0 
0 
0 
0 
0 
0 
0 
0 
0 
0 
0 
0 
0 
0 
0 
0 
0 
0 
0 
0 
0 
0 
0 
0 
0 
0 
0 
0 
0 
0 
0 
0 
0 
0 
0 
0 
0 
0 
0 
0 
0 
0 
0 
0 
0 
0 
0 
0 
0 
0 
0 
0 
0 
0 
0 
0 
0 
0 
0 
0 
0 
0 
0 
0 
0 
0 
0 
0 
0 
0 
0 
0 
0 
0 
0 
0 
0 
0 
0 
0 
0 
0 
0 
0 
0 
0 
0 
0 
0 
0 
0 
0 
0 
0 
0 
0 
0 
0 
0 
0 
0 
0 
0 
0 
0 
0 
0 
0 
0 
0 
0 
0 
0 
0 
0 
0 
0 
0 
0 
0 
0 
0 
0 
0 
0 
0 
0 
0 
0 
0 
0 
0 
0 
0 
0 
0 
0 
0 
0 
0 
0 
0 
0 
0 
0 
0 
0 
0 
0 
0 
0 
0 
0 
0 
0 
0 
0 
0 
0 
0 
0 
0 
0 
0 
0 
0 
0 
0 
0 
0 
0 
0 
0 
0 
0 
0 
0 
0 
0 
0 
0 
0 
0 
0 
0 
0 
0 
0 
0 
0 
0 
0 
0 
0 
0 
0 
0 
0 
0 
0 
0 
0 
0 
0 
0 
0 
0 
0 
0 
0 
0 
0 
0 
0 
0 
0 
0 
0 
0 
0 
0 
0 
0 
0 
0 
0 
0 
0 
0 
0 
0 
0 
0 
0 
0 
0 
0 
0 
0 
0 
0 
0 
0 
0 
0 
0 
0 
0 
0 
0 
0 
0 
0 
0 
0 
0 
0 
0 
0 
0 
0 
0 
0 
0 
0 
0 
0 
0 
0 
0 
0 
0 
0 
0 
0 
0 
0 
0 
0 
0 
0 
0 
0 
0 
0 
0 
0 
0 
0 
0 
0 
0 
0 
0 
0 
0 
0 
0 
0 
0 
0 
0 
0 
0 
0 
0 
0 
0 
0 
0 
0 
0 
0 
0 
0 
0 
0 
0 
0 
0 
0 
0 
0 
0 
0 
0 
0 
0 
0 
0 
0 
0 
0 
0 
0 
0 
0 
0 
0 
0 
0 
0 
0 
0 
0 
0 
0 
0 
0 
0 
0 
0 
0 
0 
0 
0 
0 
0 
0 
0 
0 
0 
0 
0 
0 
0 
0 
0 
0 
0 
0 
0 
0 
0 
0 
0 
0 
0 
0 
0 
0 
0 
0 
0 
0 
0 
0 
0 
0 
0 
0 
0 
0 
0 
0 
0 
0 
0 
0 
0 
0 
0 
0 
0 
0 
0 
0 
0 
0 
0 
0 
0 
0 
0 
0 
0 
0 
0 
0 
0 
0 
0 
0 
0 
0 
0 
0 
0 
0 
0 
0 
0 
0 
0 
0 
0 
0 
0 
0 
0 
0 
0 
0 
0 
0 
0 
0 
0 
0 
0 
0 
0 
0 
0 
0 
0 
0 
0 
0 
0 
0 
0 
0 
0 
0 
0 
0 
0 
0 
0 
0 
0 
0 
0 
0 
0 
0 
0 
0 
0 
0 
0 
0 
0 
0 
0 
0 
0 
0 
0 
0 
0 
0 
0 
0 
0 
0 
0 
0 
0 
0 
0 
0 
0 
0 
0 
0 
0 
0 
0 
0 
0 
0 
0 
0 
0 
0 
0 
0 
0 
0 
0 
0 
0 
0 
0 
0 
0 
0 
0 
0 
0 
0 
0 
0 
0 
0 
0 
0 
0 
0 
0 
0 
0 
0 
0 
0 
0 
0 
0 
0 
0 
0 
0 
0 
0 
0 
0 
0 
0 
0 
0 
0 
0 
0 
0 
0 
0 
0 
0 
0 
0 
0 
0 
0 
0 
0 
0 
0 
0 
0 
0 
0 
0 
0 
0 
0 
0 
0 
0 
0 
0 
0 
0 
0 
0 
0 
0 
0 
0 
0 
0 
0 
0 
0 
0 
0 
0 
0 
0 
0 
0 
0 
0 
0 
0 
0 
0 
0 
0 
0 
0 
0 
0 
0 
0 
0 
0 
0 
0 
0 
0 
0 
0 
0 
0 
0 
0 
0 
0 
0 
0 
0 
0 
0 
0 
0 
0 
0 
0 
0 
0 
0 
0 
0 
0 
0 
0 
0 
0 
0 
0 
0 
0 
0 
0 
0 
0 
0 
0 
0 
0 
0 
0 
0 
0 
0 
0 
0 
0 
0 
0 
0 
0 
0 
0 
0 
0 
0 
0 
0 
0 
0 
0 
0 
0 
0 
0 
0 
0 
0 
0 
0 
0 
0 
0 
0 
0 
0 
0 
0 
0 
0 
0 
0 
0 
0 
0 
0 
0 
0 
0 
0 
0 
0 
0 
0 
0 
0 
0 
0 
0 
0 
0 
0 
0 
0 
0 
0 
0 
0 
0 
0 
0 
0 
0 
0 
0 
0 
0 
0 
0 
0 
0 
0 
0 
0 
0 
0 
0 
0 
0 
0 
0 
0 
0 
0 
0 
0 
0 
0 
0 
0 
0 
0 
0 
0 
0 
0 
0 
0 
0 
0 
0 
0 
0 
0 
0 
0 
0 
0 
0 
0 
0 
0 
0 
0 
0 
0 
0 
0 
0 
0 
0 
0 
0 
0 
0 
0 
0 
0 
0 
0 
0 
0 
0 
0 
0 
0 
0 
0 
0 
0 
0 
0 
0 
0 
0 
0 
0 
0 
0 
0 
0 
0 
0 
0 
0 
0 
0 
0 
0 
0 
0 
0 
0 
0 
0 
0 
0 
0 
0 
0 
0 
0 
0 
0 
0 
0 
0 
0 
0 
0 
0 
0 
0 
0 
0 
0 
0 
0 
0 
0 
0 
0 
0 
0 
0 
0 
0 
0 
0 
0 
0 
0 
0 
0 
0 
0 
0 
0 
0 
0 
0 
0 
0 
0 
0 
0 
0 
0 
0 
0 
0 
0 
0 
0 
0 
0 
0 
0 
0 
0 
0 
0 
0 
0 
0 
0 
0 
0 
0 
0 
0 
0 
0 
0 
0 
0 
0 
0 
0 
0 
0 
0 
0 
0 
0 
0 
0 
0 
0 
0 
0 
0 
0 
0 
0 
0 
0 
0 
0 
0 
0 
0 
0 
0 
0 
0 
0 
0 
0 
0 
0 
0 
0 
0 
0 
0 
0 
0 
0 
0 
0 
0 
0 
0 
0 
0 
0 
0 
0 
0 
0 
0 
0 
0 
0 
0 
0 
0 
0 
0 
0 
0 
0 
0 
0 
0 
0 
0 
0 
0 
0 
0 
0 
0 
0 
0 
0 
0 
0 
0 
0 
0 
0 
0 
0 
0 
0 
0 
0 
0 
0 
0 
0 
0 
0 
0 
0 
0 
0 
0 
0 
0 
0 
0 
0 
0 
0 
0 
0 
0 
0 
0 
0 
0 
0 
0 
0 
0 
0 
0 
0 
0 
0 
0 
0 
0 
0 
0 
0 
0 
0 
0 
0 
0 
0 
0 
0 
0 
0 
0 
0 
0 
0 
0 
0 
0 
0 
0 
0 
0 
0 
0 
0 
0 
0 
0 
0 
0 
0 
0 
0 
0 
0 
0 
0 
0 
0 
0 
0 
0 
0 
0 
0 
0 
0 
0 
0 
0 
0 
0 
0 
0 
0 
0 
0 
0 
0 
0 
0 
0 
0 
0 
0 
0 
0 
0 
0 
0 
0 
0 
0 
0 
0 
0 
0 
0 
0 
0 
0 
0 
0 
0 
0 
0 
0 
0 
0 
0 
0 
0 
0 
0 
0 
0 
0 
0 
0 
0 
0 
0 
0 
0 
0 
0 
0 
0 
0 
0 
0 
0 
0 
0 
0 
0 
0 
0 
0 
0 
0 
0 
0 
0 
0 
0 
0 
0 
0 
0 
0 
0 
0 
0 
0 
0 
0 
0 
0 
0 
0 
0 
0 
0 
0 
0 
0 
0 
0 
0 
0 
0 
0 
0 
0 
0 
0 
0 
0 
0 
0 
0 
0 
0 
0 
0 
0 
0 
0 
0 
0 
0 
0 
0 
0 
0 
0 
0 
0 
0 
0 
0 
0 
0 
0 
0 
0 
0 
0 
0 
0 
0 
0 
0 
0 
0 
0 
0 
0 
0 
0 
0 
0 
0 
0 
0 
0 
0 
0 
0 
0 
0 
0 
0 
0 
0 
0 
0 
0 
0 
0 
0 
0 
0 
0 
0 
0 
0 
0 
0 
0 
0 
0 
0 
0 
0 
0 
0 
0 
0 
0 
0 
0 
0 
0 
0 
0 
0 
0 
0 
0 
0 
0 
0 
0 
0 
0 
0 
0 
0 
0 
0 
0 
0 
0 
0 
0 
0 
0 
0 
0 
0 
0 
0 
0 
0 
0 
0 
0 
0 
0 
0 
0 
0 
0 
0 
0 
0 
0 
0 
0 
0 
0 
0 
0 
0 
0 
0 
0 
0 
0 
0 
0 
0 
0 
0 
0 
0 
0 
0 
0 
0 
0 
0 
0 
0 
0 
0 
0 
0 
0 
0 
0 
0 
0 
0 
0 
0 
0 
0 
0 
0 
0 
0 
0 
0 
0 
0 
0 
0 
0 
0 
0 
0 
0 
0 
0 
0 
0 
0 
0 
0 
0 
0 
0 
0 
0 
0 
0 
0 
0 
0 
0 
0 
0 
0 
0 
0 
0 
0 
0 
0 
0 
0 
0 
0 
0 
0 
0 
0 
0 
0 
0 
0 
0 
0 
0 
0 
0 
0 
0 
0 
0 
0 
0 
0 
0 
0 
0 
0 
0 
0 
0 
0 
0 
0 
0 
0 
0 
0 
0 
0 
0 
0 
0 
0 
0 
0 
0 
0 
0 
0 
0 
0 
0 
0 
0 
0 
0 
0 
0 
0 
0 
0 
0 
0 
0 
0 
0 
0 
0 
0 
0 
0 
0 
0 
0 
0 
0 
0 
0 
0 
0 
0 
0 
0 
0 
0 
0 
0 
0 
0 
0 
0 
0 
0 
0 
0 
0 
0 
0 
0 
0 
0 
0 
0 
0 
0 
0 
0 
0 
0 
0 
0 
0 
0 
0 
0 
0 
0 
0 
0 
0 
0 
0 
0 
0 
0 
0 
0 
0 
0 
0 
0 
0 
0 
0 
0 
0 
0 
0 
0 
0 
0 
0 
0 
0 
0 
0 
0 
0 
0 
0 
0 
0 
0 
0 
0 
0 
0 
0 
0 
0 
0 
0 
0 
0 
0 
0 
0 
0 
0 
0 
0 
0 
0 
0 
0 
0 
0 
0 
0 
0 
0 
0 
0 
0 
0 
0 
0 
0 
0 
0 
0 
0 
0 
0 
0 
0 
0 
0 
0 
0 
0 
0 
0 
0 
0 
0 
0 
0 
0 
0 
0 
0 
0 
0 
0 
0 
0 
0 
0 
0 
0 
0 
0 
0 
0 
0 
0 
0 
0 
0 
0 
0 
0 
0 
0 
0 
0 
0 
0 
0 
0 
0 
0 
0 
0 
0 
0 
0 
0 
0 
0 
0 
0 
0 
0 
0 
0 
0 
0 
0 
0 
0 
0 
0 
0 
0 
0 
0 
0 
0 
0 
0 
0 
0 
0 
0 
0 
0 
0 
0 
0 
0 
0 
0 
0 
0 
0 
0 
0 
0 
0 
0 
0 
0 
0 
0 
0 
0 
0 
0 
0 
0 
0 
0 
0 
0 
0 
0 
0 
0 
0 
0 
0 
0 
0 
0 
0 
0 
0 
0 
0 
0 
0 
0 
0 
0 
0 
0 
0 
0 
0 
0 
0 
0 
0 
0 
0 
0 
0 
0 
0 
0 
0 
0 
0 
0 
0 
0 
0 
0 
0 
0 
0 
0 
0 
0 
0 
0 
0 
0 
0 
0 
0 
0 
0 
0 
0 
0 
0 
0 
0 
0 
0 
0 
0 
0 
0 
0 
0 
0 
0 
0 
0 
0 
0 
0 
0 
0 
0 
0 
0 
0 
0 
0 
0 
0 
0 
0 
0 
0 
0 
0 
0 
0 
0 
0 
0 
0 
0 
0 
0 
0 
0 
0 
0 
0 
0 
0 
0 
0 
0 
0 
0 
0 
0 
0 
0 
0 
0 
0 
0 
0 
0 
0 
0 
0 
0 
0 
0 
0 
0 
0 
0 
0 
0 
0 
0 
0 
0 
0 
0 
0 
0 
0 
0 
0 
0 
0 
0 
0 
0 
0 
0 
0 
0 
0 
0 
0 
0 
0 
0 
0 
0 
0 
0 
0 
0 
0 
0 
0 
0 
0 
0 
0 
0 
0 
0 
0 
0 
0 
0 
0 
0 
0 
0 
0 
0 
0 
0 
0 
0 
0 
0 
0 
0 
0 
0 
0 
0 
0 
0 
0 
0 
0 
0 
0 
0 
0 
0 
0 
0 
0 
0 
0 
0 
0 
0 
0 
0 
0 
0 
0 
0 
0 
0 
0 
0 
0 
0 
0 
0 
0 
0 
0 
0 
0 
0 
0 
0 
0 
0 
0 
0 
0 
0 
0 
0 
0 
0 
0 
0 
0 
0 
0 
0 
0 
0 
0 
0 
0 
0 
0 
0 
0 
0 
0 
0 
0 
0 
0 
0 
0 
0 
0 
0 
0 
0 
0 
0 
0 
0 
0 
0 
0 
0 
0 
0 
0 
0 
0 
0 
0 
0 
0 
0 
0 
0 
0 
0 
0 
0 
0 
0 
0 
0 
0 
0 
0 
0 
0 
0 
0 
0 
0 
0 
0 
0 
0 
0 
0 
0 
0 
0 
0 
0 
0 
0 
0 
0 
0 
0 
0 
0 
0 
0 
0 
0 
0 
0 
0 
0 
0 
0 
0 
0 
0 
0 
0 
0 
0 
0 
0 
0 
0 
0 
0 
0 
0 
0 
0 
0 
0 
0 
0 
0 
0 
0 
0 
0 
0 
0 
0 
0 
0 
0 
0 
0 
0 
0 
0 
0 
0 
0 
0 
0 
0 
0 
0 
0 
0 
0 
0 
0 
0 
0 
0 
0 
0 
0 
0 
0 
0 
0 
0 
0 
0 
0 
0 
0 
0 
0 
0 
0 
0 
0 
0 
0 
0 
0 
0 
0 
0 
0 
0 
0 
0 
0 
0 
0 
0 
0 
0 
0 
0 
0 
0 
0 
0 
0 
0 
0 
0 
0 
0 
0 
0 
0 
0 
0 
0 
0 
0 
0 
0 
0 
0 
0 
0 
0 
0 
0 
0 
0 
0 
0 
0 
0 
0 
0 
0 
0 
0 
0 
0 
0 
0 
0 
0 
0 
0 
0 
0 
0 
0 
0 
0 
0 
0 
0 
0 
0 
0 
0 
0 
0 
0 
0 
0 
0 
0 
0 
0 
0 
0 
0 
0 
0 
0 
0 
0 
0 
0 
0 
0 
0 
0 
0 
0 
0 
0 
0 
0 
0 
0 
0 
0 
0 
0 
0 
0 
0 
0 
0 
0 
0 
0 
0 
0 
0 
0 
0 
0 
0 
0 
0 
0 
0 
0 
0 
0 
0 
0 
0 
0 
0 
0 
0 
0 
0 
0 
0 
0 
0 
0 
0 
0 
0 
0 
0 
0 
0 
0 
0 
0 
0 
0 
0 
0 
0 
0 
0 
0 
0 
0 
0 
0 
0 
0 
0 
0 
0 
0 
0 
0 
0 
0 
0 
0 
0 
0 
0 
0 
0 
0 
0 
0 
0 
0 
0 
0 
0 
0 
0 
0 
0 
0 
0 
0 
0 
0 
0 
0 
0 
0 
0 
0 
0 
0 
0 
0 
0 
0 
0 
0 
0 
0 
0 
0 
0 
0 
0 
0 
0 
0 
0 
0 
0 
0 
0 
0 
0 
0 
0 
0 
0 
0 
0 
0 
0 
0 
0 
0 
0 
0 
0 
0 
0 
0 
0 
0 
0 
0 
0 
0 
0 
0 
0 
0 
0 
0 
0 
0 
0 
0 
0 
0 
0 
0 
0 
0 
0 
0 
0 
0 
0 
0 
0 
0 
0 
0 
0 
0 
0 
0 
0 
0 
0 
0 
0 
0 
0 
0 
0 
0 
0 
0 
0 
0 
0 
0 
0 
0 
0 
0 
0 
0 
0 
0 
0 
0 
0 
0 
0 
0 
0 
0 
0 
0 
0 
0 
0 
0 
0 
0 
0 
0 
0 
0 
0 
0 
0 
0 
0 
0 
0 
0 
0 
0 
0 
0 
0 
0 
0 
0 
0 
0 
0 
0 
0 
0 
0 
0 
0 
0 
0 
0 
0 
0 
0 
0 
0 
0 
0 
0 
0 
0 
0 
0 
0 
0 
0 
0 
0 
0 
0 
0 
0 
0 
0 
0 
0 
0 
0 
0 
0 
0 
0 
0 
0 
0 
0 
0 
0 
0 
0 
0 
0 
0 
0 
0 
0 
0 
0 
0 
0 
0 
0 
0 
0 
0 
0 
0 
0 
0 
0 
0 
0 
0 
0 
0 
0 
0 
0 
0 
0 
0 
0 
0 
0 
0 
0 
0 
0 
0 
0 
0 
0 
0 
0 
0 
0 
0 
0 
0 
0 
0 
0 
0 
0 
0 
0 
0 
0 
0 
0 
0 
0 
0 
0 
0 
0 
0 
0 
0 
0 
0 
0 
0 
0 
0 
0 
0 
0 
0 
0 
0 
0 
0 
0 
0 
0 
0 
0 
0 
0 
0 
0 
0 
0 
0 
0 
0 
0 
0 
0 
0 
0 
0 
0 
0 
0 
0 
0 
0 
0 
0 
0 
0 
0 
0 
0 
0 
0 
0 
0 
0 
0 
0 
0 
0 
0 
0 
0 
0 
0 
0 
0 
0 
0 
0 
0 
0 
0 
0 
0 
0 
0 
0 
0 
0 
0 
0 
0 
0 
0 
0 
0 
0 
0 
0 
0 
0 
0 
0 
0 
0 
0 
0 
0 
0 
0 
0 
0 
0 
0 
0 
0 
0 
0 
0 
0 
0 
0 
0 
0 
0 
0 
0 
0 
0 
0 
0 
0 
0 
0 
0 
0 
0 
0 
0 
0 
0 
0 
0 
0 
0 
0 
0 
0 
0 
0 
0 
0 
0 
0 
0 
0 
0 
0 
0 
0 
0 
0 
0 
0 
0 
0 
0 
0 
0 
0 
0 
0 
0 
0 
0 
0 
0 
0 
0 
0 
0 
0 
0 
0 
0 
0 
0 
0 
0 
0 
0 
0 
0 
0 
0 
0 
0 
0 
0 
0 
0 
0 
0 
0 
0 
0 
0 
0 
0 
0 
0 
0 
0 
0 
0 
0 
0 
0 
0 
0 
0 
0 
0 
0 
0 
0 
0 
0 
0 
0 
0 
0 
0 
0 
0 
0 
0 
0 
0 
0 
0 
0 
0 
0 
0 
0 
0 
0 
0 
0 
0 
0 
0 
0 
0 
0 
0 
0 
0 
0 
0 
0 
0 
0 
0 
0 
0 
0 
0 
0 
0 
0 
0 
0 
0 
0 
0 
0 
0 
0 
0 
0 
0 
0 
0 
0 
0 
0 
0 
0 
0 
0 
0 
0 
0 
0 
0 
0 
0 
0 
0 
0 
0 
0 
0 
0 
0 
0 
0 
0 
0 
0 
0 
0 
0 
0 
0 
0 
0 
0 
0 
0 
0 
0 
0 
0 
0 
0 
0 
0 
0 
0 
0 
0 
0 
0 
0 
0 
0 
0 
0 
0 
0 
0 
0 
0 
0 
0 
0 
0 
0 
0 
0 
0 
0 
0 
0 
0 
0 
0 
0 
0 
0 
0 
0 
0 
0 
0 
0 
0 
0 
0 
0 
0 
0 
0 
0 
0 
0 
0 
0 
0 
0 
0 
0 
0 
0 
0 
0 
0 
0 
0 
0 
0 
0 
0 
0 
0 
0 
0 
0 
0 
0 
0 
0 
0 
0 
0 
0 
0 
0 
0 
0 
0 
0 
0 
0 
0 
0 
0 
0 
0 
0 
0 
0 
0 
0 
0 
0 
0 
0 
0 
0 
0 
0 
0 
0 
0 
0 
0 
0 
0 
0 
0 
0 
0 
0 
0 
0 
0 
0 
0 
0 
0 
0 
0 
0 
0 
0 
0 
0 
0 
0 
0 
0 
0 
0 
0 
0 
0 
0 
0 
0 
0 
0 
0 
0 
0 
0 
0 
0 
0 
0 
0 
0 
0 
0 
0 
0 
0 
0 
0 
0 
0 
0 
0 
0 
0 
0 
0 
0 
0 
0 
0 
0 
0 
0 
0 
0 
0 
0 
0 
0 
0 
0 
0 
0 
0 
0 
0 
0 
0 
0 
0 
0 
0 
0 
0 
0 
0 
0 
0 
0 
0 
0 
0 
0 
0 
0 
0 
0 
0 
0 
0 
0 
0 
0 
0 
0 
0 
0 
0 
0 
0 
0 
0 
0 
0 
0 
0 
0 
0 
0 
0 
0 
0 
0 
0 
0 
0 
0 
0 
0 
0 
0 
0 
0 
0 
0 
0 
0 
0 
0 
0 
0 
0 
0 
0 
0 
0 
0 
0 
0 
0 
0 
0 
0 
0 
0 
0 
0 
0 
0 
0 
0 
0 
0 
0 
0 
0 
0 
0 
0 
0 
0 
0 
0 
0 
0 
0 
0 
0 
0 
0 
0 
0 
0 
0 
0 
0 
0 
0 
0 
0 
0 
0 
0 
0 
0 
0 
0 
0 
0 
0 
0 
0 
0 
0 
0 
0 
0 
0 
0 
0 
0 
0 
0 
0 
0 
0 
0 
0 
0 
0 
0 
0 
0 
0 
0 
0 
0 
0 
0 
0 
0 
0 
0 
0 
0 
0 
0 
0 
0 
0 
0 
0 
0 
0 
0 
0 
0 
0 
0 
0 
0 
0 
0 
0 
0 
0 
0 
0 
0 
0 
0 
0 
0 
0 
0 
0 
0 
0 
0 
0 
0 
0 
0 
0 
0 
0 
0 
0 
0 
0 
0 
0 
0 
0 
0 
0 
0 
0 
0 
0 
0 
0 
0 
0 
0 
0 
0 
0 
0 
0 
0 
0 
0 
0 
0 
0 
0 
0 
0 
0 
0 
0 
0 
0 
0 
0 
0 
0 
0 
0 
0 
0 
0 
0 
0 
0 
0 
0 
0 
0 
0 
0 
0 
0 
0 
0 
0 
0 
0 
0 
0 
0 
0 
0 
0 
0 
0 
0 
0 
0 
0 
0 
0 
0 
0 
0 
0 
0 
0 
0 
0 
0 
0 
0 
0 
0 
0 
0 
0 
0 
0 
0 
0 
0 
0 
0 
0 
0 
0 
0 
0 
0 
0 
0 
0 
0 
0 
0 
0 
0 
0 
0 
0 
0 
0 
0 
0 
0 
0 
0 
0 
0 
0 
0 
0 
0 
0 
0 
0 
0 
0 
0 
0 
0 
0 
0 
0 
0 
0 
0 
0 
0 
0 
0 
0 
0 
0 
0 
0 
0 
0 
0 
0 
0 
0 
0 
0 
0 
0 
0 
0 
0 
0 
0 
0 
0 
0 
0 
0 
0 
0 
0 
0 
0 
0 
0 
0 
0 
0 
0 
0 
0 
0 
0 
0 
0 
0 
0 
0 
0 
0 
0 
0 
0 
0 
0 
0 
0 
0 
0 
0 
0 
0 
0 
0 
0 
0 
0 
0 
0 
0 
0 
0 
0 
0 
0 
0 
0 
0 
0 
0 
0 
0 
0 
0 
0 
0 
0 
0 
0 
0 
0 
0 
0 
0 
0 
0 
0 
0 
0 
0 
0 
0 
0 
0 
0 
0 
0 
0 
0 
0 
0 
0 
0 
0 
0 
0 
0 
0 
0 
0 
0 
0 
0 
0 
0 
0 
0 
0 
0 
0 
0 
0 
0 
0 
0 
0 
0 
0 
0 
0 
0 
0 
0 
0 
0 
0 
0 
0 
0 
0 
0 
0 
0 
0 
0 
0 
0 
0 
0 
0 
0 
0 
0 
0 
0 
0 
0 
0 
0 
0 
0 
0 
0 
0 
0 
0 
0 
0 
0 
0 
0 
0 
0 
0 
0 
0 
0 
0 
0 
0 
0 
0 
0 
0 
0 
0 
0 
0 
0 
0 
0 
0 
0 
0 
0 
0 
0 
0 
0 
0 
0 
0 
0 
0 
0 
0 
0 
0 
0 
0 
0 
0 
0 
0 
0 
0 
0 
0 
0 
0 
0 
0 
0 
0 
0 
0 
0 
0 
0 
0 
0 
0 
0 
0 
0 
0 
0 
0 
0 
0 
0 
0 
0 
0 
0 
0 
0 
0 
0 
0 
0 
0 
0 
0 
0 
0 
0 
0 
0 
0 
0 
0 
0 
0 
0 
0 
0 
0 
0 
0 
0 
0 
0 
0 
0 
0 
0 
0 
0 
0 
0 
0 
0 
0 
0 
0 
0 
0 
0 
0 
0 
0 
0 
0 
0 
0 
0 
0 
0 
0 
0 
0 
0 
0 
0 
0 
0 
0 
0 
0 
0 
0 
0 
0 
0 
0 
0 
0 
0 
0 
0 
0 
0 
0 
0 
0 
0 
0 
0 
0 
0 
0 
0 
0 
0 
0 
0 
0 
0 
0 
0 
0 
0 
0 
0 
0 
0 
0 
0 
0 
0 
0 
0 
0 
0 
0 
0 
0 
0 
0 
0 
0 
0 
0 
0 
0 
0 
0 
0 
0 
0 
0 
0 
0 
0 
0 
0 
0 
0 
0 
0 
0 
0 
0 
0 
0 
0 
0 
0 
0 
0 
0 
0 
0 
0 
0 
0 
0 
0 
0 
0 
0 
0 
0 
0 
0 
0 
0 
0 
0 
0 
0 
0 
0 
0 
0 
0 
0 
0 
0 
0 
0 
0 
0 
0 
0 
0 
0 
0 
0 
0 
0 
0 
0 
0 
0 
0 
0 
0 
0 
0 
0 
0 
0 
0 
0 
0 
0 
0 
0 
0 
0 
0 
0 
0 
0 
0 
0 
0 
0 
0 
0 
0 
0 
0 
0 
0 
0 
0 
0 
0 
0 
0 
0 
0 
0 
0 
0 
0 
0 
0 
0 
0 
0 
0 
0 
0 
0 
0 
0 
0 
0 
0 
0 
0 
0 
0 
0 
0 
0 
0 
0 
0 
0 
0 
0 
0 
0 
0 
0 
0 
0 
0 
0 
0 
0 
0 
0 
0 
0 
0 
0 
0 
0 
0 
0 
0 
0 
0 
0 
0 
0 
0 
0 
0 
0 
0 
0 
0 
0 
0 
0 
0 
0 
0 
0 
0 
0 
0 
0 
0 
0 
0 
0 
0 
0 
0 
0 
0 
0 
0 
0 
0 
0 
0 
0 
0 
0 
0 
0 
0 
0 
0 
0 
0 
0 
0 
0 
0 
0 
0 
0 
0 
0 
0 
0 
0 
0 
0 
0 
0 
0 
0 
0 
0 
0 
0 
0 
0 
0 
0 
0 
0 
0 
0 
0 
0 
0 
0 
0 
0 
0 
0 
0 
0 
0 
0 
0 
0 
0 
0 
0 
0 
0 
0 
0 
0 
0 
0 
0 
0 
0 
0 
0 
0 
0 
0 
0 
0 
0 
0 
0 
0 
0 
0 
0 
0 
0 
0 
0 
0 
0 
0 
0 
0 
0 
0 
0 
0 
0 
0 
0 
0 
0 
0 
0 
0 
0 
0 
0 
0 
0 
0 
0 
0 
0 
0 
0 
0 
0 
0 
0 
0 
0 
0 
0 
0 
0 
0 
0 
0 
0 
0 
0 
0 
0 
0 
0 
0 
0 
0 
0 
0 
0 
0 
0 
0 
0 
0 
0 
0 
0 
0 
0 
0 
0 
0 
0 
0 
0 
0 
0 
0 
0 
0 
0 
0 
0 
0 
0 
0 
0 
0 
0 
0 
0 
0 
0 
0 
0 
0 
0 
0 
0 
0 
0 
0 
0 
0 
0 
0 
0 
0 
0 
0 
0 
0 
0 
0 
0 
0 
0 
0 
0 
0 
0 
0 
0 
0 
0 
0 
0 
0 
0 
0 
0 
0 
0 
0 
0 
0 
0 
0 
0 
0 
0 
0 
0 
0 
0 
0 
0 
0 
0 
0 
0 
0 
0 
0 
0 
0 
0 
0 
0 
0 
0 
0 
0 
0 
0 
0 
0 
0 
0 
0 
0 
0 
0 
0 
0 
0 
0 
0 
0 
0 
0 
0 
0 
0 
0 
0 
0 
0 
0 
0 
0 
0 
0 
0 
0 
0 
0 
0 
0 
0 
0 
0 
0 
0 
0 
0 
0 
0 
0 
0 
0 
0 
0 
0 
0 
0 
0 
0 
0 
0 
0 
0 
0 
0 
0 
0 
0 
0 
0 
0 
0 
0 
0 
0 
0 
0 
0 
0 
0 
0 
0 
0 
0 
0 
0 
0 
0 
0 
0 
0 
0 
0 
0 
0 
0 
0 
0 
0 
0 
0 
0 
0 
0 
0 
0 
0 
0 
0 
0 
0 
0 
0 
0 
0 
0 
0 
0 
0 
0 
0 
0 
0 
0 
0 
0 
0 
0 
0 
0 
0 
0 
0 
0 
0 
0 
0 
0 
0 
0 
0 
0 
0 
0 
0 
0 
0 
0 
0 
0 
0 
0 
0 
0 
0 
0 
0 
0 
0 
0 
0 
0 
0 
0 
0 
0 
0 
0 
0 
0 
0 
0 
0 
0 
0 
0 
0 
0 
0 
0 
0 
0 
0 
0 
0 
0 
0 
0 
0 
0 
0 
0 
0 
0 
0 
0 
0 
0 
0 
0 
0 
0 
0 
0 
0 
0 
0 
0 
0 
0 
0 
0 
0 
0 
0 
0 
0 
0 
0 
0 
0 
0 
0 
0 
0 
0 
0 
0 
0 
0 
0 
0 
0 
0 
0 
0 
0 
0 
0 
0 
0 
0 
0 
0 
0 
0 
0 
0 
0 
0 
0 
0 
0 
0 
0 
0 
0 
0 
0 
0 
0 
0 
0 
0 
0 
0 
0 
0 
0 
0 
0 
0 
0 
0 
0 
0 
0 
0 
0 
0 
0 
0 
0 
0 
0 
0 
0 
0 
0 
0 
0 
0 
0 
0 
0 
0 
0 
0 
0 
0 
0 
0 
0 
0 
0 
0 
0 
0 
0 
0 
0 
0 
0 
0 
0 
0 
0 
0 
0 
0 
0 
0 
0 
0 
0 
0 
0 
0 
0 
0 
0 
0 
0 
0 
0 
0 
0 
0 
0 
0 
0 
0 
0 
0 
0 
0 
0 
0 
0 
0 
0 
0 
0 
0 
0 
0 
0 
0 
0 
0 
0 
0 
0 
0 
0 
0 
0 
0 
0 
0 
0 
0 
0 
0 
0 
0 
0 
0 
0 
0 
0 
0 
0 
0 
0 
0 
0 
0 
0 
0 
0 
0 
0 
0 
0 
0 
0 
0 
0 
0 
0 
0 
0 
0 
0 
0 
0 
0 
0 
0 
0 
0 
0 
0 
0 
0 
0 
0 
0 
0 
0 
0 
0 
0 
0 
0 
0 
0 
0 
0 
0 
0 
0 
0 
0 
0 
0 
0 
0 
0 
0 
0 
0 
0 
0 
0 
0 
0 
0 
0 
0 
0 
0 
0 
0 
0 
0 
0 
0 
0 
0 
0 
0 
0 
0 
0 
0 
0 
0 
0 
0 
0 
0 
0 
0 
0 
0 
0 
0 
0 
0 
0 
0 
0 
0 
0 
0 
0 
0 
0 
0 
0 
0 
0 
0 
0 
0 
0 
0 
0 
0 
0 
0 
0 
0 
0 
0 
0 
0 
0 
0 
0 
0 
0 
0 
0 
0 
0 
0 
0 
0 
0 
0 
0 
0 
0 
0 
0 
0 
0 
0 
0 
0 
0 
0 
0 
0 
0 
0 
0 
0 
0 
0 
0 
0 
0 
0 
0 
0 
0 
0 
0 
0 
0 
0 
0 
0 
0 
0 
0 
0 
0 
0 
0 
0 
0 
0 
0 
0 
0 
0 
0 
0 
0 
0 
0 
0 
0 
0 
0 
0 
0 
0 
0 
0 
0 
0 
0 
0 
0 
0 
0 
0 
0 
0 
0 
0 
0 
0 
0 
0 
0 
0 
0 
0 
0 
0 
0 
0 
0 
0 
0 
0 
0 
0 
0 
0 
0 
0 
0 
0 
0 
0 
0 
0 
0 
0 
0 
0 
0 
0 
0 
0 
0 
0 
0 
0 
0 
0 
0 
0 
0 
0 
0 
0 
0 
0 
0 
0 
0 
0 
0 
0 
0 
0 
0 
0 
0 
0 
0 
0 
0 
0 
0 
0 
0 
0 
0 
0 
0 
0 
0 
0 
0 
0 
0 
0 
0 
0 
0 
0 
0 
0 
0 
0 
0 
0 
0 
0 
0 
0 
0 
0 
0 
0 
0 
0 
0 
0 
0 
0 
0 
0 
0 
0 
0 
0 
0 
0 
0 
0 
0 
0 
0 
0 
0 
0 
0 
0 
0 
0 
0 
0 
0 
0 
0 
0 
0 
0 
0 
0 
0 
0 
0 
0 
0 
0 
0 
0 
0 
0 
0 
0 
0 
0 
0 
0 
0 
0 
0 
0 
0 
0 
0 
0 
0 
0 
0 
0 
0 
0 
0 
0 
0 
0 
0 
0 
0 
0 
0 
0 
0 
0 
0 
0 
0 
0 
0 
0 
0 
0 
0 
0 
0 
0 
0 
0 
0 
0 
0 
0 
0 
0 
0 
0 
0 
0 
0 
0 
0 
0 
0 
0 
0 
0 
0 
0 
0 
0 
0 
0 
0 
0 
0 
0 
0 
0 
0 
0 
0 
0 
0 
0 
0 
0 
0 
0 
0 
0 
0 
0 
0 
0 
0 
0 
0 
0 
0 
0 
0 
0 
0 
0 
0 
0 
0 
0 
0 
0 
0 
0 
0 
0 
0 
0 
0 
0 
0 
0 
0 
0 
0 
0 
0 
0 
0 
0 
0 
0 
0 
0 
0 
0 
0 
0 
0 
0 
0 
0 
0 
0 
0 
0 
0 
0 
0 
0 
0 
0 
0 
0 
0 
0 
0 
0 
0 
0 
0 
0 
0 
0 
0 
0 
0 
0 
0 
0 
0 
0 
0 
0 
0 
0 
0 
0 
0 
0 
0 
0 
0 
0 
0 
0 
0 
0 
0 
0 
0 
0 
0 
0 
0 
0 
0 
0 
0 
0 
0 
0 
0 
0 
0 
0 
0 
0 
0 
0 
0 
0 
0 
0 
0 
0 
0 
0 
0 
0 
0 
0 
0 
0 
0 
0 
0 
0 
0 
0 
0 
0 
0 
0 
0 
0 
0 
0 
0 
0 
0 
0 
0 
0 
0 
0 
0 
0 
0 
0 
0 
0 
0 
0 
0 
0 
0 
0 
0 
0 
0 
0 
0 
0 
0 
0 
0 
0 
0 
0 
0 
0 
0 
0 
0 
0 
0 
0 
0 
0 
0 
0 
0 
0 
0 
0 
0 
0 
0 
0 
0 
0 
0 
0 
0 
0 
0 
0 
0 
0 
0 
0 
0 
0 
0 
0 
0 
0 
0 
0 
0 
0 
0 
0 
0 
0 
0 
0 
0 
0 
0 
0 
0 
0 
0 
0 
0 
0 
0 
0 
0 
0 
0 
0 
0 
0 
0 
0 
0 
0 
0 
0 
0 
0 
0 
0 
0 
0 
0 
0 
0 
0 
0 
0 
0 
0 
0 
0 
0 
0 
0 
0 
0 
0 
0 
0 
0 
0 
0 
0 
0 
0 
0 
0 
0 
0 
0 
0 
0 
0 
0 
0 
0 
0 
0 
0 
0 
0 
0 
0 
0 
0 
0 
0 
0 
0 
0 
0 
0 
0 
0 
0 
0 
0 
0 
0 
0 
0 
0 
0 
0 
0 
0 
0 
0 
0 
0 
0 
0 
0 
0 
0 
0 
0 
0 
0 
0 
0 
0 
0 
0 
0 
0 
0 
0 
0 
0 
0 
0 
0 
0 
0 
0 
0 
0 
0 
0 
0 
0 
0 
0 
0 
0 
0 
0 
0 
0 
0 
0 
0 
0 
0 
0 
0 
0 
0 
0 
0 
0 
0 
0 
0 
0 
0 
0 
0 
0 
0 
0 
0 
0 
0 
0 
0 
0 
0 
0 
0 
0 
0 
0 
0 
0 
0 
0 
0 
0 
0 
0 
0 
0 
0 
0 
0 
0 
0 
0 
0 
0 
0 
0 
0 
0 
0 
0 
0 
0 
0 
0 
0 
0 
0 
0 
0 
0 
0 
0 
0 
0 
0 
0 
0 
0 
0 
0 
0 
0 
0 
0 
0 
0 
0 
0 
0 
0 
0 
0 
0 
0 
0 
0 
0 
0 
0 
0 
0 
0 
0 
0 
0 
0 
0 
0 
0 
0 
0 
0 
0 
0 
0 
0 
0 
0 
0 
0 
0 
0 
0 
0 
0 
0 
0 
0 
0 
0 
0 
0 
0 
0 
0 
0 
0 
0 
0 
0 
0 
0 
0 
0 
0 
0 
0 
0 
0 
0 
0 
0 
0 
0 
0 
0 
0 
0 
0 
0 
0 
0 
0 
0 
0 
0 
0 
0 
0 
0 
0 
0 
0 
0 
0 
0 
0 
0 
0 
0 
0 
0 
0 
0 
0 
0 
0 
0 
0 
0 
0 
0 
0 
0 
0 
0 
0 
0 
0 
0 
0 
0 
0 
0 
0 
0 
0 
0 
0 
0 
0 
0 
0 
0 
0 
0 
0 
0 
0 
0 
0 
0 
0 
0 
0 
0 
0 
0 
0 
0 
0 
0 
0 
0 
0 
0 
0 
0 
0 
0 
0 
0 
0 
0 
0 
0 
0 
0 
0 
0 
0 
0 
0 
0 
0 
0 
0 
0 
0 
0 
0 
0 
0 
0 
0 
0 
0 
0 
0 
0 
0 
0 
0 
0 
0 
0 
0 
0 
0 
0 
0 
0 
0 
0 
0 
0 
0 
0 
0 
0 
0 
0 
0 
0 
0 
0 
0 
0 
0 
0 
0 
0 
0 
0 
0 
0 
0 
0 
0 
0 
0 
0 
0 
0 
0 
0 
0 
0 
0 
0 
0 
0 
0 
0 
0 
0 
0 
0 
0 
0 
0 
0 
0 
0 
0 
0 
0 
0 
0 
0 
0 
0 
0 
0 
0 
0 
0 
0 
0 
0 
0 
0 
0 
0 
0 
0 
0 
0 
0 
0 
0 
0 
0 
0 
0 
0 
0 
0 
0 
0 
0 
0 
0 
0 
0 
0 
0 
0 
0 
0 
0 
0 
0 
0 
0 
0 
0 
0 
0 
0 
0 
0 
0 
0 
0 
0 
0 
0 
0 
0 
0 
0 
0 
0 
0 
0 
0 
0 
0 
0 
0 
0 
0 
0 
0 
0 
0 
0 
0 
0 
0 
0 
0 
0 
0 
0 
0 
0 
0 
0 
0 
0 
0 
0 
0 
0 
0 
0 
0 
0 
0 
0 
0 
0 
0 
0 
0 
0 
0 
0 
0 
0 
0 
0 
0 
0 
0 
0 
0 
0 
0 
0 
0 
0 
0 
0 
0 
0 
0 
0 
0 
0 
0 
0 
0 
0 
0 
0 
0 
0 
0 
0 
0 
0 
0 
0 
0 
0 
0 
0 
0 
0 
0 
0 
0 
0 
0 
0 
0 
0 
0 
0 
0 
0 
0 
0 
0 
0 
0 
0 
0 
0 
0 
0 
0 
0 
0 
0 
0 
0 
0 
0 
0 
0 
0 
0 
0 
0 
0 
0 
0 
0 
0 
0 
0 
0 
0 
0 
0 
0 
0 
0 
0 
0 
0 
0 
0 
0 
0 
0 
0 
0 
0 
0 
0 
0 
0 
0 
0 
0 
0 
0 
0 
0 
0 
0 
0 
0 
0 
0 
0 
0 
0 
0 
0 
0 
0 
0 
0 
0 
0 
0 
0 
0 
0 
0 
0 
0 
0 
0 
0 
0 
0 
0 
0 
0 
0 
0 
0 
0 
0 
0 
0 
0 
0 
0 
0 
0 
0 
0 
0 
0 
0 
0 
0 
0 
0 
0 
0 
0 
0 
0 
0 
0 
0 
0 
0 
0 
0 
0 
0 
0 
0 
0 
0 
0 
0 
0 
0 
0 
0 
0 
0 
0 
0 
0 
0 
0 
0 
0 
0 
0 
0 
0 
0 
0 
0 
0 
0 
0 
0 
0 
0 
0 
0 
0 
0 
0 
0 
0 
0 
0 
0 
0 
0 
0 
0 
0 
0 
0 
0 
0 
0 
0 
0 
0 
0 
0 
0 
0 
0 
0 
0 
0 
0 
0 
0 
0 
0 
0 
0 
0 
0 
0 
0 
0 
0 
0 
0 
0 
0 
0 
0 
0 
0 
0 
0 
0 
0 
0 
0 
0 
0 
0 
0 
0 
0 
0 
0 
0 
0 
0 
0 
0 
0 
0 
0 
0 
0 
0 
0 
0 
0 
0 
0 
0 
0 
0 
0 
0 
0 
0 
0 
0 
0 
0 
0 
0 
0 
0 
0 
0 
0 
0 
0 
0 
0 
0 
0 
0 
0 
0 
0 
0 
0 
0 
0 
0 
0 
0 
0 
0 
0 
0 
0 
0 
0 
0 
0 
0 
0 
0 
0 
0 
0 
0 
0 
0 
0 
0 
0 
0 
0 
0 
0 
0 
0 
0 
0 
0 
0 
0 
0 
0 
0 
0 
0 
0 
0 
0 
0 
0 
0 
0 
0 
0 
0 
0 
0 
0 
0 
0 
0 
0 
0 
0 
0 
0 
0 
0 
0 
0 
0 
0 
0 
0 
0 
0 
0 
0 
0 
0 
0 
0 
0 
0 
0 
0 
0 
0 
0 
0 
0 
0 
0 
0 
0 
0 
0 
0 
0 
0 
0 
0 
0 
0 
0 
0 
0 
0 
0 
0 
0 
0 
0 
0 
0 
0 
0 
0 
0 
0 
0 
0 
0 
0 
0 
0 
0 
0 
0 
0 
0 
0 
0 
0 
0 
0 
0 
0 
0 
0 
0 
0 
0 
0 
0 
0 
0 
0 
0 
0 
0 
0 
0 
0 
0 
0 
0 
0 
0 
0 
0 
0 
0 
0 
0 
0 
0 
0 
0 
0 
0 
0 
0 
0 
0 
0 
0 
0 
0 
0 
0 
0 
0 
0 
0 
0 
0 
0 
0 
0 
0 
0 
0 
0 
0 
0 
0 
0 
0 
0 
0 
0 
0 
0 
0 
0 
0 
0 
0 
0 
0 
0 
0 
0 
0 
0 
0 
0 
0 
0 
0 
0 
0 
0 
0 
0 
0 
0 
0 
0 
0 
0 
0 
0 
0 
0 
0 
0 
0 
0 
0 
0 
0 
0 
0 
0 
0 
0 
0 
0 
0 
0 
0 
0 
0 
0 
0 
0 
0 
0 
0 
0 
0 
0 
0 
0 
0 
0 
0 
0 
0 
0 
0 
0 
0 
0 
0 
0 
0 
0 
0 
0 
0 
0 
0 
0 
0 
0 
0 
0 
0 
0 
0 
0 
0 
0 
0 
0 
0 
0 
0 
0 
0 
0 
0 
0 
0 
0 
0 
0 
0 
0 
0 
0 
0 
0 
0 
0 
0 
0 
0 
0 
0 
0 
0 
0 
0 
0 
0 
0 
0 
0 
0 
0 
0 
0 
0 
0 
0 
0 
0 
0 
0 
0 
0 
0 
0 
0 
0 
0 
0 
0 
0 
0 
0 
0 
0 
0 
0 
0 
0 
0 
0 
0 
0 
0 
0 
0 
0 
0 
0 
0 
0 
0 
0 
0 
0 
0 
0 
0 
0 
0 
0 
0 
0 
0 
0 
0 
0 
0 
0 
0 
0 
0 
0 
0 
0 
0 
0 
0 
0 
0 
0 
0 
0 
0 
0 
0 
0 
0 
0 
0 
0 
0 
0 
0 
0 
0 
0 
0 
0 
0 
0 
0 
0 
0 
0 
0 
0 
0 
0 
0 
0 
0 
0 
0 
0 
0 
0 
0 
0 
0 
0 
0 
0 
0 
0 
0 
0 
0 
0 
0 
0 
0 
0 
0 
0 
0 
0 
0 
0 
0 
0 
0 
0 
0 
0 
0 
0 
0 
0 
0 
0 
0 
0 
0 
0 
0 
0 
0 
0 
0 
0 
0 
0 
0 
0 
0 
0 
0 
0 
0 
0 
0 
0 
0 
0 
0 
0 
0 
0 
0 
0 
0 
0 
0 
0 
0 
0 
0 
0 
0 
0 
0 
0 
0 
0 
0 
0 
0 
0 
0 
0 
0 
0 
0 
0 
0 
0 
0 
0 
0 
0 
0 
0 
0 
0 
0 
0 
0 
0 
0 
0 
0 
0 
0 
0 
0 
0 
0 
0 
0 
0 
0 
0 
0 
0 
0 
0 
0 
0 
0 
0 
0 
0 
0 
0 
0 
0 
0 
0 
0 
0 
0 
0 
0 
0 
0 
0 
0 
0 
0 
0 
0 
0 
0 
0 
0 
0 
0 
0 
0 
0 
0 
0 
0 
0 
0 
0 
0 
0 
0 
0 
0 
0 
0 
0 
0 
0 
0 
0 
0 
0 
0 
0 
0 
0 
0 
0 
0 
0 
0 
0 
0 
0 
0 
0 
0 
0 
0 
0 
0 
0 
0 
0 
0 
0 
0 
0 
0 
0 
0 
0 
0 
0 
0 
0 
0 
0 
0 
0 
0 
0 
0 
0 
0 
0 
0 
0 
0 
0 
0 
0 
0 
0 
0 
0 
0 
0 
0 
0 
0 
0 
0 
0 
0 
0 
0 
0 
0 
0 
0 
0 
0 
0 
0 
0 
0 
0 
0 
0 
0 
0 
0 
0 
0 
0 
0 
0 
0 
0 
0 
0 
0 
0 
0 
0 
0 
0 
0 
0 
0 
0 
0 
0 
0 
0 
0 
0 
0 
0 
0 
0 
0 
0 
0 
0 
0 
0 
0 
0 
0 
0 
0 
0 
0 
0 
0 
0 
0 
0 
0 
0 
0 
0 
0 
0 
0 
0 
0 
0 
0 
0 
0 
0 
0 
0 
0 
0 
0 
0 
0 
0 
0 
0 
0 
0 
0 
0 
0 
0 
0 
0 
0 
0 
0 
0 
0 
0 
0 
0 
0 
0 
0 
0 
0 
0 
0 
0 
0 
0 
0 
0 
0 
0 
0 
0 
0 
0 
0 
0 
0 
0 
0 
0 
0 
0 
0 
0 
0 
0 
0 
0 
0 
0 
0 
0 
0 
0 
0 
0 
0 
0 
0 
0 
0 
0 
0 
0 
0 
0 
0 
0 
0 
0 
0 
0 
0 
0 
0 
0 
0 
0 
0 
0 
0 
0 
0 
0 
0 
0 
0 
0 
0 
0 
0 
0 
0 
0 
0 
0 
0 
0 
0 
0 
0 
0 
0 
0 
0 
0 
0 
0 
0 
0 
0 
0 
0 
0 
0 
0 
0 
0 
0 
0 
0 
0 
0 
0 
0 
0 
0 
0 
0 
0 
0 
0 
0 
0 
0 
0 
0 
0 
0 
0 
0 
0 
0 
0 
0 
0 
0 
0 
0 
0 
0 
0 
0 
0 
0 
0 
0 
0 
0 
0 
0 
0 
0 
0 
0 
0 
0 
0 
0 
0 
0 
0 
0 
0 
0 
0 
0 
0 
0 
0 
0 
0 
0 
0 
0 
0 
0 
0 
0 
0 
0 
0 
0 
0 
0 
0 
0 
0 
0 
0 
0 
0 
0 
0 
0 
0 
0 
0 
0 
0 
0 
0 
0 
0 
0 
0 
0 
0 
0 
0 
0 
0 
0 
0 
0 
0 
0 
0 
0 
0 
0 
0 
0 
0 
0 
0 
0 
0 
0 
0 
0 
0 
0 
0 
0 
0 
0 
0 
0 
0 
0 
0 
0 
0 
0 
0 
0 
0 
0 
0 
0 
0 
0 
0 
0 
0 
0 
0 
0 
0 
0 
0 
0 
0 
0 
0 
0 
0 
0 
0 
0 
0 
0 
0 
0 
0 
0 
0 
0 
0 
0 
0 
0 
0 
0 
0 
0 
0 
0 
0 
0 
0 
0 
0 
0 
0 
0 
0 
0 
0 
0 
0 
0 
0 
0 
0 
0 
0 
0 
0 
0 
0 
0 
0 
0 
0 
0 
0 
0 
0 
0 
0 
0 
0 
0 
0 
0 
0 
0 
0 
0 
0 
0 
0 
0 
0 
0 
0 
0 
0 
0 
0 
0 
0 
0 
0 
0 
0 
0 
0 
0 
0 
0 
0 
0 
0 
0 
0 
0 
0 
0 
0 
0 
0 
0 
0 
0 
0 
0 
0 
0 
0 
0 
0 
0 
0 
0 
0 
0 
0 
0 
0 
0 
0 
0 
0 
0 
0 
0 
0 
0 
0 
0 
0 
0 
0 
0 
0 
0 
0 
0 
0 
0 
0 
0 
0 
0 
0 
0 
0 
0 
0 
0 
0 
0 
0 
0 
0 
0 
0 
0 
0 
0 
0 
0 
0 
0 
0 
0 
0 
0 
0 
0 
0 
0 
0 
0 
0 
0 
0 
0 
0 
0 
0 
0 
0 
0 
0 
0 
0 
0 
0 
0 
0 
0 
0 
0 
0 
0 
0 
0 
0 
0 
0 
0 
0 
0 
0 
0 
0 
0 
0 
0 
0 
0 
0 
0 
0 
0 
0 
0 
0 
0 
0 
0 
0 
0 
0 
0 
0 
0 
0 
0 
0 
0 
0 
0 
0 
0 
0 
0 
0 
0 
0 
0 
0 
0 
0 
0 
0 
0 
0 
0 
0 
0 
0 
0 
0 
0 
0 
0 
0 
0 
0 
0 
0 
0 
0 
0 
0 
0 
0 
0 
0 
0 
0 
0 
0 
0 
0 
0 
0 
0 
0 
0 
0 
0 
0 
0 
0 
0 
0 
0 
0 
0 
0 
0 
0 
0 
0 
0 
0 
0 
0 
0 
0 
0 
0 
0 
0 
0 
0 
0 
0 
0 
0 
0 
0 
0 
0 
0 
0 
0 
0 
0 
0 
0 
0 
0 
0 
0 
0 
0 
0 
0 
0 
0 
0 
0 
0 
0 
0 
0 
0 
0 
0 
0 
0 
0 
0 
0 
0 
0 
0 
0 
0 
0 
0 
0 
0 
0 
0 
0 
0 
0 
0 
0 
0 
0 
0 
0 
0 
0 
0 
0 
0 
0 
0 
0 
0 
0 
0 
0 
0 
0 
0 
0 
0 
0 
0 
0 
0 
0 
0 
0 
0 
0 
0 
0 
0 
0 
0 
0 
0 
0 
0 
0 
0 
0 
0 
0 
0 
0 
0 
0 
0 
0 
0 
0 
0 
0 
0 
0 
0 
0 
0 
0 
0 
0 
0 
0 
0 
0 
0 
0 
0 
0 
0 
0 
0 
0 
0 
0 
0 
0 
0 
0 
0 
0 
0 
0 
0 
0 
0 
0 
0 
0 
0 
0 
0 
0 
0 
0 
0 
0 
0 
0 
0 
0 
0 
0 
0 
0 
0 
0 
0 
0 
0 
0 
0 
0 
0 
0 
0 
0 
0 
0 
0 
0 
0 
0 
0 
0 
0 
0 
0 
0 
0 
0 
0 
0 
0 
0 
0 
0 
0 
0 
0 
0 
0 
0 
0 
0 
0 
0 
0 
0 
0 
0 
0 
0 
0 
0 
0 
0 
0 
0 
0 
0 
0 
0 
0 
0 
0 
0 
0 
0 
0 
0 
0 
0 
0 
0 
0 
0 
0 
0 
0 
0 
0 
0 
0 
0 
0 
0 
0 
0 
0 
0 
0 
0 
0 
0 
0 
0 
0 
0 
0 
0 
0 
0 
0 
0 
0 
0 
0 
0 
0 
0 
0 
0 
0 
0 
0 
0 
0 
0 
0 
0 
0 
0 
0 
0 
0 
0 
0 
0 
0 
0 
0 
0 
0 
0 
0 
0 
0 
0 
0 
0 
0 
0 
0 
0 
0 
0 
0 
0 
0 
0 
0 
0 
0 
0 
0 
0 
0 
0 
0 
0 
0 
0 
0 
0 
0 
0 
0 
0 
0 
0 
0 
0 
0 
0 
0 
0 
0 
0 
0 
0 
0 
0 
0 
0 
0 
0 
0 
0 
0 
0 
0 
0 
0 
0 
0 
0 
0 
0 
0 
0 
0 
0 
0 
0 
0 
0 
0 
0 
0 
0 
0 
0 
0 
0 
0 
0 
0 
0 
0 
0 
0 
0 
0 
0 
0 
0 
0 
0 
0 
0 
0 
0 
0 
0 
0 
0 
0 
0 
0 
0 
0 
0 
0 
0 
0 
0 
0 
0 
0 
0 
0 
0 
0 
0 
0 
0 
0 
0 
0 
0 
0 
0 
0 
0 
0 
0 
0 
0 
0 
0 
0 
0 
0 
0 
0 
0 
0 
0 
0 
0 
0 
0 
0 
0 
0 
0 
0 
0 
0 
0 
0 
0 
0 
0 
0 
0 
0 
0 
0 
0 
0 
0 
0 
0 
0 
0 
0 
0 
0 
0 
0 
0 
0 
0 
0 
0 
0 
0 
0 
0 
0 
0 
0 
0 
0 
0 
0 
0 
0 
0 
0 
0 
0 
0 
0 
0 
0 
0 
0 
0 
0 
0 
0 
0 
0 
0 
0 
0 
0 
0 
0 
0 
0 
0 
0 
0 
0 
0 
0 
0 
0 
0 
0 
0 
0 
0 
0 
0 
0 
0 
0 
0 
0 
0 
0 
0 
0 
0 
0 
0 
0 
0 
0 
0 
0 
0 
0 
0 
0 
0 
0 
0 
0 
0 
0 
0 
0 
0 
0 
0 
0 
0 
0 
0 
0 
0 
0 
0 
0 
0 
0 
0 
0 
0 
0 
0 
0 
0 
0 
0 
0 
0 
0 
0 
0 
0 
0 
0 
0 
0 
0 
0 
0 
0 
0 
0 
0 
0 
0 
0 
0 
0 
0 
0 
0 
0 
0 
0 
0 
0 
0 
0 
0 
0 
0 
0 
0 
0 
0 
0 
0 
0 
0 
0 
0 
0 
0 
0 
0 
0 
0 
0 
0 
0 
0 
0 
0 
0 
0 
0 
0 
0 
0 
0 
0 
0 
0 
0 
0 
0 
0 
0 
0 
0 
0 
0 
0 
0 
0 
0 
0 
0 
0 
0 
0 
0 
0 
0 
0 
0 
0 
0 
0 
0 
0 
0 
0 
0 
0 
0 
0 
0 
0 
0 
0 
0 
0 
0 
0 
0 
0 
0 
0 
0 
0 
0 
0 
0 
0 
0 
0 
0 
0 
0 
0 
0 
0 
0 
0 
0 
0 
0 
0 
0 
0 
0 
0 
0 
0 
0 
0 
0 
0 
0 
0 
0 
0 
0 
0 
0 
0 
0 
0 
0 
0 
0 
0 
0 
0 
0 
0 
0 
0 
0 
0 
0 
0 
0 
0 
0 
0 
0 
0 
0 
0 
0 
0 
0 
0 
0 
0 
0 
0 
0 
0 
0 
0 
0 
0 
0 
0 
0 
0 
0 
0 
0 
0 
0 
0 
0 
0 
0 
0 
0 
0 
0 
0 
0 
0 
0 
0 
0 
0 
0 
0 
0 
0 
0 
0 
0 
0 
0 
0 
0 
0 
0 
0 
0 
0 
0 
0 
0 
0 
0 
0 
0 
0 
0 
0 
0 
0 
0 
0 
0 
0 
0 
0 
0 
0 
0 
0 
0 
0 
0 
0 
0 
0 
0 
0 
0 
0 
0 
0 
0 
0 
0 
0 
0 
0 
0 
0 
0 
0 
0 
0 
0 
0 
0 
0 
0 
0 
0 
0 
0 
0 
0 
0 
0 
0 
0 
0 
0 
0 
0 
0 
0 
0 
0 
0 
0 
0 
0 
0 
0 
0 
0 
0 
0 
0 
0 
0 
0 
0 
0 
0 
0 
0 
0 
0 
0 
0 
0 
0 
0 
0 
0 
0 
0 
0 
0 
0 
0 
0 
0 
0 
0 
0 
0 
0 
0 
0 
0 
0 
0 
0 
0 
0 
0 
0 
0 
0 
0 
0 
0 
0 
0 
0 
0 
0 
0 
0 
0 
0 
0 
0 
0 
0 
0 
0 
0 
0 
0 
0 
0 
0 
0 
0 
0 
0 
0 
0 
0 
0 
0 
0 
0 
0 
0 
0 
0 
0 
0 
0 
0 
0 
0 
0 
0 
0 
0 
0 
0 
0 
0 
0 
0 
0 
0 
0 
0 
0 
0 
0 
0 
0 
0 
0 
0 
0 
0 
0 
0 
0 
0 
0 
0 
0 
0 
0 
0 
0 
0 
0 
0 
0 
0 
0 
0 
0 
0 
0 
0 
0 
0 
0 
0 
0 
0 
0 
0 
0 
0 
0 
0 
0 
0 
0 
0 
0 
0 
0 
0 
0 
0 
0 
0 
0 
0 
0 
0 
0 
0 
0 
0 
0 
0 
0 
0 
0 
0 
0 
0 
0 
0 
0 
0 
0 
0 
0 
0 
0 
0 
0 
0 
0 
0 
0 
0 
0 
0 
0 
0 
0 
0 
0 
0 
0 
0 
0 
0 
0 
0 
0 
0 
0 
0 
0 
0 
0 
0 
0 
0 
0 
0 
0 
0 
0 
0 
0 
0 
0 
0 
0 
0 
0 
0 
0 
0 
0 
0 
0 
0 
0 
0 
0 
0 
0 
0 
0 
0 
0 
0 
0 
0 
0 
0 
0 
0 
0 
0 
0 
0 
0 
0 
0 
0 
0 
0 
0 
0 
0 
0 
0 
0 
0 
0 
0 
0 
0 
0 
0 
0 
0 
0 
0 
0 
0 
0 
0 
0 
0 
0 
0 
0 
0 
0 
0 
0 
0 
0 
0 
0 
0 
0 
0 
0 
0 
0 
0 
0 
0 
0 
0 
0 
0 
0 
0 
0 
0 
0 
0 
0 
0 
0 
0 
0 
0 
0 
0 
0 
0 
0 
0 
0 
0 
0 
0 
0 
0 
0 
0 
0 
0 
0 
0 
0 
0 
0 
0 
0 
0 
0 
0 
0 
0 
0 
0 
0 
0 
0 
0 
0 
0 
0 
0 
0 
0 
0 
0 
0 
0 
0 
0 
0 
0 
0 
0 
0 
0 
0 
0 
0 
0 
0 
0 
0 
0 
0 
0 
0 
0 
0 
0 
0 
0 
0 
0 
0 
0 
0 
0 
0 
0 
0 
0 
0 
0 
0 
0 
0 
0 
0 
0 
0 
0 
0 
0 
0 
0 
0 
0 
0 
0 
0 
0 
0 
0 
0 
0 
0 
0 
0 
0 
0 
0 
0 
0 
0 
0 
0 
0 
0 
0 
0 
0 
0 
0 
0 
0 
0 
0 
0 
0 
0 
0 
0 
0 
0 
0 
0 
0 
0 
0 
0 
0 
0 
0 
0 
0 
0 
0 
0 
0 
0 
0 
0 
0 
0 
0 
0 
0 
0 
0 
0 
0 
0 
0 
0 
0 
0 
0 
0 
0 
0 
0 
0 
0 
0 
0 
0 
0 
0 
0 
0 
0 
0 
0 
0 
0 
0 
0 
0 
0 
0 
0 
0 
0 
0 
0 
0 
0 
0 
0 
0 
0 
0 
0 
0 
0 
0 
0 
0 
0 
0 
0 
0 
0 
0 
0 
0 
0 
0 
0 
0 
0 
0 
0 
0 
0 
0 
0 
0 
0 
0 
0 
0 
0 
0 
0 
0 
0 
0 
0 
0 
0 
0 
0 
0 
0 
0 
0 
0 
0 
0 
0 
0 
0 
0 
0 
0 
0 
0 
0 
0 
0 
0 
0 
0 
0 
0 
0 
0 
0 
0 
0 
0 
0 
0 
0 
0 
0 
0 
0 
0 
0 
0 
0 
0 
0 
0 
0 
0 
0 
0 
0 
0 
0 
0 
0 
0 
0 
0 
0 
0 
0 
0 
0 
0 
0 
0 
0 
0 
0 
0 
0 
0 
0 
0 
0 
0 
0 
0 
0 
0 
0 
0 
0 
0 
0 
0 
0 
0 
0 
0 
0 
0 
0 
0 
0 
0 
0 
0 
0 
0 
0 
0 
0 
0 
0 
0 
0 
0 
0 
0 
0 
0 
0 
0 
0 
0 
0 
0 
0 
0 
0 
0 
0 
0 
0 
0 
0 
0 
0 
0 
0 
0 
0 
0 
0 
0 
0 
0 
0 
0 
0 
0 
0 
0 
0 
0 
0 
0 
0 
0 
0 
0 
0 
0 
0 
0 
0 
0 
0 
0 
0 
0 
0 
0 
0 
0 
0 
0 
0 
0 
0 
0 
0 
0 
0 
0 
0 
0 
0 
0 
0 
0 
0 
0 
0 
0 
0 
0 
0 
0 
0 
0 
0 
0 
0 
0 
0 
0 
0 
0 
0 
0 
0 
0 
0 
0 
0 
0 
0 
0 
0 
0 
0 
0 
0 
0 
0 
0 
0 
0 
0 
0 
0 
0 
0 
0 
0 
0 
0 
0 
0 
0 
0 
0 
0 
0 
0 
0 
0 
0 
0 
0 
0 
0 
0 
0 
0 
0 
0 
0 
0 
0 
0 
0 
0 
0 
0 
0 
0 
0 
0 
0 
0 
0 
0 
0 
0 
0 
0 
0 
0 
0 
0 
0 
0 
0 
0 
0 
0 
0 
0 
0 
0 
0 
0 
0 
0 
0 
0 
0 
0 
0 
0 
0 
0 
0 
0 
0 
0 
0 
0 
0 
0 
0 
0 
0 
0 
0 
0 
0 
0 
0 
0 
0 
0 
0 
0 
0 
0 
0 
0 
0 
0 
0 
0 
0 
0 
0 
0 
0 
0 
0 
0 
0 
0 
0 
0 
0 
0 
0 
0 
0 
0 
0 
0 
0 
0 
0 
0 
0 
0 
0 
0 
0 
0 
0 
0 
0 
0 
0 
0 
0 
0 
0 
0 
0 
0 
0 
0 
0 
0 
0 
0 
0 
0 
0 
0 
0 
0 
0 
0 
0 
0 
0 
0 
0 
0 
0 
0 
0 
0 
0 
0 
0 
0 
0 
0 
0 
0 
0 
0 
0 
0 
0 
0 
0 
0 
0 
0 
0 
0 
0 
0 
0 
0 
0 
0 
0 
0 
0 
0 
0 
0 
0 
0 
0 
0 
0 
0 
0 
0 
0 
0 
0 
0 
0 
0 
0 
0 
0 
0 
0 
0 
0 
0 
0 
0 
0 
0 
0 
0 
0 
0 
0 
0 
0 
0 
0 
0 
0 
0 
0 
0 
0 
0 
0 
0 
0 
0 
0 
0 
0 
0 
0 
0 
0 
0 
0 
0 
0 
0 
0 
0 
0 
0 
0 
0 
0 
0 
0 
0 
0 
0 
0 
0 
0 
0 
0 
0 
0 
0 
0 
0 
0 
0 
0 
0 
0 
0 
0 
0 
0 
0 
0 
0 
0 
0 
0 
0 
0 
0 
0 
0 
0 
0 
0 
0 
0 
0 
0 
0 
0 
0 
0 
0 
0 
0 
0 
0 
0 
0 
0 
0 
0 
0 
0 
0 
0 
0 
0 
0 
0 
0 
0 
0 
0 
0 
0 
0 
0 
0 
0 
0 
0 
0 
0 
0 
0 
0 
0 
0 
0 
0 
0 
0 
0 
0 
0 
0 
0 
0 
0 
0 
0 
0 
0 
0 
0 
0 
0 
0 
0 
0 
0 
0 
0 
0 
0 
0 
0 
0 
0 
0 
0 
0 
0 
0 
0 
0 
0 
0 
0 
0 
0 
0 
0 
0 
0 
0 
0 
0 
0 
0 
0 
0 
0 
0 
0 
0 
0 
0 
0 
0 
0 
0 
0 
0 
0 
0 
0 
0 
0 
0 
0 
0 
0 
0 
0 
0 
0 
0 
0 
0 
0 
0 
0 
0 
0 
0 
0 
0 
0 
0 
0 
0 
0 
0 
0 
0 
0 
0 
0 
0 
0 
0 
0 
0 
0 
0 
0 
0 
0 
0 
0 
0 
0 
0 
0 
0 
0 
0 
0 
0 
0 
0 
0 
0 
0 
0 
0 
0 
0 
0 
0 
0 
0 
0 
0 
0 
0 
0 
0 
0 
0 
0 
0 
0 
0 
0 
0 
0 
0 
0 
0 
0 
0 
0 
0 
0 
0 
0 
0 
0 
0 
0 
0 
0 
0 
0 
0 
0 
0 
0 
0 
0 
0 
0 
0 
0 
0 
0 
0 
0 
0 
0 
0 
0 
0 
0 
0 
0 
0 
0 
0 
0 
0 
0 
0 
0 
0 
0 
0 
0 
0 
0 
0 
0 
0 
0 
0 
0 
0 
0 
0 
0 
0 
0 
0 
0 
0 
0 
0 
0 
0 
0 
0 
0 
0 
0 
0 
0 
0 
0 
0 
0 
0 
0 
0 
0 
0 
0 
0 
0 
0 
0 
0 
0 
0 
0 
0 
0 
0 
0 
0 
0 
0 
0 
0 
0 
0 
0 
0 
0 
0 
0 
0 
0 
0 
0 
0 
0 
0 
0 
0 
0 
0 
0 
0 
0 
0 
0 
0 
0 
0 
0 
0 
0 
0 
0 
0 
0 
0 
0 
0 
0 
0 
0 
0 
0 
0 
0 
0 
0 
0 
0 
0 
0 
0 
0 
0 
0 
0 
0 
0 
0 
0 
0 
0 
0 
0 
0 
0 
0 
0 
0 
0 
0 
0 
0 
0 
0 
0 
0 
0 
0 
0 
0 
0 
0 
0 
0 
0 
0 
0 
0 
0 
0 
0 
0 
0 
0 
0 
0 
0 
0 
0 
0 
0 
0 
0 
0 
0 
0 
0 
0 
0 
0 
0 
0 
0 
0 
0 
0 
0 
0 
0 
0 
0 
0 
0 
0 
0 
0 
0 
0 
0 
0 
0 
0 
0 
0 
0 
0 
0 
0 
0 
0 
0 
0 
0 
0 
0 
0 
0 
0 
0 
0 
0 
0 
0 
0 
0 
0 
0 
0 
0 
0 
0 
0 
0 
0 
0 
0 
0 
0 
0 
0 
0 
0 
0 
0 
0 
0 
0 
0 
0 
0 
0 
0 
0 
0 
0 
0 
0 
0 
0 
0 
0 
0 
0 
0 
0 
0 
0 
0 
0 
0 
0 
0 
0 
0 
0 
0 
0 
0 
0 
0 
0 
0 
0 
0 
0 
0 
0 
0 
0 
0 
0 
0 
0 
0 
0 
0 
0 
0 
0 
0 
0 
0 
0 
0 
0 
0 
0 
0 
0 
0 
0 
0 
0 
0 
0 
0 
0 
0 
0 
0 
0 
0 
0 
0 
0 
0 
0 
0 
0 
0 
0 
0 
0 
0 
0 
0 
0 
0 
0 
0 
0 
0 
0 
0 
0 
0 
0 
0 
0 
0 
0 
0 
0 
0 
0 
0 
0 
0 
0 
0 
0 
0 
0 
0 
0 
0 
0 
0 
0 
0 
0 
0 
0 
0 
0 
0 
0 
0 
0 
0 
0 
0 
0 
0 
0 
0 
0 
0 
0 
0 
0 
0 
0 
0 
0 
0 
0 
0 
0 
0 
0 
0 
0 
0 
0 
0 
0 
0 
0 
0 
0 
0 
0 
0 
0 
0 
0 
0 
0 
0 
0 
0 
0 
0 
0 
0 
0 
0 
0 
0 
0 
0 
0 
0 
0 
0 
0 
0 
0 
0 
0 
0 
0 
0 
0 
0 
0 
0 
0 
0 
0 
0 
0 
0 
0 
0 
0 
0 
0 
0 
0 
0 
0 
0 
0 
0 
0 
0 
0 
0 
0 
0 
0 
0 
0 
0 
0 
0 
0 
0 
0 
0 
0 
0 
0 
0 
0 
0 
0 
0 
0 
0 
0 
0 
0 
0 
0 
0 
0 
0 
0 
0 
0 
0 
0 
0 
0 
0 
0 
0 
0 
0 
0 
0 
0 
0 
0 
0 
0 
0 
0 
0 
0 
0 
0 
0 
0 
0 
0 
0 
0 
0 
0 
0 
0 
0 
0 
0 
0 
0 
0 
0 
0 
0 
0 
0 
0 
0 
0 
0 
0 
0 
0 
0 
0 
0 
0 
0 
0 
0 
0 
0 
0 
0 
0 
0 
0 
0 
0 
0 
0 
0 
0 
0 
0 
0 
0 
0 
0 
0 
0 
0 
0 
0 
0 
0 
0 
0 
0 
0 
0 
0 
0 
0 
0 
0 
0 
0 
0 
0 
0 
0 
0 
0 
0 
0 
0 
0 
0 
0 
0 
0 
0 
0 
0 
0 
0 
0 
0 
0 
0 
0 
0 
0 
0 
0 
0 
0 
0 
0 
0 
0 
0 
0 
0 
0 
0 
0 
0 
0 
0 
0 
0 
0 
0 
0 
0 
0 
0 
0 
0 
0 
0 
0 
0 
0 
0 
0 
0 
0 
0 
0 
0 
0 
0 
0 
0 
0 
0 
0 
0 
0 
0 
0 
0 
0 
0 
0 
0 
0 
0 
0 
0 
0 
0 
0 
0 
0 
0 
0 
0 
0 
0 
0 
0 
0 
0 
0 
0 
0 
0 
0 
0 
0 
0 
0 
0 
0 
0 
0 
0 
0 
0 
0 
0 
0 
0 
0 
0 
0 
0 
0 
0 
0 
0 
0 
0 
0 
0 
0 
0 
0 
0 
0 
0 
0 
0 
0 
0 
0 
0 
0 
0 
0 
0 
0 
0 
0 
0 
0 
0 
0 
0 
0 
0 
0 
0 
0 
0 
0 
0 
0 
0 
0 
0 
0 
0 
0 
0 
0 
0 
0 
0 
0 
0 
0 
0 
0 
0 
0 
0 
0 
0 
0 
0 
0 
0 
0 
0 
0 
0 
0 
0 
0 
0 
0 
0 
0 
0 
0 
0 
0 
0 
0 
0 
0 
0 
0 
0 
0 
0 
0 
0 
0 
0 
0 
0 
0 
0 
0 
0 
0 
0 
0 
0 
0 
0 
0 
0 
0 
0 
0 
0 
0 
0 
0 
0 
0 
0 
0 
0 
0 
0 
0 
0 
0 
0 
0 
0 
0 
0 
0 
0 
0 
0 
0 
0 
0 
0 
0 
0 
0 
0 
0 
0 
0 
0 
0 
0 
0 
0 
0 
0 
0 
0 
0 
0 
0 
0 
0 
0 
0 
0 
0 
0 
0 
0 
0 
0 
0 
0 
0 
0 
0 
0 
0 
0 
0 
0 
0 
0 
0 
0 
0 
0 
0 
0 
0 
0 
0 
0 
0 
0 
0 
0 
0 
0 
0 
0 
0 
0 
0 
0 
0 
0 
0 
0 
0 
0 
0 
0 
0 
0 
0 
0 
0 
0 
0 
0 
0 
0 
0 
0 
0 
0 
0 
0 
0 
0 
0 
0 
0 
0 
0 
0 
0 
0 
0 
0 
0 
0 
0 
0 
0 
0 
0 
0 
0 
0 
0 
0 
0 
0 
0 
0 
0 
0 
0 
0 
0 
0 
0 
0 
0 
0 
0 
0 
0 
0 
0 
0 
0 
0 
0 
0 
0 
0 
0 
0 
0 
0 
0 
0 
0 
0 
0 
0 
0 
0 
0 
0 
0 
0 
0 
0 
0 
0 
0 
0 
0 
0 
0 
0 
0 
0 
0 
0 
0 
0 
0 
0 
0 
0 
0 
0 
0 
0 
0 
0 
0 
0 
0 
0 
0 
0 
0 
0 
0 
0 
0 
0 
0 
0 
0 
0 
0 
0 
0 
0 
0 
0 
0 
0 
0 
0 
0 
0 
0 
0 
0 
0 
0 
0 
0 
0 
0 
0 
0 
0 
0 
0 
0 
0 
0 
0 
0 
0 
0 
0 
0 
0 
0 
0 
0 
0 
0 
0 
0 
0 
0 
0 
0 
0 
0 
0 
0 
0 
0 
0 
0 
0 
0 
0 
0 
0 
0 
0 
0 
0 
0 
0 
0 
0 
0 
0 
0 
0 
0 
0 
0 
0 
0 
0 
0 
0 
0 
0 
0 
0 
0 
0 
0 
0 
0 
0 
0 
0 
0 
0 
0 
0 
0 
0 
0 
0 
0 
0 
0 
0 
0 
0 
0 
0 
0 
0 
0 
0 
0 
0 
0 
0 
0 
0 
0 
0 
0 
0 
0 
0 
0 
0 
0 
0 
0 
0 
0 
0 
0 
0 
0 
0 
0 
0 
0 
0 
0 
0 
0 
0 
0 
0 
0 
0 
0 
0 
0 
0 
0 
0 
0 
0 
0 
0 
0 
0 
0 
0 
0 
0 
0 
0 
0 
0 
0 
0 
0 
0 
0 
0 
0 
0 
0 
0 
0 
0 
0 
0 
0 
0 
0 
0 
0 
0 
0 
0 
0 
0 
0 
0 
0 
0 
0 
0 
0 
0 
0 
0 
0 
0 
0 
0 
0 
0 
0 
0 
0 
0 
0 
0 
0 
0 
0 
0 
0 
0 
0 
0 
0 
0 
0 
0 
0 
0 
0 
0 
0 
0 
0 
0 
0 
0 
0 
0 
0 
0 
0 
0 
0 
0 
0 
0 
0 
0 
0 
0 
0 
0 
0 
0 
0 
0 
0 
0 
0 
0 
0 
0 
0 
0 
0 
0 
0 
0 
0 
0 
0 
0 
0 
0 
0 
0 
0 
0 
0 
0 
0 
0 
0 
0 
0 
0 
0 
0 
0 
0 
0 
0 
0 
0 
0 
0 
0 
0 
0 
0 
0 
0 
0 
0 
0 
0 
0 
0 
0 
0 
0 
0 
0 
0 
0 
0 
0 
0 
0 
0 
0 
0 
0 
0 
0 
0 
0 
0 
0 
0 
0 
0 
0 
0 
0 
0 
0 
0 
0 
0 
0 
0 
0 
0 
0 
0 
0 
0 
0 
0 
0 
0 
0 
0 
0 
0 
0 
0 
0 
0 
0 
0 
0 
0 
0 
0 
0 
0 
0 
0 
0 
0 
0 
0 
0 
0 
0 
0 
0 
0 
0 
0 
0 
0 
0 
0 
0 
0 
0 
0 
0 
0 
0 
0 
0 
0 
0 
0 
0 
0 
0 
0 
0 
0 
0 
0 
0 
0 
0 
0 
0 
0 
0 
0 
0 
0 
0 
0 
0 
0 
0 
0 
0 
0 
0 
0 
0 
0 
0 
0 
0 
0 
0 
0 
0 
0 
0 
0 
0 
0 
0 
0 
0 
0 
0 
0 
0 
0 
0 
0 
0 
0 
0 
0 
0 
0 
0 
0 
0 
0 
0 
0 
0 
0 
0 
0 
0 
0 
0 
0 
0 
0 
0 
0 
0 
0 
0 
0 
0 
0 
0 
0 
0 
0 
0 
0 
0 
0 
0 
0 
0 
0 
0 
0 
0 
0 
0 
0 
0 
0 
0 
0 
0 
0 
0 
0 
0 
0 
0 
0 
0 
0 
0 
0 
0 
0 
0 
0 
0 
0 
0 
0 
0 
0 
0 
0 
0 
0 
0 
0 
0 
0 
0 
0 
0 
0 
0 
0 
0 
0 
0 
0 
0 
0 
0 
0 
0 
0 
0 
0 
0 
0 
0 
0 
0 
0 
0 
0 
0 
0 
0 
0 
0 
0 
0 
0 
0 
0 
0 
0 
0 
0 
0 
0 
0 
0 
0 
0 
0 
0 
0 
0 
0 
0 
0 
0 
0 
0 
0 
0 
0 
0 
0 
0 
0 
0 
0 
0 
0 
0 
0 
0 
0 
0 
0 
0 
0 
0 
0 
0 
0 
0 
0 
0 
0 
0 
0 
0 
0 
0 
0 
0 
0 
0 
0 
0 
0 
0 
0 
0 
0 
0 
0 
0 
0 
0 
0 
0 
0 
0 
0 
0 
0 
0 
0 
0 
0 
0 
0 
0 
0 
0 
0 
0 
0 
0 
0 
0 
0 
0 
0 
0 
0 
0 
0 
0 
0 
0 
0 
0 
0 
0 
0 
0 
0 
0 
0 
0 
0 
0 
0 
0 
0 
0 
0 
0 
0 
0 
0 
0 
0 
0 
0 
0 
0 
0 
0 
0 
0 
0 
0 
0 
0 
0 
0 
0 
0 
0 
0 
0 
0 
0 
0 
0 
0 
0 
0 
0 
0 
0 
0 
0 
0 
0 
0 
0 
0 
0 
0 
0 
0 
0 
0 
0 
0 
0 
0 
0 
0 
0 
0 
0 
0 
0 
0 
0 
0 
0 
0 
0 
0 
0 
0 
0 
0 
0 
0 
0 
0 
0 
0 
0 
0 
0 
0 
0 
0 
0 
0 
0 
0 
0 
0 
0 
0 
0 
0 
0 
0 
0 
0 
0 
0 
0 
0 
0 
0 
0 
0 
0 
0 
0 
0 
0 
0 
0 
0 
0 
0 
0 
0 
0 
0 
0 
0 
0 
0 
0 
0 
0 
0 
0 
0 
0 
0 
0 
0 
0 
0 
0 
0 
0 
0 
0 
0 
0 
0 
0 
0 
0 
0 
0 
0 
0 
0 
0 
0 
0 
0 
0 
0 
0 
0 
0 
0 
0 
0 
0 
0 
0 
0 
0 
0 
0 
0 
0 
0 
0 
0 
0 
0 
0 
0 
0 
0 
0 
0 
0 
0 
0 
0 
0 
!IDEND=

