!FILE=Disk 
!KIND=Matrix 
!LABORATORY=Oslo Cyclotron Laboratory (OCL) 
!EXPERIMENT=siri2root 
!COMMENT=none
!TIME=2021-01-12 12:38:48
!CALIBRATION EkeV=6, 0.000000E+00, 1.000000E+00, 0.000000E+00
!PRECISION=16
!DIMENSION=1,0:20999
!CHANNEL=(0:20999)
87.654 
74.4856 
62.8904 
54.2775 
49.201 
47.1055 
47.3641 
49.1739 
51.0165 
52.0043 
52.2301 
52.1266 
52.026 
52.0244 
52.3576 
53.3047 
54.8349 
56.6527 
58.4573 
60.0879 
61.5669 
63.056 
64.7499 
66.7784 
69.172 
71.8621 
74.694 
77.4558 
79.9163 
81.8632 
83.1542 
83.7373 
83.6093 
82.9602 
82.2621 
81.9039 
81.9952 
82.6544 
84.0633 
86.1604 
88.6463 
91.2066 
93.6162 
95.7746 
97.6655 
99.295 
100.658 
101.734 
102.505 
102.975 
103.198 
103.328 
103.587 
104.181 
105.221 
106.696 
108.466 
110.277 
111.837 
112.919 
113.407 
113.282 
112.661 
111.811 
110.962 
110.228 
109.655 
109.249 
109.02 
108.984 
109.151 
109.53 
110.142 
111.014 
112.162 
113.597 
115.327 
117.363 
119.708 
122.356 
125.283 
128.438 
131.726 
135.019 
138.163 
141.013 
143.458 
145.439 
146.949 
148.024 
148.745 
149.217 
149.564 
149.922 
150.441 
151.266 
152.509 
154.215 
156.349 
158.786 
161.31 
163.672 
165.672 
167.227 
168.396 
169.362 
170.377 
171.666 
173.351 
175.423 
177.737 
180.026 
181.967 
183.294 
183.956 
184.111 
183.863 
183.291 
182.69 
182.441 
182.704 
183.5 
184.852 
186.729 
189.006 
191.488 
193.941 
196.117 
197.806 
198.891 
199.42 
199.555 
199.385 
198.986 
198.524 
198.167 
198.021 
198.123 
198.53 
199.398 
200.869 
202.978 
205.637 
208.62 
211.575 
214.094 
215.847 
216.664 
216.514 
215.61 
214.479 
213.602 
213.158 
213.108 
213.39 
213.929 
214.581 
215.237 
215.917 
216.717 
217.682 
218.747 
219.812 
220.588 
220.772 
220.495 
220.091 
219.846 
220.407 
222.43 
225.713 
229.751 
234.101 
238.278 
241.964 
244.994 
247.31 
248.951 
249.998 
250.491 
250.431 
249.735 
248.245 
245.903 
242.818 
239.215 
235.403 
231.692 
228.319 
225.404 
222.973 
221.015 
219.526 
218.532 
218.04 
218.003 
218.386 
219.144 
220.135 
221.16 
222.038 
222.63 
222.86 
222.709 
222.102 
220.871 
218.904 
216.193 
212.848 
209.153 
205.545 
202.518 
200.512 
199.792 
200.429 
202.262 
204.81 
207.467 
209.703 
211.154 
211.655 
211.181 
209.928 
208.352 
206.891 
205.825 
205.298 
205.405 
205.873 
206.094 
205.899 
205.301 
204.185 
202.975 
202.541 
203.335 
205.462 
209.008 
213.799 
219.257 
224.53 
228.837 
231.735 
233.084 
232.881 
231.468 
229.583 
227.757 
226.161 
224.864 
223.92 
223.365 
223.158 
223.146 
223.185 
223.231 
223.093 
222.399 
220.938 
218.763 
216.146 
213.582 
211.64 
210.623 
210.474 
211.097 
212.34 
213.802 
214.993 
215.581 
215.465 
214.606 
212.992 
210.824 
208.473 
206.321 
204.662 
203.642 
203.277 
203.54 
204.298 
205.316 
206.482 
207.805 
209.299 
210.978 
212.805 
214.594 
215.988 
216.642 
216.418 
215.141 
212.542 
208.736 
204.359 
200.296 
197.425 
196.31 
197.11 
199.545 
202.769 
205.705 
207.577 
208.106 
207.271 
205.264 
202.672 
200.201 
198.305 
197.105 
196.395 
195.731 
194.658 
192.93 
190.586 
187.937 
185.486 
183.738 
182.998 
183.348 
184.592 
186.179 
187.474 
188.077 
187.863 
186.912 
185.491 
183.98 
182.679 
181.703 
180.959 
180.2 
179.138 
177.555 
175.358 
172.591 
169.407 
165.999 
162.545 
159.197 
156.103 
153.42 
151.314 
149.924 
149.238 
149.106 
149.445 
150.176 
151.066 
151.806 
152.175 
152.099 
151.508 
150.283 
148.447 
146.159 
143.623 
141.085 
138.835 
137.118 
136.095 
135.746 
135.82 
136.118 
136.476 
136.694 
136.709 
136.533 
136.171 
135.636 
134.948 
134.125 
133.186 
132.168 
131.133 
130.143 
129.235 
128.402 
127.584 
126.688 
125.647 
124.457 
123.211 
122.123 
121.446 
121.328 
121.805 
122.793 
124.022 
125.125 
125.799 
125.893 
125.373 
124.304 
122.928 
121.63 
120.753 
120.4 
120.379 
120.443 
120.401 
119.971 
118.931 
117.364 
115.61 
114.069 
112.996 
112.448 
112.3 
112.284 
112.071 
111.379 
110.075 
108.221 
106.08 
104.063 
102.613 
102.03 
102.404 
103.728 
105.905 
108.672 
111.661 
114.496 
116.837 
118.424 
119.114 
118.868 
117.751 
115.964 
113.794 
111.55 
109.509 
107.873 
106.742 
106.101 
105.846 
105.806 
105.819 
105.776 
105.575 
105.159 
104.553 
103.873 
103.326 
103.101 
103.265 
103.817 
104.665 
105.47 
105.818 
105.536 
104.518 
102.636 
100.098 
97.5062 
95.5191 
94.5533 
94.7254 
95.8498 
97.384 
98.6839 
99.3469 
99.2571 
98.5751 
97.7934 
97.43 
97.6853 
98.6502 
100.341 
102.376 
104.078 
104.924 
104.742 
103.51 
101.361 
98.7986 
96.4669 
94.7763 
93.817 
93.4848 
93.6873 
94.1307 
94.3485 
94.2229 
93.7727 
92.9412 
91.8399 
90.6673 
89.5539 
88.5561 
87.7062 
87.0739 
86.7478 
86.7761 
87.2606 
88.3519 
90.0227 
92.0345 
94.0303 
95.5101 
95.9924 
95.2865 
93.4365 
90.6439 
87.3003 
83.8933 
80.8557 
78.452 
76.7481 
75.6171 
74.7784 
73.9015 
72.7262 
71.1341 
69.1664 
66.9879 
64.8067 
62.8044 
61.1112 
59.8129 
58.9639 
58.5915 
58.7062 
59.269 
60.1318 
61.0557 
61.7391 
61.9207 
61.507 
60.54 
59.1875 
57.7476 
56.5174 
55.6598 
55.1821 
55.0114 
55.093 
55.3239 
55.5435 
55.7472 
56.093 
56.7435 
57.7788 
59.1572 
60.6763 
61.9535 
62.6206 
62.5339 
61.6393 
59.9753 
57.915 
56.0431 
54.8213 
54.4473 
54.9519 
56.2301 
57.9445 
59.6267 
60.8695 
61.4399 
61.2762 
60.4547 
59.2087 
57.8398 
56.5905 
55.6036 
54.924 
54.5106 
54.2745 
54.1424 
54.0806 
54.0872 
54.1946 
54.4389 
54.8042 
55.2143 
55.5483 
55.6935 
55.603 
55.2588 
54.679 
53.9993 
53.4313 
53.1321 
53.1511 
53.4698 
54.0011 
54.5758 
55.009 
55.1813 
55.0578 
54.6604 
54.0631 
53.3709 
52.6712 
52.0142 
51.4187 
50.8914 
50.4496 
50.1374 
50.0058 
50.0823 
50.423 
51.1009 
52.074 
53.17 
54.1573 
54.8079 
54.9787 
54.6297 
53.8092 
52.6774 
51.4741 
50.4415 
49.7684 
49.485 
49.4754 
49.662 
49.9933 
50.3614 
50.6757 
50.9072 
51.0438 
51.0593 
50.9343 
50.6694 
50.2873 
49.8486 
49.4596 
49.2322 
49.2264 
49.454 
49.8737 
50.3546 
50.7203 
50.8455 
50.6917 
50.2945 
49.7649 
49.2453 
48.8351 
48.5598 
48.3651 
48.1378 
47.7654 
47.1983 
46.4724 
45.708 
45.0804 
44.7187 
44.6463 
44.8511 
45.283 
45.794 
46.186 
46.3096 
46.1153 
45.6257 
44.9165 
44.1031 
43.3115 
42.6679 
42.2922 
42.2691 
42.6255 
43.333 
44.287 
45.3113 
46.2233 
46.9003 
47.3077 
47.468 
47.4073 
47.2166 
47.0552 
46.9808 
46.9213 
46.7609 
46.3948 
45.7797 
44.9524 
44.0294 
43.1808 
42.5635 
42.2346 
42.1603 
42.3111 
42.6569 
43.1284 
43.661 
44.2256 
44.8149 
45.4153 
45.9851 
46.4535 
46.7453 
46.8155 
46.6523 
46.2755 
45.7493 
45.1615 
44.5765 
44.0131 
43.4637 
42.9152 
42.3597 
41.8123 
41.3196 
40.9326 
40.6732 
40.5247 
40.438 
40.3805 
40.3665 
40.4087 
40.5408 
40.8519 
41.3931 
42.098 
42.7618 
43.1436 
43.1314 
42.6272 
41.5395 
40.0696 
38.6624 
37.7118 
37.4112 
37.7994 
38.7671 
39.9661 
40.9328 
41.4159 
41.459 
41.1409 
40.5859 
40.1116 
39.924 
39.931 
40.0619 
40.2551 
40.3157 
40.134 
39.7627 
39.3589 
39.0829 
38.9958 
39.1021 
39.3552 
39.6138 
39.7337 
39.6649 
39.3937 
38.9368 
38.4151 
38.0054 
37.8307 
37.9284 
38.2686 
38.7476 
39.2067 
39.501 
39.5511 
39.3377 
38.8933 
38.3261 
37.7987 
37.47 
37.4404 
37.7383 
38.3289 
39.0924 
39.8425 
40.385 
40.5876 
40.41 
39.8777 
39.0986 
38.2748 
37.6359 
37.2972 
37.2251 
37.3737 
37.6815 
38.0122 
38.2448 
38.3414 
38.3425 
38.3248 
38.3832 
38.6236 
39.0744 
39.6471 
40.1445 
40.352 
40.177 
39.5617 
38.4376 
36.876 
35.1007 
33.384 
31.9676 
31.0145 
30.5986 
30.7328 
31.3264 
32.1616 
33.0228 
33.7597 
34.2684 
34.5257 
34.5784 
34.4611 
34.1911 
33.8023 
33.3285 
32.7929 
32.2184 
31.638 
31.0977 
30.6519 
30.3625 
30.2839 
30.4375 
30.8199 
31.4136 
32.1782 
33.0458 
33.9212 
34.6882 
35.2245 
35.4732 
35.4694 
35.2461 
34.8526 
34.4884 
34.4131 
34.7402 
35.4584 
36.4909 
37.6636 
38.7253 
39.4241 
39.6034 
39.2201 
38.332 
37.1275 
35.872 
34.8003 
34.0618 
33.7177 
33.7756 
34.1387 
34.5857 
34.9169 
35.0305 
34.896 
34.5375 
34.0411 
33.5478 
33.2197 
33.1808 
33.4721 
34.0663 
34.8668 
35.7183 
36.4622 
36.9882 
37.2632 
37.3026 
37.1187 
36.7221 
36.1407 
35.4182 
34.6201 
33.8432 
33.2533 
33.0404 
33.2879 
33.9972 
35.1425 
36.6071 
38.1493 
39.4814 
40.382 
40.7431 
40.5455 
39.8776 
38.9319 
37.8716 
36.7799 
35.7011 
34.6611 
33.6873 
32.8206 
32.1151 
31.6281 
31.3992 
31.4406 
31.7349 
32.2249 
32.8221 
33.4264 
33.9433 
34.3059 
34.4897 
34.5339 
34.5183 
34.5032 
34.5679 
34.8271 
35.3272 
36.0007 
36.5973 
36.7704 
36.3584 
35.3538 
33.7864 
31.7934 
29.6396 
27.641 
26.0628 
25.0603 
24.6892 
24.9559 
25.733 
26.7144 
27.6143 
28.2753 
28.6534 
28.8341 
29.0101 
29.4043 
30.1673 
31.3079 
32.6731 
33.9808 
34.9204 
35.2878 
35.0243 
34.2367 
33.2345 
32.3897 
31.922 
31.8575 
32.1647 
32.7703 
33.5125 
34.2451 
34.9101 
35.5041 
36.0352 
36.5002 
36.8286 
36.8951 
36.6316 
36.0553 
35.2662 
34.4613 
33.8848 
33.7147 
34.006 
34.6921 
35.5542 
36.2789 
36.6332 
36.5461 
36.0097 
35.0659 
33.8931 
32.7334 
31.7659 
31.073 
30.6609 
30.4804 
30.4394 
30.4415 
30.4151 
30.3116 
30.1061 
29.8023 
29.4312 
29.0524 
28.7473 
28.585 
28.5921 
28.7851 
29.1728 
29.7019 
30.2695 
30.7777 
31.1614 
31.4016 
31.5266 
31.6025 
31.7046 
31.8826 
32.1406 
32.432 
32.6698 
32.7739 
32.7134 
32.471 
32.0391 
31.481 
30.9144 
30.4535 
30.1733 
30.0992 
30.2333 
30.5617 
31.0362 
31.5784 
32.0936 
32.4881 
32.7003 
32.7134 
32.529 
32.1634 
31.7704 
31.6139 
31.8307 
32.4642 
33.5628 
35.0867 
36.8401 
38.4867 
39.6344 
39.9914 
39.4619 
38.0979 
36.0843 
33.7268 
31.3689 
29.3151 
27.7732 
26.8282 
26.4752 
26.6911 
27.3295 
28.0712 
28.662 
29.003 
29.074 
28.8816 
28.458 
27.8976 
27.3243 
26.8414 
26.5096 
26.3516 
26.3697 
26.5227 
26.6967 
26.7713 
26.6928 
26.4735 
26.208 
26.0336 
26.0191 
26.2534 
26.8833 
27.9127 
29.1993 
30.5599 
31.7783 
32.6483 
33.0896 
33.1581 
32.9025 
32.3777 
31.7133 
31.0301 
30.3765 
29.7555 
29.1607 
28.5933 
28.0876 
27.7256 
27.59 
27.7102 
28.0513 
28.4974 
28.8808 
29.0729 
29.0318 
28.7609 
28.4141 
28.2949 
28.5673 
29.2534 
30.3357 
31.6759 
32.9993 
33.9807 
34.3887 
34.1524 
33.3268 
32.0926 
30.6988 
29.3466 
28.1429 
27.1218 
26.2991 
25.7199 
25.4455 
25.5109 
25.9869 
26.9661 
28.3954 
30.062 
31.6858 
32.9803 
33.7264 
33.8219 
33.2463 
32.0509 
30.4108 
28.6013 
26.9265 
25.6618 
24.957 
24.8152 
25.209 
26.0779 
27.2568 
28.5392 
29.7543 
30.7871 
31.5714 
32.0681 
32.2485 
32.0961 
31.5974 
30.7508 
29.6222 
28.3721 
27.2268 
26.414 
26.0782 
26.2602 
26.8755 
27.6786 
28.3677 
28.7424 
28.747 
28.3886 
27.7284 
26.9367 
26.219 
25.7215 
25.51 
25.5983 
25.9646 
26.548 
27.279 
28.0998 
28.9516 
29.7633 
30.4559 
30.9663 
31.2762 
31.4017 
31.3563 
31.2297 
31.1655 
31.1885 
31.298 
31.4668 
31.5461 
31.4357 
31.1163 
30.6013 
30.0054 
29.5542 
29.4566 
29.7857 
30.4882 
31.3728 
32.139 
32.5442 
32.509 
32.0069 
31.0464 
29.7937 
28.51 
27.4181 
26.6606 
26.3011 
26.3539 
26.8085 
27.6319 
28.7675 
30.1179 
31.5165 
32.7311 
33.5282 
33.7669 
33.4109 
32.5257 
31.3258 
30.1172 
29.1796 
28.6512 
28.5167 
28.738 
29.2577 
29.9404 
30.6369 
31.2416 
31.6947 
31.9691 
32.0564 
31.9549 
31.6676 
31.207 
30.6021 
29.9012 
29.1675 
28.4661 
27.8464 
27.333 
26.9285 
26.6168 
26.3693 
26.1618 
26.01 
25.9651 
26.0571 
26.2958 
26.6933 
27.2444 
27.9088 
28.6034 
29.2187 
29.6489 
29.8246 
29.7252 
29.3528 
28.7398 
27.9866 
27.2524 
26.711 
26.4521 
26.448 
26.665 
27.0434 
27.4049 
27.5676 
27.4665 
27.0689 
26.3625 
25.4727 
24.619 
23.9981 
23.7289 
23.8449 
24.3287 
25.1205 
26.1266 
27.2392 
28.3282 
29.234 
29.8138 
30.0007 
29.7838 
29.2206 
28.4959 
27.8677 
27.5256 
27.5275 
27.8907 
28.6086 
29.563 
30.57 
31.4751 
32.1835 
32.6539 
32.8836 
32.8923 
32.6936 
32.2913 
31.6967 
30.9385 
30.0693 
29.1659 
28.3199 
27.6205 
27.1369 
26.9057 
26.9364 
27.2132 
27.6888 
28.2998 
28.9818 
29.6684 
30.2864 
30.7519 
30.9925 
30.9771 
30.6833 
30.0996 
29.3023 
28.4607 
27.7812 
27.4211 
27.4311 
27.8109 
28.5007 
29.3125 
29.9958 
30.3957 
30.4996 
30.3328 
29.9517 
29.4932 
29.0982 
28.8358 
28.6917 
28.587 
28.4306 
28.1678 
27.7985 
27.3782 
26.9957 
26.7217 
26.571 
26.5196 
26.5604 
26.6483 
26.6758 
26.6034 
26.4549 
26.2675 
26.1041 
26.0214 
26.041 
26.1789 
26.451 
26.8251 
27.2285 
27.5882 
27.8513 
27.9987 
28.049 
28.0489 
28.0564 
28.129 
28.3105 
28.6216 
29.0638 
29.6252 
30.2852 
31.0203 
31.8012 
32.5786 
33.2771 
33.7815 
33.9734 
33.7992 
33.2221 
32.207 
30.8183 
29.2333 
27.6724 
26.328 
25.3227 
24.704 
24.4663 
24.5927 
25.0386 
25.7216 
26.5822 
27.571 
28.595 
29.5193 
30.1973 
30.5458 
30.5714 
30.2955 
29.7563 
29.0511 
28.2895 
27.5478 
26.8736 
26.3102 
25.9205 
25.7683 
25.8821 
26.3021 
27.0911 
28.2191 
29.5271 
30.7931 
31.7935 
32.3825 
32.5243 
32.2246 
31.5324 
30.5993 
29.6275 
28.7805 
28.1495 
27.7592 
27.5965 
27.644 
27.8568 
28.1608 
28.5423 
29.0431 
29.6886 
30.468 
31.3161 
32.0919 
32.6123 
32.7432 
32.4434 
31.7579 
30.8377 
29.9064 
29.178 
28.7657 
28.6642 
28.8473 
29.2692 
29.8147 
30.3486 
30.7655 
31.0085 
31.0665 
30.944 
30.6554 
30.2307 
29.7016 
29.0948 
28.4432 
27.8031 
27.2647 
26.9445 
26.9355 
27.2691 
27.9183 
28.7788 
29.6623 
30.3501 
30.6863 
30.6228 
30.1943 
29.5272 
28.8199 
28.2492 
27.9034 
27.7889 
27.8875 
28.1331 
28.4115 
28.6124 
28.6729 
28.6355 
28.5734 
28.5329 
28.5801 
28.7578 
29.0314 
29.3713 
29.7726 
30.2126 
30.6603 
31.081 
31.4452 
31.7355 
31.947 
32.0803 
32.1375 
32.1206 
32.0203 
31.8054 
31.4325 
30.8637 
30.0829 
29.1045 
27.9778 
26.7907 
25.6615 
24.7179 
24.0763 
23.8133 
23.9536 
24.5047 
25.4598 
26.7505 
28.2411 
29.7493 
31.0661 
31.9956 
32.4132 
32.2827 
31.6511 
30.6662 
29.5351 
28.4594 
27.6109 
27.1135 
26.9462 
26.9578 
27.069 
27.2085 
27.2592 
27.2206 
27.1579 
27.1171 
27.2082 
27.5323 
28.0398 
28.6402 
29.2417 
29.7035 
29.9085 
29.8131 
29.3982 
28.6668 
27.7238 
26.7501 
25.9236 
25.3776 
25.1802 
25.3464 
25.8252 
26.489 
27.1996 
27.8504 
28.3676 
28.7205 
28.925 
29.0329 
29.1062 
29.194 
29.3238 
29.5043 
29.738 
30.0346 
30.4208 
30.9299 
31.5735 
32.3261 
33.1198 
33.8454 
34.3734 
34.6088 
34.5219 
34.1359 
33.5374 
32.8673 
32.2581 
31.7827 
31.4441 
31.1788 
30.8772 
30.4368 
29.8144 
29.0425 
28.2227 
27.4934 
26.9786 
26.7465 
26.8119 
27.125 
27.5415 
27.8939 
28.0772 
27.9762 
27.6925 
27.6064 
27.8819 
28.5105 
29.4891 
30.7218 
32.0557 
33.2991 
34.2487 
34.7817 
34.8883 
34.5866 
33.9259 
33.0481 
32.1364 
31.3486 
30.7965 
30.517 
30.4818 
30.6692 
31.0487 
31.5198 
31.9287 
32.1456 
32.1204 
31.7753 
30.9824 
29.7418 
28.2026 
26.5759 
25.097 
23.9792 
23.3411 
23.1894 
23.5055 
24.2434 
25.2737 
26.4254 
27.5418 
28.5012 
29.2276 
29.6951 
29.9111 
29.8865 
29.6928 
29.4831 
29.3642 
29.3367 
29.3517 
29.345 
29.2113 
28.8425 
28.2119 
27.4023 
26.5887 
25.9693 
25.6731 
25.7364 
26.0829 
26.5049 
26.8013 
26.8881 
26.7507 
26.4279 
26.0866 
25.9466 
26.102 
26.5514 
27.2638 
28.1488 
29.0668 
29.8843 
30.5176 
30.9315 
31.1304 
31.1431 
30.9836 
30.6694 
30.2725 
29.9183 
29.723 
29.7338 
29.9715 
30.4268 
30.9761 
31.4289 
31.6774 
31.7344 
31.6308 
31.4177 
31.2169 
31.1339 
31.2001 
31.351 
31.4594 
31.4649 
31.3237 
30.9881 
30.5512 
30.2047 
30.0933 
30.2641 
30.6883 
31.2638 
31.8307 
32.2365 
32.3916 
32.2726 
31.9239 
31.4701 
31.0462 
30.7293 
30.5289 
30.3856 
30.1893 
29.8304 
29.2519 
28.4677 
27.5667 
26.7029 
26.0528 
25.7401 
25.8026 
26.2261 
26.949 
27.8596 
28.8353 
29.7626 
30.5291 
31.0096 
31.0995 
30.7616 
30.0141 
28.9408 
27.72 
26.5959 
25.8079 
25.4426 
25.416 
25.6606 
26.0987 
26.5288 
26.77 
26.7754 
26.5547 
26.1617 
25.7864 
25.664 
25.8913 
26.4749 
27.4077 
28.6313 
30.0158 
31.3663 
32.4523 
33.1014 
33.2627 
32.9365 
32.1872 
31.2308 
30.3628 
29.8011 
29.6273 
29.8498 
30.4234 
31.2079 
32.0224 
32.73 
33.2714 
33.6718 
33.9981 
34.2831 
34.5046 
34.6214 
34.6088 
34.4173 
33.9699 
33.2685 
32.3977 
31.459 
30.5492 
29.7533 
29.1449 
28.7885 
28.7303 
28.9852 
29.5452 
30.3729 
31.3889 
32.477 
33.5048 
34.3512 
34.9315 
35.2072 
35.1719 
34.8785 
34.4497 
33.9956 
33.5772 
33.223 
32.9285 
32.6631 
32.3926 
32.1059 
31.8726 
31.822 
32.0242 
32.5015 
33.2587 
34.2282 
35.2429 
36.0521 
36.4309 
36.2896 
35.5682 
34.2275 
32.4396 
30.5355 
28.8249 
27.5169 
26.6911 
26.3337 
26.414 
26.8147 
27.3081 
27.7508 
28.1156 
28.3921 
28.5709 
28.6526 
28.6024 
28.4668 
28.4319 
28.5729 
28.8593 
29.2642 
29.7265 
30.116 
30.2665 
30.0987 
29.5987 
28.7738 
27.7014 
26.5409 
25.4954 
24.7721 
24.5232 
24.7989 
25.5763 
26.7666 
28.2051 
29.6814 
30.9877 
31.9753 
32.5792 
32.7864 
32.5975 
32.0644 
31.3143 
30.4834 
29.7002 
29.0983 
28.7663 
28.721 
28.9568 
29.4376 
30.0452 
30.616 
31.0141 
31.169 
31.0645 
30.7721 
30.4777 
30.344 
30.4214 
30.7296 
31.2569 
31.873 
32.3715 
32.6247 
32.6342 
32.4263 
32.0615 
31.7068 
31.5237 
31.5649 
31.8474 
32.3659 
33.0121 
33.6209 
34.0634 
34.2768 
34.25 
34.0552 
33.8539 
33.7636 
33.8099 
33.9314 
34.015 
34.0198 
33.8896 
33.5188 
32.9328 
32.2679 
31.6614 
31.2305 
31.0477 
31.1343 
31.4674 
31.9743 
32.5552 
33.1216 
33.61 
33.9778 
34.1916 
34.2269 
34.0752 
33.7412 
33.2453 
32.6288 
31.9465 
31.2535 
30.594 
29.9971 
29.4807 
29.061 
28.7777 
28.6899 
28.8299 
29.1933 
29.7445 
30.401 
31.0338 
31.4958 
31.6832 
31.5647 
31.1826 
30.6658 
30.1795 
29.8495 
29.7367 
29.8544 
30.1864 
30.6809 
31.2625 
31.8519 
32.3671 
32.7062 
32.7731 
32.5308 
31.992 
31.2142 
30.3194 
29.4766 
28.8633 
28.603 
28.7339 
29.2449 
30.0695 
31.0519 
31.9868 
32.6811 
33.0321 
33.0456 
32.7444 
32.1766 
31.4818 
30.8381 
30.3817 
30.1483 
30.089 
30.1649 
30.3076 
30.3988 
30.396 
30.2948 
30.0644 
29.8175 
29.7825 
30.0764 
30.7805 
31.9532 
33.486 
35.136 
36.6217 
37.6809 
38.1403 
37.9481 
37.123 
35.7675 
34.1078 
32.436 
31.0248 
30.0716 
29.6136 
29.5473 
29.8 
30.3314 
31.0548 
31.8827 
32.7642 
33.6759 
34.6033 
35.5238 
36.395 
37.15 
37.674 
37.8377 
37.5851 
36.9185 
35.8623 
34.4965 
32.9832 
31.5539 
30.458 
29.8569 
29.7759 
30.2011 
31.0657 
32.1489 
33.1388 
33.7861 
33.984 
33.7166 
33.0537 
32.2204 
31.556 
31.3422 
31.6773 
32.5121 
33.6622 
34.8111 
35.6392 
36.0399 
36.124 
35.9776 
35.7012 
35.4804 
35.4158 
35.5153 
35.7069 
35.8379 
35.8195 
35.5986 
35.1609 
34.6921 
34.4265 
34.442 
34.75 
35.3117 
35.8747 
36.0969 
35.8332 
35.0916 
33.9433 
32.5815 
31.3144 
30.4424 
30.0461 
29.9934 
30.1927 
30.5635 
30.912 
31.0678 
30.9801 
30.6748 
30.2452 
29.8322 
29.5703 
29.5464 
29.7874 
30.2757 
30.953 
31.7322 
32.5258 
33.2597 
33.8749 
34.3205 
34.567 
34.6158 
34.4708 
34.154 
33.7557 
33.4141 
33.2362 
33.2566 
33.4674 
33.808 
34.1352 
34.3119 
34.2917 
34.0755 
33.7154 
33.3631 
33.1679 
33.1774 
33.3987 
33.8099 
34.3061 
34.753 
35.0586 
35.1989 
35.204 
35.1006 
34.8904 
34.5697 
34.1331 
33.5774 
32.9286 
32.2706 
31.7644 
31.5813 
31.792 
32.386 
33.3056 
34.4306 
35.5981 
36.6452 
37.448 
37.944 
38.1219 
37.9883 
37.6105 
37.1371 
36.6907 
36.3327 
36.0967 
35.9946 
36.0279 
36.172 
36.3689 
36.5659 
36.7289 
36.8324 
36.8602 
36.8074 
36.6778 
36.4858 
36.2586 
36.0291 
35.8255 
35.6597 
35.5231 
35.3834 
35.1865 
34.8717 
34.3968 
33.7539 
32.9751 
32.1251 
31.2834 
30.5242 
29.9056 
29.4724 
29.2542 
29.2634 
29.5304 
30.1002 
30.9648 
32.0515 
33.2495 
34.4157 
35.3799 
35.981 
36.2102 
36.215 
36.088 
35.8903 
35.7396 
35.6918 
35.6999 
35.6635 
35.4612 
35.0247 
34.3817 
33.643 
32.9775 
32.5396 
32.4056 
32.5903 
33.0513 
33.6473 
34.1685 
34.446 
34.4196 
34.0484 
33.2952 
32.2626 
31.1826 
30.31 
29.8232 
29.7746 
30.1617 
30.9284 
31.9055 
32.8705 
33.6459 
34.1419 
34.3444 
34.2653 
33.9959 
33.7375 
33.6386 
33.7316 
34.0181 
34.4907 
35.1079 
35.7808 
36.3748 
36.7441 
36.796 
36.506 
35.9238 
35.215 
34.6219 
34.3313 
34.4037 
34.8402 
35.5759 
36.4008 
37.0343 
37.2801 
37.0789 
36.4878 
35.6919 
34.9482 
34.4569 
34.3026 
34.4986 
35.0037 
35.6847 
36.3526 
36.8289 
36.997 
36.8215 
36.3315 
35.6307 
34.8927 
34.3147 
34.0411 
34.1175 
34.5444 
35.2731 
36.1463 
36.95 
37.5143 
37.7961 
37.8636 
37.7729 
37.5722 
37.3437 
37.1353 
36.9393 
36.73 
36.4934 
36.24 
36.0187 
35.9 
35.9213 
36.1479 
36.6849 
37.5354 
38.5881 
39.6922 
40.6766 
41.3388 
41.4982 
41.0876 
40.1298 
38.7258 
37.0856 
35.498 
34.2655 
33.5776 
33.4567 
33.8806 
34.772 
35.8972 
36.951 
37.6915 
37.9951 
37.8363 
37.3286 
36.7439 
36.3295 
36.1992 
36.3818 
36.8409 
37.4577 
38.0659 
38.5243 
38.758 
38.7487 
38.53 
38.1905 
37.8168 
37.4529 
37.113 
36.784 
36.4364 
36.061 
35.7393 
35.6183 
35.7779 
36.2421 
37.0131 
38.0074 
39.0384 
39.8669 
40.3117 
40.3161 
39.8652 
38.9724 
37.7642 
36.4444 
35.2157 
34.2538 
33.6888 
33.5889 
33.9708 
34.8067 
35.998 
37.3825 
38.7717 
39.9891 
40.9065 
41.4632 
41.6534 
41.489 
41.0204 
40.3477 
39.5483 
38.6741 
37.7921 
36.9828 
36.3288 
35.9027 
35.7498 
35.8835 
36.2905 
36.9217 
37.6885 
38.4756 
39.1589 
39.6214 
39.7817 
39.6138 
39.1342 
38.4083 
37.5609 
36.7544 
36.1481 
35.8443 
35.8724 
36.1835 
36.6297 
37.0196 
37.2177 
37.1811 
36.9188 
36.4927 
36.0478 
35.757 
35.7372 
36.0235 
36.5842 
37.3203 
38.104 
38.8411 
39.4916 
40.0514 
40.526 
40.916 
41.175 
41.2152 
40.9905 
40.4992 
39.7559 
38.8184 
37.8081 
36.8868 
36.2094 
35.8723 
35.9032 
36.2535 
36.778 
37.2925 
37.6578 
37.8201 
37.8348 
37.804 
37.8327 
38.0523 
38.5266 
39.1818 
39.8485 
40.3342 
40.5152 
40.3572 
39.9443 
39.5098 
39.2736 
39.3099 
39.6558 
40.317 
41.1284 
41.7632 
41.9197 
41.4852 
40.4878 
39.0468 
37.3919 
35.8139 
34.5945 
33.9265 
33.8814 
34.4671 
35.6379 
37.2413 
39.0424 
40.7859 
42.2386 
43.2278 
43.6649 
43.5282 
42.8713 
41.8495 
40.6581 
39.4778 
38.4617 
37.7216 
37.3176 
37.2632 
37.5558 
38.1787 
39.0779 
40.1631 
41.3144 
42.3879 
43.2318 
43.7295 
43.8332 
43.5364 
42.8766 
41.9764 
41.0175 
40.1792 
39.5979 
39.3429 
39.4287 
39.7979 
40.3146 
40.8505 
41.3326 
41.7253 
42.0183 
42.1972 
42.2355 
42.1178 
41.8386 
41.3955 
40.8026 
40.0956 
39.327 
38.5518 
37.811 
37.1253 
36.516 
36.0432 
35.786 
35.784 
36.0796 
36.7235 
37.6625 
38.7473 
39.8088 
40.6875 
41.2625 
41.4729 
41.307 
40.8213 
40.146 
39.401 
38.6596 
37.972 
37.3733 
36.8948 
36.5947 
36.5491 
36.7948 
37.3409 
38.1931 
39.3325 
40.7002 
42.1898 
43.646 
44.8843 
45.7311 
46.0776 
45.8927 
45.2381 
44.2937 
43.2868 
42.3994 
41.7883 
41.5307 
41.5547 
41.7808 
42.1187 
42.4273 
42.6437 
42.7715 
42.8265 
42.8381 
42.8379 
42.8579 
42.9343 
43.1029 
43.3852 
43.7794 
44.2496 
44.7163 
45.0775 
45.2581 
45.2346 
45.0263 
44.7063 
44.3994 
44.2173 
44.2054 
44.3684 
44.6666 
44.9376 
44.9733 
44.6862 
44.0876 
43.2404 
42.2754 
41.3629 
40.6628 
40.2613 
40.1587 
40.3384 
40.7667 
41.3521 
41.9727 
42.509 
42.8589 
42.9614 
42.7997 
42.3982 
41.8415 
41.2642 
40.8105 
40.5796 
40.6017 
40.8559 
41.2685 
41.732 
42.1577 
42.5088 
42.8072 
43.117 
43.5025 
43.9971 
44.6011 
45.2876 
46.01 
46.7126 
47.3301 
47.7461 
47.8162 
47.4701 
46.7166 
45.6221 
44.3384 
43.1005 
42.1778 
41.7654 
41.9241 
42.6151 
43.6786 
44.8259 
45.7393 
46.249 
46.3774 
46.1727 
45.7163 
45.2666 
45.1185 
45.3853 
46.0489 
47.024 
48.1365 
49.1638 
49.9054 
50.2744 
50.2992 
50.013 
49.4593 
48.743 
47.9721 
47.2073 
46.4678 
45.7555 
45.0769 
44.4523 
43.9124 
43.4845 
43.1758 
42.9672 
42.8141 
42.6531 
42.4146 
42.0409 
41.5005 
40.7933 
39.9576 
39.0793 
38.2869 
37.7397 
37.5718 
37.831 
38.4969 
39.4894 
40.6613 
41.8424 
42.8978 
43.7604 
44.4219 
44.9208 
45.3269 
45.7037 
46.0713 
46.3594 
46.4416 
46.2543 
45.7949 
45.0784 
44.1691 
43.2013 
42.3529 
41.798 
41.6505 
41.9442 
42.6457 
43.6367 
44.7217 
45.6866 
46.3684 
46.7288 
46.8295 
46.7188 
46.504 
46.37 
46.3893 
46.6056 
47.1064 
47.8411 
48.6115 
49.1696 
49.3147 
48.9768 
48.1808 
47.0262 
45.7006 
44.4439 
43.4934 
43.0081 
43.0355 
43.5589 
44.4836 
45.5939 
46.5992 
47.2231 
47.2955 
46.7691 
45.707 
44.3216 
42.9362 
41.8767 
41.3604 
41.4522 
42.1168 
43.2197 
44.5399 
45.8582 
47.0129 
47.8999 
48.4451 
48.5971 
48.3383 
47.6789 
46.673 
45.4515 
44.2193 
43.2115 
42.5957 
42.4177 
42.673 
43.3055 
44.1441 
44.9683 
45.6091 
45.9931 
46.1511 
46.1867 
46.2059 
46.2716 
46.4018 
46.5759 
46.7514 
46.8948 
47.0003 
47.0924 
47.215 
47.404 
47.6657 
47.9696 
48.2654 
48.5177 
48.7258 
48.9366 
49.2457 
49.7472 
50.4668 
51.3355 
52.2009 
52.8701 
53.199 
53.1429 
52.6994 
51.904 
50.8834 
49.8157 
48.8664 
48.1672 
47.7962 
47.7737 
48.0994 
48.7469 
49.6205 
50.5663 
51.4143 
52.0198 
52.3013 
52.2377 
51.8858 
51.4044 
50.9739 
50.7185 
50.6937 
50.9101 
51.347 
51.939 
52.5935 
53.2248 
53.7682 
54.1831 
54.4501 
54.5759 
54.5869 
54.4992 
54.3192 
54.0486 
53.6693 
53.1365 
52.3998 
51.4485 
50.3365 
49.1911 
48.2153 
47.6337 
47.5894 
48.1203 
49.1464 
50.4028 
51.5049 
52.1528 
52.2422 
51.7687 
50.8306 
49.7372 
48.9083 
48.649 
49.0557 
50.0515 
51.3848 
52.6985 
53.6857 
54.1799 
54.1396 
53.6326 
52.8501 
52.0083 
51.2522 
50.6433 
50.1604 
49.7434 
49.3613 
49.0256 
48.7994 
48.7746 
48.9952 
49.4484 
50.0739 
50.7659 
51.4187 
51.9741 
52.4403 
52.8821 
53.381 
53.9812 
54.6652 
55.3411 
55.8496 
56.0522 
55.9021 
55.414 
54.6742 
53.8619 
53.239 
52.974 
52.9882 
53.2298 
53.5889 
53.7323 
53.485 
52.8549 
51.8669 
50.6203 
49.2994 
48.1265 
47.2948 
46.9139 
47.0123 
47.5238 
48.2602 
49.0022 
49.5943 
49.9783 
50.2106 
50.4439 
50.8663 
51.6116 
52.6896 
53.9631 
55.1726 
56.0167 
56.2831 
55.9069 
54.9506 
53.6151 
52.178 
50.8778 
49.8637 
49.1904 
48.827 
48.7122 
48.8212 
49.1683 
49.7899 
50.7052 
51.8774 
53.1948 
54.4543 
55.394 
55.8121 
55.6439 
54.9145 
53.7618 
52.4901 
51.48 
51.0064 
51.1552 
51.9181 
53.2028 
54.7697 
56.3235 
57.623 
58.5167 
58.9429 
58.8904 
58.3939 
57.5342 
56.3816 
55.0023 
53.5117 
52.0843 
50.9258 
50.2013 
49.9831 
50.283 
51.0633 
52.2076 
53.5696 
55.044 
56.5798 
58.147 
59.6883 
61.0937 
62.1281 
62.4946 
62.0565 
60.8052 
58.7667 
56.136 
53.3893 
51.1559 
49.8764 
49.6501 
50.45 
52.1298 
54.2654 
56.3083 
57.8181 
58.5616 
58.4854 
57.7644 
56.8432 
56.1828 
56.0481 
56.5177 
57.517 
58.7993 
60.0024 
60.7946 
60.983 
60.5172 
59.4669 
58.0656 
56.6628 
55.6025 
55.0666 
55.0371 
55.4675 
56.2714 
57.2112 
57.9942 
58.4391 
58.5153 
58.2403 
57.6767 
56.9969 
56.4139 
56.069 
56.004 
56.2145 
56.6669 
57.2889 
58.0109 
58.7943 
59.6159 
60.4328 
61.1543 
61.6291 
61.7116 
61.3477 
60.5609 
59.4555 
58.2444 
57.2055 
56.5812 
56.4944 
56.9714 
57.9527 
59.25 
60.6091 
61.8167 
62.7396 
63.3167 
63.5662 
63.5624 
63.3486 
62.9418 
62.3664 
61.6306 
60.7401 
59.7486 
58.7858 
58.038 
57.6594 
57.7055 
58.1982 
59.1313 
60.3713 
61.6872 
62.8439 
63.657 
64.0271 
63.9291 
63.3944 
62.522 
61.4536 
60.3408 
59.3398 
58.6063 
58.2557 
58.3284 
58.8546 
59.8646 
61.2877 
62.9623 
64.7376 
66.5315 
68.3345 
70.1977 
72.1996 
74.3861 
76.7361 
79.1453 
81.4285 
83.3931 
84.9219 
85.9964 
86.6903 
87.141 
87.4826 
87.7855 
88.0391 
88.1876 
88.1915 
88.0422 
87.7701 
87.4704 
87.2599 
87.2094 
87.3374 
87.6178 
87.9681 
88.2813 
88.4824 
88.5602 
88.577 
88.6603 
88.972 
89.6531 
90.7731 
92.3098 
94.1323 
95.9753 
97.4611 
98.268 
98.2798 
97.4436 
95.7523 
93.4449 
90.9232 
88.564 
86.6488 
85.3184 
84.5575 
84.273 
84.4113 
84.8586 
85.4018 
85.9423 
86.5269 
87.248 
88.1923 
89.3771 
90.7236 
92.0608 
93.154 
93.8065 
93.9444 
93.563 
92.742 
91.7352 
90.8863 
90.4408 
90.4743 
90.9351 
91.6273 
92.2313 
92.5392 
92.568 
92.371 
92.0588 
91.852 
91.8734 
92.2238 
93.0042 
94.0327 
94.8743 
95.155 
94.7431 
93.6904 
92.1846 
90.5366 
89.0808 
88.0814 
87.6759 
87.8942 
88.6319 
89.6342 
90.6512 
91.5294 
92.1971 
92.666 
93.0066 
93.2934 
93.5651 
93.8156 
93.9886 
94.0104 
93.8486 
93.5066 
93.0057 
92.3926 
91.7379 
91.1313 
90.7075 
90.6137 
90.9156 
91.6057 
92.6312 
93.8724 
95.1479 
96.2531 
97.0188 
97.3551 
97.2415 
96.7569 
96.0995 
95.4701 
95.0004 
94.7589 
94.7596 
95.0016 
95.4796 
96.1667 
97.0132 
97.9452 
98.8595 
99.6342 
100.157 
100.358 
100.219 
99.7678 
99.0949 
98.3209 
97.5609 
96.9135 
96.493 
96.4197 
96.7477 
97.4908 
98.6572 
100.215 
102.068 
104.041 
105.888 
107.333 
108.152 
108.25 
107.612 
106.302 
104.539 
102.654 
100.994 
99.8592 
99.4314 
99.7634 
100.794 
102.314 
103.998 
105.49 
106.496 
106.861 
106.547 
105.696 
104.696 
103.965 
103.743 
104.099 
104.948 
106.016 
106.921 
107.384 
107.32 
106.772 
105.912 
105.02 
104.342 
104.005 
104.037 
104.375 
104.853 
105.315 
105.695 
105.988 
106.233 
106.493 
106.82 
107.236 
107.74 
108.325 
108.979 
109.691 
110.432 
111.135 
111.681 
111.953 
111.9 
111.432 
110.41 
108.855 
106.973 
105.06 
103.458 
102.477 
102.312 
103.015 
104.519 
106.59 
108.864 
110.951 
112.521 
113.405 
113.61 
113.172 
112.154 
110.711 
109.032 
107.298 
105.696 
104.443 
103.744 
103.72 
104.4 
105.703 
107.36 
108.971 
110.154 
110.763 
110.901 
110.663 
110.151 
109.609 
109.272 
109.247 
109.557 
110.183 
111.078 
112.204 
113.553 
115.116 
116.827 
118.498 
119.732 
120.056 
119.257 
117.381 
114.664 
111.596 
108.854 
107.139 
106.914 
108.314 
111.183 
114.99 
118.951 
122.308 
124.514 
125.301 
124.622 
122.714 
120.138 
117.437 
115.022 
113.232 
112.193 
111.774 
111.829 
112.186 
112.525 
112.687 
112.687 
112.53 
112.228 
111.792 
111.194 
110.378 
109.326 
108.095 
106.822 
105.726 
105.065 
105.023 
105.655 
106.89 
108.495 
110.134 
111.528 
112.526 
113.11 
113.37 
113.478 
113.558 
113.597 
113.556 
113.343 
112.755 
111.666 
110.151 
108.466 
106.995 
106.1 
105.962 
106.617 
107.96 
109.65 
111.228 
112.326 
112.762 
112.5 
111.748 
111.075 
111.021 
111.759 
113.256 
115.358 
117.759 
120.072 
121.924 
123.065 
123.4 
122.916 
121.66 
119.79 
117.54 
115.151 
112.831 
110.726 
108.921 
107.454 
106.341 
105.604 
105.272 
105.367 
105.901 
106.871 
108.195 
109.708 
111.189 
112.41 
113.173 
113.351 
112.906 
111.86 
110.291 
108.332 
106.163 
104.012 
102.145 
100.828 
100.245 
100.453 
101.397 
102.862 
104.46 
105.737 
106.365 
106.244 
105.452 
104.257 
103.063 
102.215 
101.897 
102.149 
102.869 
103.77 
104.534 
104.966 
105.004 
104.647 
103.938 
103.013 
102.058 
101.242 
100.683 
100.441 
100.53 
100.904 
101.445 
102.014 
102.496 
102.811 
102.952 
102.972 
102.913 
102.78 
102.575 
102.297 
101.942 
101.511 
101.027 
100.548 
100.151 
99.8911 
99.7917 
99.8549 
100.031 
100.207 
100.298 
100.287 
100.177 
100.033 
99.973 
100.059 
100.304 
100.728 
101.325 
102.049 
102.826 
103.589 
104.296 
104.936 
105.506 
106 
106.393 
106.651 
106.77 
106.792 
106.722 
106.591 
106.529 
106.616 
106.887 
107.401 
108.164 
109.078 
109.963 
110.613 
110.88 
110.717 
110.111 
109.073 
107.716 
106.23 
104.799 
103.555 
102.556 
101.806 
101.278 
100.928 
100.719 
100.625 
100.622 
100.699 
100.842 
101 
101.12 
101.176 
101.179 
101.182 
101.273 
101.546 
102.05 
102.769 
103.617 
104.458 
105.16 
105.63 
105.828 
105.75 
105.44 
104.985 
104.444 
103.836 
103.171 
102.455 
101.698 
100.916 
100.12 
99.3193 
98.5224 
97.7475 
97.03 
96.4254 
96.0252 
95.9311 
96.1883 
96.7928 
97.7131 
98.8736 
100.152 
101.402 
102.491 
103.33 
103.887 
104.181 
104.285 
104.286 
104.222 
104.09 
103.868 
103.509 
102.958 
102.192 
101.234 
100.134 
98.9184 
97.5901 
96.1367 
94.5379 
93.1479 
92.708 
93.6154 
96.0841 
100.523 
107.08 
115.317 
124.286 
132.798 
139.835 
144.869 
147.97 
149.746 
151.105 
152.878 
155.513 
159.013 
162.949 
166.575 
169.13 
170.342 
170.457 
169.675 
168.203 
166.55 
165.244 
164.522 
164.373 
164.743 
165.557 
166.663 
167.889 
169.085 
170.124 
170.919 
171.434 
171.691 
171.772 
171.813 
171.965 
172.341 
172.953 
173.695 
174.275 
174.33 
173.701 
172.39 
170.449 
168.031 
165.392 
162.827 
160.59 
158.848 
157.679 
157.111 
157.142 
157.751 
158.913 
160.618 
162.832 
165.424 
168.129 
170.565 
172.316 
173.177 
173.24 
172.598 
171.398 
170.074 
169.183 
169.109 
169.968 
171.632 
173.661 
175.362 
176.151 
175.803 
174.2 
171.314 
167.647 
164.096 
161.457 
160.026 
159.634 
160.137 
161.344 
162.896 
164.159 
164.552 
164.331 
163.991 
163.764 
164.203 
165.693 
167.801 
170.093 
172.351 
174.245 
175.496 
175.952 
175.578 
174.499 
173.045 
171.574 
170.363 
169.611 
169.417 
169.804 
170.733 
172.068 
173.576 
174.977 
175.995 
176.513 
176.605 
176.34 
175.811 
175.271 
174.968 
174.986 
175.383 
176.21 
177.381 
178.762 
180.3 
182 
183.88 
185.92 
187.947 
189.576 
190.4 
190.25 
188.952 
186.284 
182.477 
178.259 
174.486 
171.855 
170.549 
170.304 
170.934 
172.259 
173.828 
175.172 
176.048 
176.482 
176.712 
177.05 
177.753 
178.946 
180.61 
182.6 
184.701 
186.693 
188.405 
189.749 
190.73 
191.43 
191.958 
192.408 
192.737 
192.77 
192.401 
191.579 
190.241 
188.404 
186.217 
183.949 
181.955 
180.617 
180.226 
180.874 
182.503 
184.903 
187.73 
190.603 
193.267 
195.161 
195.721 
195.411 
194.929 
194.617 
195.088 
196.65 
198.685 
200.671 
202.452 
203.842 
204.751 
205.164 
205.096 
204.681 
204.192 
203.787 
203.437 
203.035 
202.469 
201.701 
200.794 
199.889 
199.128 
198.576 
198.176 
197.759 
197.09 
195.978 
194.381 
192.433 
190.424 
188.711 
187.598 
187.128 
187.099 
187.373 
187.88 
188.504 
189.182 
189.92 
190.729 
191.559 
192.248 
192.621 
192.602 
192.175 
191.395 
190.489 
189.755 
189.383 
189.427 
189.823 
190.396 
190.964 
191.461 
191.974 
192.677 
193.705 
195.067 
196.593 
197.918 
198.688 
198.762 
198.129 
196.915 
195.502 
194.329 
193.635 
193.39 
193.325 
193.037 
192.169 
190.586 
188.438 
186.124 
184.147 
182.877 
182.454 
182.884 
183.965 
185.231 
186.223 
186.728 
186.762 
186.385 
185.687 
184.804 
183.794 
182.632 
181.288 
179.748 
178.095 
176.572 
175.455 
174.882 
174.756 
174.782 
174.437 
172.909 
169.429 
163.654 
155.772 
146.537 
137.159 
128.913 
122.694 
118.815 
117.168 
117.597 
119.44 
121.438 
122.886 
123.734 
124.035 
123.844 
123.203 
122.129 
120.535 
118.359 
115.684 
112.757 
109.957 
107.671 
106.139 
105.389 
105.206 
105.242 
105.252 
105.092 
104.681 
104.056 
103.341 
102.638 
101.975 
101.31 
100.565 
99.6931 
98.7122 
97.7059 
96.8154 
96.1881 
95.9145 
96.0193 
96.4455 
97.04 
97.5255 
97.5762 
97.0379 
95.8692 
94.0264 
91.5546 
88.6276 
85.5126 
82.5163 
79.909 
77.8539 
76.3841 
75.4064 
74.7294 
74.1292 
73.4367 
72.5869 
71.5942 
70.5027 
69.3445 
68.1213 
66.795 
65.3035 
63.6304 
61.8499 
60.1192 
58.6359 
57.5592 
56.9338 
56.6593 
56.5078 
56.1999 
55.527 
54.4486 
53.1272 
51.8743 
50.9941 
50.6049 
50.5613 
50.6241 
50.6897 
50.6321 
50.1718 
49.1506 
47.6974 
46.1338 
44.7996 
43.9036 
43.5171 
43.6444 
44.1243 
44.6001 
44.8182 
44.7262 
44.3385 
43.7428 
43.1276 
42.6838 
42.4902 
42.4768 
42.5162 
42.4702 
42.1439 
41.404 
40.2616 
38.84 
37.3347 
35.9299 
34.7491 
33.8572 
33.2685 
32.9456 
32.8072 
32.7551 
32.7077 
32.6171 
32.4677 
32.276 
32.0758 
31.8812 
31.6697 
31.3835 
30.9362 
30.2445 
29.2759 
28.0712 
26.744 
25.4618 
24.4025 
23.6958 
23.3967 
23.5112 
23.9182 
24.3111 
24.4279 
24.1961 
23.6351 
22.8203 
21.8997 
21.078 
20.5663 
20.3935 
20.3871 
20.4902 
20.6708 
20.7222 
20.5183 
20.0655 
19.4047 
18.6279 
17.8414 
17.125 
16.5245 
16.0567 
15.7131 
15.4722 
15.3207 
15.2566 
15.2804 
15.3941 
15.6004 
15.8882 
16.2191 
16.5316 
16.7491 
16.807 
16.6822 
16.3812 
15.9304 
15.3799 
14.7928 
14.2306 
13.7417 
13.3564 
13.0858 
12.9235 
12.8557 
12.8764 
12.9668 
13.0746 
13.1453 
13.154 
13.0747 
12.8773 
12.5679 
12.1744 
11.7352 
11.3019 
10.9237 
10.6351 
10.4478 
10.3489 
10.3052 
10.2764 
10.232 
10.1619 
10.0779 
10.0109 
9.9924 
10.0343 
10.1165 
10.188 
10.207 
10.1201 
9.86064 
9.42365 
8.85399 
8.21945 
7.59399 
7.02442 
6.52981 
6.11017 
5.75153 
5.43153 
5.13115 
4.84358 
4.57592 
4.34455 
4.16479 
4.04247 
3.97199 
3.94336 
3.95199 
3.98923 
4.03587 
4.07491 
4.09595 
4.09422 
4.05212 
3.93371 
3.71841 
3.40912 
3.02268 
2.59083 
2.15445 
1.7526 
1.41247 
1.14425 
0.940355 
0.78061 
0.643357 
0.513787 
0.386372 
0.265027 
0.159889 
0.0803548 
0.0301221 
0.00621279 
0 
0 
0 
0 
0 
0 
0 
0 
0 
0 
0 
0 
0 
0 
0 
0 
0 
0 
0 
0 
0 
0 
0 
0 
0 
0 
0 
0 
0 
0 
0 
0 
0 
0 
0 
0 
0 
0 
0 
0 
0 
0 
0 
0 
0 
0 
0 
0 
0 
0 
0 
0 
0 
0 
0 
0 
0 
0 
0 
0 
0 
0 
0 
0 
0 
0 
0 
0 
0 
0 
0 
0 
0 
0 
0 
0 
0 
0 
0 
0 
0 
0 
0 
0 
0 
0 
0 
0 
0 
0 
0 
0 
0 
0 
0 
0 
0 
0 
0 
0 
0 
0 
0 
0 
0 
0 
0 
0 
0 
0 
0 
0 
0 
0 
0 
0 
0 
0 
0 
0 
0 
0 
0 
0 
0 
0 
0 
0 
0 
0 
0 
0 
0 
0 
0 
0 
0 
0 
0 
0 
0 
0 
0 
0 
0 
0 
0 
0 
0 
0 
0 
0 
0 
0 
0 
0 
0 
0 
0 
0 
0 
0 
0 
0 
0 
0 
0 
0 
0 
0 
0 
0 
0 
0 
0 
0 
0 
0 
0 
0 
0 
0 
0 
0 
0 
0 
0 
0 
0 
0 
0 
0 
0 
0 
0 
0 
0 
0 
0 
0 
0 
0 
0 
0 
0 
0 
0 
0 
0 
0 
0 
0 
0 
0 
0 
0 
0 
0 
0 
0 
0 
0 
0 
0 
0 
0 
0 
0 
0 
0 
0 
0 
0 
0 
0 
0 
0 
0 
0 
0 
0 
0 
0 
0 
0 
0 
0 
0 
0 
0 
0 
0 
0 
0 
0 
0 
0 
0 
0 
0 
0 
0 
0 
0 
0 
0 
0 
0 
0 
0 
0 
0 
0 
0 
0 
0 
0 
0 
0 
0 
0 
0 
0 
0 
0 
0 
0 
0 
0 
0 
0 
0 
0 
0 
0 
0 
0 
0 
0 
0 
0 
0 
0 
0 
0 
0 
0 
0 
0 
0 
0 
0 
0 
0 
0 
0 
0 
0 
0 
0 
0 
0 
0 
0 
0 
0 
0 
0 
0 
0 
0 
0 
0 
0 
0 
0 
0 
0 
0 
0 
0 
0 
0 
0 
0 
0 
0 
0 
0 
0 
0 
0 
0 
0 
0 
0 
0 
0 
0 
0 
0 
0 
0 
0 
0 
0 
0 
0 
0 
0 
0 
0 
0 
0 
0 
0 
0 
0 
0 
0 
0 
0 
0 
0 
0 
0 
0 
0 
0 
0 
0 
0 
0 
0 
0 
0 
0 
0 
0 
0 
0 
0 
0 
0 
0 
0 
0 
0 
0 
0 
0 
0 
0 
0 
0 
0 
0 
0 
0 
0 
0 
0 
0 
0 
0 
0 
0 
0 
0 
0 
0 
0 
0 
0 
0 
0 
0 
0 
0 
0 
0 
0 
0 
0 
0 
0 
0 
0 
0 
0 
0 
0 
0 
0 
0 
0 
0 
0 
0 
0 
0 
0 
0 
0 
0 
0 
0 
0 
0 
0 
0 
0 
0 
0 
0 
0 
0 
0 
0 
0 
0 
0 
0 
0 
0 
0 
0 
0 
0 
0 
0 
0 
0 
0 
0 
0 
0 
0 
0 
0 
0 
0 
0 
0 
0 
0 
0 
0 
0 
0 
0 
0 
0 
0 
0 
0 
0 
0 
0 
0 
0 
0 
0 
0 
0 
0 
0 
0 
0 
0 
0 
0 
0 
0 
0 
0 
0 
0 
0 
0 
0 
0 
0 
0 
0 
0 
0 
0 
0 
0 
0 
0 
0 
0 
0 
0 
0 
0 
0 
0 
0 
0 
0 
0 
0 
0 
0 
0 
0 
0 
0 
0 
0 
0 
0 
0 
0 
0 
0 
0 
0 
0 
0 
0 
0 
0 
0 
0 
0 
0 
0 
0 
0 
0 
0 
0 
0 
0 
0 
0 
0 
0 
0 
0 
0 
0 
0 
0 
0 
0 
0 
0 
0 
0 
0 
0 
0 
0 
0 
0 
0 
0 
0 
0 
0 
0 
0 
0 
0 
0 
0 
0 
0 
0 
0 
0 
0 
0 
0 
0 
0 
0 
0 
0 
0 
0 
0 
0 
0 
0 
0 
0 
0 
0 
0 
0 
0 
0 
0 
0 
0 
0 
0 
0 
0 
0 
0 
0 
0 
0 
0 
0 
0 
0 
0 
0 
0 
0 
0 
0 
0 
0 
0 
0 
0 
0 
0 
0 
0 
0 
0 
0 
0 
0 
0 
0 
0 
0 
0 
0 
0 
0 
0 
0 
0 
0 
0 
0 
0 
0 
0 
0 
0 
0 
0 
0 
0 
0 
0 
0 
0 
0 
0 
0 
0 
0 
0 
0 
0 
0 
0 
0 
0 
0 
0 
0 
0 
0 
0 
0 
0 
0 
0 
0 
0 
0 
0 
0 
0 
0 
0 
0 
0 
0 
0 
0 
0 
0 
0 
0 
0 
0 
0 
0 
0 
0 
0 
0 
0 
0 
0 
0 
0 
0 
0 
0 
0 
0 
0 
0 
0 
0 
0 
0 
0 
0 
0 
0 
0 
0 
0 
0 
0 
0 
0 
0 
0 
0 
0 
0 
0 
0 
0 
0 
0 
0 
0 
0 
0 
0 
0 
0 
0 
0 
0 
0 
0 
0 
0 
0 
0 
0 
0 
0 
0 
0 
0 
0 
0 
0 
0 
0 
0 
0 
0 
0 
0 
0 
0 
0 
0 
0 
0 
0 
0 
0 
0 
0 
0 
0 
0 
0 
0 
0 
0 
0 
0 
0 
0 
0 
0 
0 
0 
0 
0 
0 
0 
0 
0 
0 
0 
0 
0 
0 
0 
0 
0 
0 
0 
0 
0 
0 
0 
0 
0 
0 
0 
0 
0 
0 
0 
0 
0 
0 
0 
0 
0 
0 
0 
0 
0 
0 
0 
0 
0 
0 
0 
0 
0 
0 
0 
0 
0 
0 
0 
0 
0 
0 
0 
0 
0 
0 
0 
0 
0 
0 
0 
0 
0 
0 
0 
0 
0 
0 
0 
0 
0 
0 
0 
0 
0 
0 
0 
0 
0 
0 
0 
0 
0 
0 
0 
0 
0 
0 
0 
0 
0 
0 
0 
0 
0 
0 
0 
0 
0 
0 
0 
0 
0 
0 
0 
0 
0 
0 
0 
0 
0 
0 
0 
0 
0 
0 
0 
0 
0 
0 
0 
0 
0 
0 
0 
0 
0 
0 
0 
0 
0 
0 
0 
0 
0 
0 
0 
0 
0 
0 
0 
0 
0 
0 
0 
0 
0 
0 
0 
0 
0 
0 
0 
0 
0 
0 
0 
0 
0 
0 
0 
0 
0 
0 
0 
0 
0 
0 
0 
0 
0 
0 
0 
0 
0 
0 
0 
0 
0 
0 
0 
0 
0 
0 
0 
0 
0 
0 
0 
0 
0 
0 
0 
0 
0 
0 
0 
0 
0 
0 
0 
0 
0 
0 
0 
0 
0 
0 
0 
0 
0 
0 
0 
0 
0 
0 
0 
0 
0 
0 
0 
0 
0 
0 
0 
0 
0 
0 
0 
0 
0 
0 
0 
0 
0 
0 
0 
0 
0 
0 
0 
0 
0 
0 
0 
0 
0 
0 
0 
0 
0 
0 
0 
0 
0 
0 
0 
0 
0 
0 
0 
0 
0 
0 
0 
0 
0 
0 
0 
0 
0 
0 
0 
0 
0 
0 
0 
0 
0 
0 
0 
0 
0 
0 
0 
0 
0 
0 
0 
0 
0 
0 
0 
0 
0 
0 
0 
0 
0 
0 
0 
0 
0 
0 
0 
0 
0 
0 
0 
0 
0 
0 
0 
0 
0 
0 
0 
0 
0 
0 
0 
0 
0 
0 
0 
0 
0 
0 
0 
0 
0 
0 
0 
0 
0 
0 
0 
0 
0 
0 
0 
0 
0 
0 
0 
0 
0 
0 
0 
0 
0 
0 
0 
0 
0 
0 
0 
0 
0 
0 
0 
0 
0 
0 
0 
0 
0 
0 
0 
0 
0 
0 
0 
0 
0 
0 
0 
0 
0 
0 
0 
0 
0 
0 
0 
0 
0 
0 
0 
0 
0 
0 
0 
0 
0 
0 
0 
0 
0 
0 
0 
0 
0 
0 
0 
0 
0 
0 
0 
0 
0 
0 
0 
0 
0 
0 
0 
0 
0 
0 
0 
0 
0 
0 
0 
0 
0 
0 
0 
0 
0 
0 
0 
0 
0 
0 
0 
0 
0 
0 
0 
0 
0 
0 
0 
0 
0 
0 
0 
0 
0 
0 
0 
0 
0 
0 
0 
0 
0 
0 
0 
0 
0 
0 
0 
0 
0 
0 
0 
0 
0 
0 
0 
0 
0 
0 
0 
0 
0 
0 
0 
0 
0 
0 
0 
0 
0 
0 
0 
0 
0 
0 
0 
0 
0 
0 
0 
0 
0 
0 
0 
0 
0 
0 
0 
0 
0 
0 
0 
0 
0 
0 
0 
0 
0 
0 
0 
0 
0 
0 
0 
0 
0 
0 
0 
0 
0 
0 
0 
0 
0 
0 
0 
0 
0 
0 
0 
0 
0 
0 
0 
0 
0 
0 
0 
0 
0 
0 
0 
0 
0 
0 
0 
0 
0 
0 
0 
0 
0 
0 
0 
0 
0 
0 
0 
0 
0 
0 
0 
0 
0 
0 
0 
0 
0 
0 
0 
0 
0 
0 
0 
0 
0 
0 
0 
0 
0 
0 
0 
0 
0 
0 
0 
0 
0 
0 
0 
0 
0 
0 
0 
0 
0 
0 
0 
0 
0 
0 
0 
0 
0 
0 
0 
0 
0 
0 
0 
0 
0 
0 
0 
0 
0 
0 
0 
0 
0 
0 
0 
0 
0 
0 
0 
0 
0 
0 
0 
0 
0 
0 
0 
0 
0 
0 
0 
0 
0 
0 
0 
0 
0 
0 
0 
0 
0 
0 
0 
0 
0 
0 
0 
0 
0 
0 
0 
0 
0 
0 
0 
0 
0 
0 
0 
0 
0 
0 
0 
0 
0 
0 
0 
0 
0 
0 
0 
0 
0 
0 
0 
0 
0 
0 
0 
0 
0 
0 
0 
0 
0 
0 
0 
0 
0 
0 
0 
0 
0 
0 
0 
0 
0 
0 
0 
0 
0 
0 
0 
0 
0 
0 
0 
0 
0 
0 
0 
0 
0 
0 
0 
0 
0 
0 
0 
0 
0 
0 
0 
0 
0 
0 
0 
0 
0 
0 
0 
0 
0 
0 
0 
0 
0 
0 
0 
0 
0 
0 
0 
0 
0 
0 
0 
0 
0 
0 
0 
0 
0 
0 
0 
0 
0 
0 
0 
0 
0 
0 
0 
0 
0 
0 
0 
0 
0 
0 
0 
0 
0 
0 
0 
0 
0 
0 
0 
0 
0 
0 
0 
0 
0 
0 
0 
0 
0 
0 
0 
0 
0 
0 
0 
0 
0 
0 
0 
0 
0 
0 
0 
0 
0 
0 
0 
0 
0 
0 
0 
0 
0 
0 
0 
0 
0 
0 
0 
0 
0 
0 
0 
0 
0 
0 
0 
0 
0 
0 
0 
0 
0 
0 
0 
0 
0 
0 
0 
0 
0 
0 
0 
0 
0 
0 
0 
0 
0 
0 
0 
0 
0 
0 
0 
0 
0 
0 
0 
0 
0 
0 
0 
0 
0 
0 
0 
0 
0 
0 
0 
0 
0 
0 
0 
0 
0 
0 
0 
0 
0 
0 
0 
0 
0 
0 
0 
0 
0 
0 
0 
0 
0 
0 
0 
0 
0 
0 
0 
0 
0 
0 
0 
0 
0 
0 
0 
0 
0 
0 
0 
0 
0 
0 
0 
0 
0 
0 
0 
0 
0 
0 
0 
0 
0 
0 
0 
0 
0 
0 
0 
0 
0 
0 
0 
0 
0 
0 
0 
0 
0 
0 
0 
0 
0 
0 
0 
0 
0 
0 
0 
0 
0 
0 
0 
0 
0 
0 
0 
0 
0 
0 
0 
0 
0 
0 
0 
0 
0 
0 
0 
0 
0 
0 
0 
0 
0 
0 
0 
0 
0 
0 
0 
0 
0 
0 
0 
0 
0 
0 
0 
0 
0 
0 
0 
0 
0 
0 
0 
0 
0 
0 
0 
0 
0 
0 
0 
0 
0 
0 
0 
0 
0 
0 
0 
0 
0 
0 
0 
0 
0 
0 
0 
0 
0 
0 
0 
0 
0 
0 
0 
0 
0 
0 
0 
0 
0 
0 
0 
0 
0 
0 
0 
0 
0 
0 
0 
0 
0 
0 
0 
0 
0 
0 
0 
0 
0 
0 
0 
0 
0 
0 
0 
0 
0 
0 
0 
0 
0 
0 
0 
0 
0 
0 
0 
0 
0 
0 
0 
0 
0 
0 
0 
0 
0 
0 
0 
0 
0 
0 
0 
0 
0 
0 
0 
0 
0 
0 
0 
0 
0 
0 
0 
0 
0 
0 
0 
0 
0 
0 
0 
0 
0 
0 
0 
0 
0 
0 
0 
0 
0 
0 
0 
0 
0 
0 
0 
0 
0 
0 
0 
0 
0 
0 
0 
0 
0 
0 
0 
0 
0 
0 
0 
0 
0 
0 
0 
0 
0 
0 
0 
0 
0 
0 
0 
0 
0 
0 
0 
0 
0 
0 
0 
0 
0 
0 
0 
0 
0 
0 
0 
0 
0 
0 
0 
0 
0 
0 
0 
0 
0 
0 
0 
0 
0 
0 
0 
0 
0 
0 
0 
0 
0 
0 
0 
0 
0 
0 
0 
0 
0 
0 
0 
0 
0 
0 
0 
0 
0 
0 
0 
0 
0 
0 
0 
0 
0 
0 
0 
0 
0 
0 
0 
0 
0 
0 
0 
0 
0 
0 
0 
0 
0 
0 
0 
0 
0 
0 
0 
0 
0 
0 
0 
0 
0 
0 
0 
0 
0 
0 
0 
0 
0 
0 
0 
0 
0 
0 
0 
0 
0 
0 
0 
0 
0 
0 
0 
0 
0 
0 
0 
0 
0 
0 
0 
0 
0 
0 
0 
0 
0 
0 
0 
0 
0 
0 
0 
0 
0 
0 
0 
0 
0 
0 
0 
0 
0 
0 
0 
0 
0 
0 
0 
0 
0 
0 
0 
0 
0 
0 
0 
0 
0 
0 
0 
0 
0 
0 
0 
0 
0 
0 
0 
0 
0 
0 
0 
0 
0 
0 
0 
0 
0 
0 
0 
0 
0 
0 
0 
0 
0 
0 
0 
0 
0 
0 
0 
0 
0 
0 
0 
0 
0 
0 
0 
0 
0 
0 
0 
0 
0 
0 
0 
0 
0 
0 
0 
0 
0 
0 
0 
0 
0 
0 
0 
0 
0 
0 
0 
0 
0 
0 
0 
0 
0 
0 
0 
0 
0 
0 
0 
0 
0 
0 
0 
0 
0 
0 
0 
0 
0 
0 
0 
0 
0 
0 
0 
0 
0 
0 
0 
0 
0 
0 
0 
0 
0 
0 
0 
0 
0 
0 
0 
0 
0 
0 
0 
0 
0 
0 
0 
0 
0 
0 
0 
0 
0 
0 
0 
0 
0 
0 
0 
0 
0 
0 
0 
0 
0 
0 
0 
0 
0 
0 
0 
0 
0 
0 
0 
0 
0 
0 
0 
0 
0 
0 
0 
0 
0 
0 
0 
0 
0 
0 
0 
0 
0 
0 
0 
0 
0 
0 
0 
0 
0 
0 
0 
0 
0 
0 
0 
0 
0 
0 
0 
0 
0 
0 
0 
0 
0 
0 
0 
0 
0 
0 
0 
0 
0 
0 
0 
0 
0 
0 
0 
0 
0 
0 
0 
0 
0 
0 
0 
0 
0 
0 
0 
0 
0 
0 
0 
0 
0 
0 
0 
0 
0 
0 
0 
0 
0 
0 
0 
0 
0 
0 
0 
0 
0 
0 
0 
0 
0 
0 
0 
0 
0 
0 
0 
0 
0 
0 
0 
0 
0 
0 
0 
0 
0 
0 
0 
0 
0 
0 
0 
0 
0 
0 
0 
0 
0 
0 
0 
0 
0 
0 
0 
0 
0 
0 
0 
0 
0 
0 
0 
0 
0 
0 
0 
0 
0 
0 
0 
0 
0 
0 
0 
0 
0 
0 
0 
0 
0 
0 
0 
0 
0 
0 
0 
0 
0 
0 
0 
0 
0 
0 
0 
0 
0 
0 
0 
0 
0 
0 
0 
0 
0 
0 
0 
0 
0 
0 
0 
0 
0 
0 
0 
0 
0 
0 
0 
0 
0 
0 
0 
0 
0 
0 
0 
0 
0 
0 
0 
0 
0 
0 
0 
0 
0 
0 
0 
0 
0 
0 
0 
0 
0 
0 
0 
0 
0 
0 
0 
0 
0 
0 
0 
0 
0 
0 
0 
0 
0 
0 
0 
0 
0 
0 
0 
0 
0 
0 
0 
0 
0 
0 
0 
0 
0 
0 
0 
0 
0 
0 
0 
0 
0 
0 
0 
0 
0 
0 
0 
0 
0 
0 
0 
0 
0 
0 
0 
0 
0 
0 
0 
0 
0 
0 
0 
0 
0 
0 
0 
0 
0 
0 
0 
0 
0 
0 
0 
0 
0 
0 
0 
0 
0 
0 
0 
0 
0 
0 
0 
0 
0 
0 
0 
0 
0 
0 
0 
0 
0 
0 
0 
0 
0 
0 
0 
0 
0 
0 
0 
0 
0 
0 
0 
0 
0 
0 
0 
0 
0 
0 
0 
0 
0 
0 
0 
0 
0 
0 
0 
0 
0 
0 
0 
0 
0 
0 
0 
0 
0 
0 
0 
0 
0 
0 
0 
0 
0 
0 
0 
0 
0 
0 
0 
0 
0 
0 
0 
0 
0 
0 
0 
0 
0 
0 
0 
0 
0 
0 
0 
0 
0 
0 
0 
0 
0 
0 
0 
0 
0 
0 
0 
0 
0 
0 
0 
0 
0 
0 
0 
0 
0 
0 
0 
0 
0 
0 
0 
0 
0 
0 
0 
0 
0 
0 
0 
0 
0 
0 
0 
0 
0 
0 
0 
0 
0 
0 
0 
0 
0 
0 
0 
0 
0 
0 
0 
0 
0 
0 
0 
0 
0 
0 
0 
0 
0 
0 
0 
0 
0 
0 
0 
0 
0 
0 
0 
0 
0 
0 
0 
0 
0 
0 
0 
0 
0 
0 
0 
0 
0 
0 
0 
0 
0 
0 
0 
0 
0 
0 
0 
0 
0 
0 
0 
0 
0 
0 
0 
0 
0 
0 
0 
0 
0 
0 
0 
0 
0 
0 
0 
0 
0 
0 
0 
0 
0 
0 
0 
0 
0 
0 
0 
0 
0 
0 
0 
0 
0 
0 
0 
0 
0 
0 
0 
0 
0 
0 
0 
0 
0 
0 
0 
0 
0 
0 
0 
0 
0 
0 
0 
0 
0 
0 
0 
0 
0 
0 
0 
0 
0 
0 
0 
0 
0 
0 
0 
0 
0 
0 
0 
0 
0 
0 
0 
0 
0 
0 
0 
0 
0 
0 
0 
0 
0 
0 
0 
0 
0 
0 
0 
0 
0 
0 
0 
0 
0 
0 
0 
0 
0 
0 
0 
0 
0 
0 
0 
0 
0 
0 
0 
0 
0 
0 
0 
0 
0 
0 
0 
0 
0 
0 
0 
0 
0 
0 
0 
0 
0 
0 
0 
0 
0 
0 
0 
0 
0 
0 
0 
0 
0 
0 
0 
0 
0 
0 
0 
0 
0 
0 
0 
0 
0 
0 
0 
0 
0 
0 
0 
0 
0 
0 
0 
0 
0 
0 
0 
0 
0 
0 
0 
0 
0 
0 
0 
0 
0 
0 
0 
0 
0 
0 
0 
0 
0 
0 
0 
0 
0 
0 
0 
0 
0 
0 
0 
0 
0 
0 
0 
0 
0 
0 
0 
0 
0 
0 
0 
0 
0 
0 
0 
0 
0 
0 
0 
0 
0 
0 
0 
0 
0 
0 
0 
0 
0 
0 
0 
0 
0 
0 
0 
0 
0 
0 
0 
0 
0 
0 
0 
0 
0 
0 
0 
0 
0 
0 
0 
0 
0 
0 
0 
0 
0 
0 
0 
0 
0 
0 
0 
0 
0 
0 
0 
0 
0 
0 
0 
0 
0 
0 
0 
0 
0 
0 
0 
0 
0 
0 
0 
0 
0 
0 
0 
0 
0 
0 
0 
0 
0 
0 
0 
0 
0 
0 
0 
0 
0 
0 
0 
0 
0 
0 
0 
0 
0 
0 
0 
0 
0 
0 
0 
0 
0 
0 
0 
0 
0 
0 
0 
0 
0 
0 
0 
0 
0 
0 
0 
0 
0 
0 
0 
0 
0 
0 
0 
0 
0 
0 
0 
0 
0 
0 
0 
0 
0 
0 
0 
0 
0 
0 
0 
0 
0 
0 
0 
0 
0 
0 
0 
0 
0 
0 
0 
0 
0 
0 
0 
0 
0 
0 
0 
0 
0 
0 
0 
0 
0 
0 
0 
0 
0 
0 
0 
0 
0 
0 
0 
0 
0 
0 
0 
0 
0 
0 
0 
0 
0 
0 
0 
0 
0 
0 
0 
0 
0 
0 
0 
0 
0 
0 
0 
0 
0 
0 
0 
0 
0 
0 
0 
0 
0 
0 
0 
0 
0 
0 
0 
0 
0 
0 
0 
0 
0 
0 
0 
0 
0 
0 
0 
0 
0 
0 
0 
0 
0 
0 
0 
0 
0 
0 
0 
0 
0 
0 
0 
0 
0 
0 
0 
0 
0 
0 
0 
0 
0 
0 
0 
0 
0 
0 
0 
0 
0 
0 
0 
0 
0 
0 
0 
0 
0 
0 
0 
0 
0 
0 
0 
0 
0 
0 
0 
0 
0 
0 
0 
0 
0 
0 
0 
0 
0 
0 
0 
0 
0 
0 
0 
0 
0 
0 
0 
0 
0 
0 
0 
0 
0 
0 
0 
0 
0 
0 
0 
0 
0 
0 
0 
0 
0 
0 
0 
0 
0 
0 
0 
0 
0 
0 
0 
0 
0 
0 
0 
0 
0 
0 
0 
0 
0 
0 
0 
0 
0 
0 
0 
0 
0 
0 
0 
0 
0 
0 
0 
0 
0 
0 
0 
0 
0 
0 
0 
0 
0 
0 
0 
0 
0 
0 
0 
0 
0 
0 
0 
0 
0 
0 
0 
0 
0 
0 
0 
0 
0 
0 
0 
0 
0 
0 
0 
0 
0 
0 
0 
0 
0 
0 
0 
0 
0 
0 
0 
0 
0 
0 
0 
0 
0 
0 
0 
0 
0 
0 
0 
0 
0 
0 
0 
0 
0 
0 
0 
0 
0 
0 
0 
0 
0 
0 
0 
0 
0 
0 
0 
0 
0 
0 
0 
0 
0 
0 
0 
0 
0 
0 
0 
0 
0 
0 
0 
0 
0 
0 
0 
0 
0 
0 
0 
0 
0 
0 
0 
0 
0 
0 
0 
0 
0 
0 
0 
0 
0 
0 
0 
0 
0 
0 
0 
0 
0 
0 
0 
0 
0 
0 
0 
0 
0 
0 
0 
0 
0 
0 
0 
0 
0 
0 
0 
0 
0 
0 
0 
0 
0 
0 
0 
0 
0 
0 
0 
0 
0 
0 
0 
0 
0 
0 
0 
0 
0 
0 
0 
0 
0 
0 
0 
0 
0 
0 
0 
0 
0 
0 
0 
0 
0 
0 
0 
0 
0 
0 
0 
0 
0 
0 
0 
0 
0 
0 
0 
0 
0 
0 
0 
0 
0 
0 
0 
0 
0 
0 
0 
0 
0 
0 
0 
0 
0 
0 
0 
0 
0 
0 
0 
0 
0 
0 
0 
0 
0 
0 
0 
0 
0 
0 
0 
0 
0 
0 
0 
0 
0 
0 
0 
0 
0 
0 
0 
0 
0 
0 
0 
0 
0 
0 
0 
0 
0 
0 
0 
0 
0 
0 
0 
0 
0 
0 
0 
0 
0 
0 
0 
0 
0 
0 
0 
0 
0 
0 
0 
0 
0 
0 
0 
0 
0 
0 
0 
0 
0 
0 
0 
0 
0 
0 
0 
0 
0 
0 
0 
0 
0 
0 
0 
0 
0 
0 
0 
0 
0 
0 
0 
0 
0 
0 
0 
0 
0 
0 
0 
0 
0 
0 
0 
0 
0 
0 
0 
0 
0 
0 
0 
0 
0 
0 
0 
0 
0 
0 
0 
0 
0 
0 
0 
0 
0 
0 
0 
0 
0 
0 
0 
0 
0 
0 
0 
0 
0 
0 
0 
0 
0 
0 
0 
0 
0 
0 
0 
0 
0 
0 
0 
0 
0 
0 
0 
0 
0 
0 
0 
0 
0 
0 
0 
0 
0 
0 
0 
0 
0 
0 
0 
0 
0 
0 
0 
0 
0 
0 
0 
0 
0 
0 
0 
0 
0 
0 
0 
0 
0 
0 
0 
0 
0 
0 
0 
0 
0 
0 
0 
0 
0 
0 
0 
0 
0 
0 
0 
0 
0 
0 
0 
0 
0 
0 
0 
0 
0 
0 
0 
0 
0 
0 
0 
0 
0 
0 
0 
0 
0 
0 
0 
0 
0 
0 
0 
0 
0 
0 
0 
0 
0 
0 
0 
0 
0 
0 
0 
0 
0 
0 
0 
0 
0 
0 
0 
0 
0 
0 
0 
0 
0 
0 
0 
0 
0 
0 
0 
0 
0 
0 
0 
0 
0 
0 
0 
0 
0 
0 
0 
0 
0 
0 
0 
0 
0 
0 
0 
0 
0 
0 
0 
0 
0 
0 
0 
0 
0 
0 
0 
0 
0 
0 
0 
0 
0 
0 
0 
0 
0 
0 
0 
0 
0 
0 
0 
0 
0 
0 
0 
0 
0 
0 
0 
0 
0 
0 
0 
0 
0 
0 
0 
0 
0 
0 
0 
0 
0 
0 
0 
0 
0 
0 
0 
0 
0 
0 
0 
0 
0 
0 
0 
0 
0 
0 
0 
0 
0 
0 
0 
0 
0 
0 
0 
0 
0 
0 
0 
0 
0 
0 
0 
0 
0 
0 
0 
0 
0 
0 
0 
0 
0 
0 
0 
0 
0 
0 
0 
0 
0 
0 
0 
0 
0 
0 
0 
0 
0 
0 
0 
0 
0 
0 
0 
0 
0 
0 
0 
0 
0 
0 
0 
0 
0 
0 
0 
0 
0 
0 
0 
0 
0 
0 
0 
0 
0 
0 
0 
0 
0 
0 
0 
0 
0 
0 
0 
0 
0 
0 
0 
0 
0 
0 
0 
0 
0 
0 
0 
0 
0 
0 
0 
0 
0 
0 
0 
0 
0 
0 
0 
0 
0 
0 
0 
0 
0 
0 
0 
0 
0 
0 
0 
0 
0 
0 
0 
0 
0 
0 
0 
0 
0 
0 
0 
0 
0 
0 
0 
0 
0 
0 
0 
0 
0 
0 
0 
0 
0 
0 
0 
0 
0 
0 
0 
0 
0 
0 
0 
0 
0 
0 
0 
0 
0 
0 
0 
0 
0 
0 
0 
0 
0 
0 
0 
0 
0 
0 
0 
0 
0 
0 
0 
0 
0 
0 
0 
0 
0 
0 
0 
0 
0 
0 
0 
0 
0 
0 
0 
0 
0 
0 
0 
0 
0 
0 
0 
0 
0 
0 
0 
0 
0 
0 
0 
0 
0 
0 
0 
0 
0 
0 
0 
0 
0 
0 
0 
0 
0 
0 
0 
0 
0 
0 
0 
0 
0 
0 
0 
0 
0 
0 
0 
0 
0 
0 
0 
0 
0 
0 
0 
0 
0 
0 
0 
0 
0 
0 
0 
0 
0 
0 
0 
0 
0 
0 
0 
0 
0 
0 
0 
0 
0 
0 
0 
0 
0 
0 
0 
0 
0 
0 
0 
0 
0 
0 
0 
0 
0 
0 
0 
0 
0 
0 
0 
0 
0 
0 
0 
0 
0 
0 
0 
0 
0 
0 
0 
0 
0 
0 
0 
0 
0 
0 
0 
0 
0 
0 
0 
0 
0 
0 
0 
0 
0 
0 
0 
0 
0 
0 
0 
0 
0 
0 
0 
0 
0 
0 
0 
0 
0 
0 
0 
0 
0 
0 
0 
0 
0 
0 
0 
0 
0 
0 
0 
0 
0 
0 
0 
0 
0 
0 
0 
0 
0 
0 
0 
0 
0 
0 
0 
0 
0 
0 
0 
0 
0 
0 
0 
0 
0 
0 
0 
0 
0 
0 
0 
0 
0 
0 
0 
0 
0 
0 
0 
0 
0 
0 
0 
0 
0 
0 
0 
0 
0 
0 
0 
0 
0 
0 
0 
0 
0 
0 
0 
0 
0 
0 
0 
0 
0 
0 
0 
0 
0 
0 
0 
0 
0 
0 
0 
0 
0 
0 
0 
0 
0 
0 
0 
0 
0 
0 
0 
0 
0 
0 
0 
0 
0 
0 
0 
0 
0 
0 
0 
0 
0 
0 
0 
0 
0 
0 
0 
0 
0 
0 
0 
0 
0 
0 
0 
0 
0 
0 
0 
0 
0 
0 
0 
0 
0 
0 
0 
0 
0 
0 
0 
0 
0 
0 
0 
0 
0 
0 
0 
0 
0 
0 
0 
0 
0 
0 
0 
0 
0 
0 
0 
0 
0 
0 
0 
0 
0 
0 
0 
0 
0 
0 
0 
0 
0 
0 
0 
0 
0 
0 
0 
0 
0 
0 
0 
0 
0 
0 
0 
0 
0 
0 
0 
0 
0 
0 
0 
0 
0 
0 
0 
0 
0 
0 
0 
0 
0 
0 
0 
0 
0 
0 
0 
0 
0 
0 
0 
0 
0 
0 
0 
0 
0 
0 
0 
0 
0 
0 
0 
0 
0 
0 
0 
0 
0 
0 
0 
0 
0 
0 
0 
0 
0 
0 
0 
0 
0 
0 
0 
0 
0 
0 
0 
0 
0 
0 
0 
0 
0 
0 
0 
0 
0 
0 
0 
0 
0 
0 
0 
0 
0 
0 
0 
0 
0 
0 
0 
0 
0 
0 
0 
0 
0 
0 
0 
0 
0 
0 
0 
0 
0 
0 
0 
0 
0 
0 
0 
0 
0 
0 
0 
0 
0 
0 
0 
0 
0 
0 
0 
0 
0 
0 
0 
0 
0 
0 
0 
0 
0 
0 
0 
0 
0 
0 
0 
0 
0 
0 
0 
0 
0 
0 
0 
0 
0 
0 
0 
0 
0 
0 
0 
0 
0 
0 
0 
0 
0 
0 
0 
0 
0 
0 
0 
0 
0 
0 
0 
0 
0 
0 
0 
0 
0 
0 
0 
0 
0 
0 
0 
0 
0 
0 
0 
0 
0 
0 
0 
0 
0 
0 
0 
0 
0 
0 
0 
0 
0 
0 
0 
0 
0 
0 
0 
0 
0 
0 
0 
0 
0 
0 
0 
0 
0 
0 
0 
0 
0 
0 
0 
0 
0 
0 
0 
0 
0 
0 
0 
0 
0 
0 
0 
0 
0 
0 
0 
0 
0 
0 
0 
0 
0 
0 
0 
0 
0 
0 
0 
0 
0 
0 
0 
0 
0 
0 
0 
0 
0 
0 
0 
0 
0 
0 
0 
0 
0 
0 
0 
0 
0 
0 
0 
0 
0 
0 
0 
0 
0 
0 
0 
0 
0 
0 
0 
0 
0 
0 
0 
0 
0 
0 
0 
0 
0 
0 
0 
0 
0 
0 
0 
0 
0 
0 
0 
0 
0 
0 
0 
0 
0 
0 
0 
0 
0 
0 
0 
0 
0 
0 
0 
0 
0 
0 
0 
0 
0 
0 
0 
0 
0 
0 
0 
0 
0 
0 
0 
0 
0 
0 
0 
0 
0 
0 
0 
0 
0 
0 
0 
0 
0 
0 
0 
0 
0 
0 
0 
0 
0 
0 
0 
0 
0 
0 
0 
0 
0 
0 
0 
0 
0 
0 
0 
0 
0 
0 
0 
0 
0 
0 
0 
0 
0 
0 
0 
0 
0 
0 
0 
0 
0 
0 
0 
0 
0 
0 
0 
0 
0 
0 
0 
0 
0 
0 
0 
0 
0 
0 
0 
0 
0 
0 
0 
0 
0 
0 
0 
0 
0 
0 
0 
0 
0 
0 
0 
0 
0 
0 
0 
0 
0 
0 
0 
0 
0 
0 
0 
0 
0 
0 
0 
0 
0 
0 
0 
0 
0 
0 
0 
0 
0 
0 
0 
0 
0 
0 
0 
0 
0 
0 
0 
0 
0 
0 
0 
0 
0 
0 
0 
0 
0 
0 
0 
0 
0 
0 
0 
0 
0 
0 
0 
0 
0 
0 
0 
0 
0 
0 
0 
0 
0 
0 
0 
0 
0 
0 
0 
0 
0 
0 
0 
0 
0 
0 
0 
0 
0 
0 
0 
0 
0 
0 
0 
0 
0 
0 
0 
0 
0 
0 
0 
0 
0 
0 
0 
0 
0 
0 
0 
0 
0 
0 
0 
0 
0 
0 
0 
0 
0 
0 
0 
0 
0 
0 
0 
0 
0 
0 
0 
0 
0 
0 
0 
0 
0 
0 
0 
0 
0 
0 
0 
0 
0 
0 
0 
0 
0 
0 
0 
0 
0 
0 
0 
0 
0 
0 
0 
0 
0 
0 
0 
0 
0 
0 
0 
0 
0 
0 
0 
0 
0 
0 
0 
0 
0 
0 
0 
0 
0 
0 
0 
0 
0 
0 
0 
0 
0 
0 
0 
0 
0 
0 
0 
0 
0 
0 
0 
0 
0 
0 
0 
0 
0 
0 
0 
0 
0 
0 
0 
0 
0 
0 
0 
0 
0 
0 
0 
0 
0 
0 
0 
0 
0 
0 
0 
0 
0 
0 
0 
0 
0 
0 
0 
0 
0 
0 
0 
0 
0 
0 
0 
0 
0 
0 
0 
0 
0 
0 
0 
0 
0 
0 
0 
0 
0 
0 
0 
0 
0 
0 
0 
0 
0 
0 
0 
0 
0 
0 
0 
0 
0 
0 
0 
0 
0 
0 
0 
0 
0 
0 
0 
0 
0 
0 
0 
0 
0 
0 
0 
0 
0 
0 
0 
0 
0 
0 
0 
0 
0 
0 
0 
0 
0 
0 
0 
0 
0 
0 
0 
0 
0 
0 
0 
0 
0 
0 
0 
0 
0 
0 
0 
0 
0 
0 
0 
0 
0 
0 
0 
0 
0 
0 
0 
0 
0 
0 
0 
0 
0 
0 
0 
0 
0 
0 
0 
0 
0 
0 
0 
0 
0 
0 
0 
0 
0 
0 
0 
0 
0 
0 
0 
0 
0 
0 
0 
0 
0 
0 
0 
0 
0 
0 
0 
0 
0 
0 
0 
0 
0 
0 
0 
0 
0 
0 
0 
0 
0 
0 
0 
0 
0 
0 
0 
0 
0 
0 
0 
0 
0 
0 
0 
0 
0 
0 
0 
0 
0 
0 
0 
0 
0 
0 
0 
0 
0 
0 
0 
0 
0 
0 
0 
0 
0 
0 
0 
0 
0 
0 
0 
0 
0 
0 
0 
0 
0 
0 
0 
0 
0 
0 
0 
0 
0 
0 
0 
0 
0 
0 
0 
0 
0 
0 
0 
0 
0 
0 
0 
0 
0 
0 
0 
0 
0 
0 
0 
0 
0 
0 
0 
0 
0 
0 
0 
0 
0 
0 
0 
0 
0 
0 
0 
0 
0 
0 
0 
0 
0 
0 
0 
0 
0 
0 
0 
0 
0 
0 
0 
0 
0 
0 
0 
0 
0 
0 
0 
0 
0 
0 
0 
0 
0 
0 
0 
0 
0 
0 
0 
0 
0 
0 
0 
0 
0 
0 
0 
0 
0 
0 
0 
0 
0 
0 
0 
0 
0 
0 
0 
0 
0 
0 
0 
0 
0 
0 
0 
0 
0 
0 
0 
0 
0 
0 
0 
0 
0 
0 
0 
0 
0 
0 
0 
0 
0 
0 
0 
0 
0 
0 
0 
0 
0 
0 
0 
0 
0 
0 
0 
0 
0 
0 
0 
0 
0 
0 
0 
0 
0 
0 
0 
0 
0 
0 
0 
0 
0 
0 
0 
0 
0 
0 
0 
0 
0 
0 
0 
0 
0 
0 
0 
0 
0 
0 
0 
0 
0 
0 
0 
0 
0 
0 
0 
0 
0 
0 
0 
0 
0 
0 
0 
0 
0 
0 
0 
0 
0 
0 
0 
0 
0 
0 
0 
0 
0 
0 
0 
0 
0 
0 
0 
0 
0 
0 
0 
0 
0 
0 
0 
0 
0 
0 
0 
0 
0 
0 
0 
0 
0 
0 
0 
0 
0 
0 
0 
0 
0 
0 
0 
0 
0 
0 
0 
0 
0 
0 
0 
0 
0 
0 
0 
0 
0 
0 
0 
0 
0 
0 
0 
0 
0 
0 
0 
0 
0 
0 
0 
0 
0 
0 
0 
0 
0 
0 
0 
0 
0 
0 
0 
0 
0 
0 
0 
0 
0 
0 
0 
0 
0 
0 
0 
0 
0 
0 
0 
0 
0 
0 
0 
0 
0 
0 
0 
0 
0 
0 
0 
0 
0 
0 
0 
0 
0 
0 
0 
0 
0 
0 
0 
0 
0 
0 
0 
0 
0 
0 
0 
0 
0 
0 
0 
0 
0 
0 
0 
0 
0 
0 
0 
0 
0 
0 
0 
0 
0 
0 
0 
0 
0 
0 
0 
0 
0 
0 
0 
0 
0 
0 
0 
0 
0 
0 
0 
0 
0 
0 
0 
0 
0 
0 
0 
0 
0 
0 
0 
0 
0 
0 
0 
0 
0 
0 
0 
0 
0 
0 
0 
0 
0 
0 
0 
0 
0 
0 
0 
0 
0 
0 
0 
0 
0 
0 
0 
0 
0 
0 
0 
0 
0 
0 
0 
0 
0 
0 
0 
0 
0 
0 
0 
0 
0 
0 
0 
0 
0 
0 
0 
0 
0 
0 
0 
0 
0 
0 
0 
0 
0 
0 
0 
0 
0 
0 
0 
0 
0 
0 
0 
0 
0 
0 
0 
0 
0 
0 
0 
0 
0 
0 
0 
0 
0 
0 
0 
0 
0 
0 
0 
0 
0 
0 
0 
0 
0 
0 
0 
0 
0 
0 
0 
0 
0 
0 
0 
0 
0 
0 
0 
0 
0 
0 
0 
0 
0 
0 
0 
0 
0 
0 
0 
0 
0 
0 
0 
0 
0 
0 
0 
0 
0 
0 
0 
0 
0 
0 
0 
0 
0 
0 
0 
0 
0 
0 
0 
0 
0 
0 
0 
0 
0 
0 
0 
0 
0 
0 
0 
0 
0 
0 
0 
0 
0 
0 
0 
0 
0 
0 
0 
0 
0 
0 
0 
0 
0 
0 
0 
0 
0 
0 
0 
0 
0 
0 
0 
0 
0 
0 
0 
0 
0 
0 
0 
0 
0 
0 
0 
0 
0 
0 
0 
0 
0 
0 
0 
0 
0 
0 
0 
0 
0 
0 
0 
0 
0 
0 
0 
0 
0 
0 
0 
0 
0 
0 
0 
0 
0 
0 
0 
0 
0 
0 
0 
0 
0 
0 
0 
0 
0 
0 
0 
0 
0 
0 
0 
0 
0 
0 
0 
0 
0 
0 
0 
0 
0 
0 
0 
0 
0 
0 
0 
0 
0 
0 
0 
0 
0 
0 
0 
0 
0 
0 
0 
0 
0 
0 
0 
0 
0 
0 
0 
0 
0 
0 
0 
0 
0 
0 
0 
0 
0 
0 
0 
0 
0 
0 
0 
0 
0 
0 
0 
0 
0 
0 
0 
0 
0 
0 
0 
0 
0 
0 
0 
0 
0 
0 
0 
0 
0 
0 
0 
0 
0 
0 
0 
0 
0 
0 
0 
0 
0 
0 
0 
0 
0 
0 
0 
0 
0 
0 
0 
0 
0 
0 
0 
0 
0 
0 
0 
0 
0 
0 
0 
0 
0 
0 
0 
0 
0 
0 
0 
0 
0 
0 
0 
0 
0 
0 
0 
0 
0 
0 
0 
0 
0 
0 
0 
0 
0 
0 
0 
0 
0 
0 
0 
0 
0 
0 
0 
0 
0 
0 
0 
0 
0 
0 
0 
0 
0 
0 
0 
0 
0 
0 
0 
0 
0 
0 
0 
0 
0 
0 
0 
0 
0 
0 
0 
0 
0 
0 
0 
0 
0 
0 
0 
0 
0 
0 
0 
0 
0 
0 
0 
0 
0 
0 
0 
0 
0 
0 
0 
0 
0 
0 
0 
0 
0 
0 
0 
0 
0 
0 
0 
0 
0 
0 
0 
0 
0 
0 
0 
0 
0 
0 
0 
0 
0 
0 
0 
0 
0 
0 
0 
0 
0 
0 
0 
0 
0 
0 
0 
0 
0 
0 
0 
0 
0 
0 
0 
0 
0 
0 
0 
0 
0 
0 
0 
0 
0 
0 
0 
0 
0 
0 
0 
0 
0 
0 
0 
0 
0 
0 
0 
0 
0 
0 
0 
0 
0 
0 
0 
0 
0 
0 
0 
0 
0 
0 
0 
0 
0 
0 
0 
0 
0 
0 
0 
0 
0 
0 
0 
0 
0 
0 
0 
0 
0 
0 
0 
0 
0 
0 
0 
0 
0 
0 
0 
0 
0 
0 
0 
0 
0 
0 
0 
0 
0 
0 
0 
0 
0 
0 
0 
0 
0 
0 
0 
0 
0 
0 
0 
0 
0 
0 
0 
0 
0 
0 
0 
0 
0 
0 
0 
0 
0 
0 
0 
0 
0 
0 
0 
0 
0 
0 
0 
0 
0 
0 
0 
0 
0 
0 
0 
0 
0 
0 
0 
0 
0 
0 
0 
0 
0 
0 
0 
0 
0 
0 
0 
0 
0 
0 
0 
0 
0 
0 
0 
0 
0 
0 
0 
0 
0 
0 
0 
0 
0 
0 
0 
0 
0 
0 
0 
0 
0 
0 
0 
0 
0 
0 
0 
0 
0 
0 
0 
0 
0 
0 
0 
0 
0 
0 
0 
0 
0 
0 
0 
0 
0 
0 
0 
0 
0 
0 
0 
0 
0 
0 
0 
0 
0 
0 
0 
0 
0 
0 
0 
0 
0 
0 
0 
0 
0 
0 
0 
0 
0 
0 
0 
0 
0 
0 
0 
0 
0 
0 
0 
0 
0 
0 
0 
0 
0 
0 
0 
0 
0 
0 
0 
0 
0 
0 
0 
0 
0 
0 
0 
0 
0 
0 
0 
0 
0 
0 
0 
0 
0 
0 
0 
0 
0 
0 
0 
0 
0 
0 
0 
0 
0 
0 
0 
0 
0 
0 
0 
0 
0 
0 
0 
0 
0 
0 
0 
0 
0 
0 
0 
0 
0 
0 
0 
0 
0 
0 
0 
0 
0 
0 
0 
0 
0 
0 
0 
0 
0 
0 
0 
0 
0 
0 
0 
0 
0 
0 
0 
0 
0 
0 
0 
0 
0 
0 
0 
0 
0 
0 
0 
0 
0 
0 
0 
0 
0 
0 
0 
0 
0 
0 
0 
0 
0 
0 
0 
0 
0 
0 
0 
0 
0 
0 
0 
0 
0 
0 
0 
0 
0 
0 
0 
0 
0 
0 
0 
0 
0 
0 
0 
0 
0 
0 
0 
0 
0 
0 
0 
0 
0 
0 
0 
0 
0 
0 
0 
0 
0 
0 
0 
0 
0 
0 
0 
0 
0 
0 
0 
0 
0 
0 
0 
0 
0 
0 
0 
0 
0 
0 
0 
0 
0 
0 
0 
0 
0 
0 
0 
0 
0 
0 
0 
0 
0 
0 
0 
0 
0 
0 
0 
0 
0 
0 
0 
0 
0 
0 
0 
0 
0 
0 
0 
0 
0 
0 
0 
0 
0 
0 
0 
0 
0 
0 
0 
0 
0 
0 
0 
0 
0 
0 
0 
0 
0 
0 
0 
0 
0 
0 
0 
0 
0 
0 
0 
0 
0 
0 
0 
0 
0 
0 
0 
0 
0 
0 
0 
0 
0 
0 
0 
0 
0 
0 
0 
0 
0 
0 
0 
0 
0 
0 
0 
0 
0 
0 
0 
0 
0 
0 
0 
0 
0 
0 
0 
0 
0 
0 
0 
0 
0 
0 
0 
0 
0 
0 
0 
0 
0 
0 
0 
0 
0 
0 
0 
0 
0 
0 
0 
0 
0 
0 
0 
0 
0 
0 
0 
0 
0 
0 
0 
0 
0 
0 
0 
0 
0 
0 
0 
0 
0 
0 
0 
0 
0 
0 
0 
0 
0 
0 
0 
0 
0 
0 
0 
0 
0 
0 
0 
0 
0 
0 
0 
0 
0 
0 
0 
0 
0 
0 
0 
0 
0 
0 
0 
0 
0 
0 
0 
0 
0 
0 
0 
0 
0 
0 
0 
0 
0 
0 
0 
0 
0 
0 
0 
0 
0 
0 
0 
0 
0 
0 
0 
0 
0 
0 
0 
0 
0 
0 
0 
0 
0 
0 
0 
0 
0 
0 
0 
0 
0 
0 
0 
0 
0 
0 
0 
0 
0 
0 
0 
0 
0 
0 
0 
0 
0 
0 
0 
0 
0 
0 
0 
0 
0 
0 
0 
0 
0 
0 
0 
0 
0 
0 
0 
0 
0 
0 
0 
0 
0 
0 
0 
0 
0 
0 
0 
0 
0 
0 
0 
0 
0 
0 
0 
0 
0 
0 
0 
0 
0 
0 
0 
0 
0 
0 
0 
0 
0 
0 
0 
0 
0 
0 
0 
0 
0 
0 
0 
0 
0 
0 
0 
0 
0 
0 
0 
0 
0 
0 
0 
0 
0 
0 
0 
0 
0 
0 
0 
0 
0 
0 
0 
0 
0 
0 
0 
0 
0 
0 
0 
0 
0 
0 
0 
0 
0 
0 
0 
0 
0 
0 
0 
0 
0 
0 
0 
0 
0 
0 
0 
0 
0 
0 
0 
0 
0 
0 
0 
0 
0 
0 
0 
0 
0 
0 
0 
0 
0 
0 
0 
0 
0 
0 
0 
0 
0 
0 
0 
0 
0 
0 
0 
0 
0 
0 
0 
0 
0 
0 
0 
0 
0 
0 
0 
0 
0 
0 
0 
0 
0 
0 
0 
0 
0 
0 
0 
0 
0 
0 
0 
0 
0 
0 
0 
0 
0 
0 
0 
0 
0 
0 
0 
0 
0 
0 
0 
0 
0 
0 
0 
0 
0 
0 
0 
0 
0 
0 
0 
0 
0 
0 
0 
0 
0 
0 
0 
0 
0 
0 
0 
0 
0 
0 
0 
0 
0 
0 
0 
0 
0 
0 
0 
0 
0 
0 
0 
0 
0 
0 
0 
0 
0 
0 
0 
0 
0 
0 
0 
0 
0 
0 
0 
0 
0 
0 
0 
0 
0 
0 
0 
0 
0 
0 
0 
0 
0 
0 
0 
0 
0 
0 
0 
0 
0 
0 
0 
0 
0 
0 
0 
0 
0 
0 
0 
0 
0 
0 
0 
0 
0 
0 
0 
0 
0 
0 
0 
0 
0 
0 
0 
0 
0 
0 
0 
0 
0 
0 
0 
0 
0 
0 
0 
0 
0 
0 
0 
0 
0 
0 
0 
0 
0 
0 
0 
0 
0 
0 
0 
0 
0 
0 
0 
0 
0 
0 
0 
0 
0 
0 
0 
0 
0 
0 
0 
0 
0 
0 
0 
0 
0 
0 
0 
0 
0 
0 
0 
0 
0 
0 
0 
0 
0 
0 
0 
0 
0 
0 
0 
0 
0 
0 
0 
0 
0 
0 
0 
0 
0 
0 
0 
0 
0 
0 
0 
0 
0 
0 
0 
0 
0 
0 
0 
0 
0 
0 
0 
0 
0 
0 
0 
0 
0 
0 
0 
0 
0 
0 
0 
0 
0 
0 
0 
0 
0 
0 
0 
0 
0 
0 
0 
0 
0 
0 
0 
0 
0 
0 
0 
0 
0 
0 
0 
0 
0 
0 
0 
0 
0 
0 
0 
0 
0 
0 
0 
0 
0 
0 
0 
0 
0 
0 
0 
0 
0 
0 
0 
0 
0 
0 
0 
0 
0 
0 
0 
0 
0 
0 
0 
0 
0 
0 
0 
0 
0 
0 
0 
0 
0 
0 
0 
0 
0 
0 
0 
0 
0 
0 
0 
0 
0 
0 
0 
0 
0 
0 
0 
0 
0 
0 
0 
0 
0 
0 
0 
0 
0 
0 
0 
0 
0 
0 
0 
0 
0 
0 
0 
0 
0 
0 
0 
0 
0 
0 
0 
0 
0 
0 
0 
0 
0 
0 
0 
0 
0 
0 
0 
0 
0 
0 
0 
0 
0 
0 
0 
0 
0 
0 
0 
0 
0 
0 
0 
0 
0 
0 
0 
0 
0 
0 
0 
0 
0 
0 
0 
0 
0 
0 
0 
0 
0 
0 
0 
0 
0 
0 
0 
0 
0 
0 
0 
0 
0 
0 
0 
0 
0 
0 
0 
0 
0 
0 
0 
0 
0 
0 
0 
0 
0 
0 
0 
0 
0 
0 
0 
0 
0 
0 
0 
0 
0 
0 
0 
0 
0 
0 
0 
0 
0 
0 
0 
0 
0 
0 
0 
0 
0 
0 
0 
0 
0 
0 
0 
0 
0 
0 
0 
0 
0 
0 
0 
0 
0 
0 
0 
0 
0 
0 
0 
0 
0 
0 
0 
0 
0 
0 
0 
0 
0 
0 
0 
0 
0 
0 
0 
0 
0 
0 
0 
0 
0 
0 
0 
0 
0 
0 
0 
0 
0 
0 
0 
0 
0 
0 
0 
0 
0 
0 
0 
0 
0 
0 
0 
0 
0 
0 
0 
0 
0 
0 
0 
0 
0 
0 
0 
0 
0 
0 
0 
0 
0 
0 
0 
0 
0 
0 
0 
0 
0 
0 
0 
0 
0 
0 
0 
0 
0 
0 
0 
0 
0 
0 
0 
0 
0 
0 
0 
0 
0 
0 
0 
0 
0 
0 
0 
0 
0 
0 
0 
0 
0 
0 
0 
0 
0 
0 
0 
0 
0 
0 
0 
0 
0 
0 
0 
0 
0 
0 
0 
0 
0 
0 
0 
0 
0 
0 
0 
0 
0 
0 
0 
0 
0 
0 
0 
0 
0 
0 
0 
0 
0 
0 
0 
0 
0 
0 
0 
0 
0 
0 
0 
0 
0 
0 
0 
0 
0 
0 
0 
0 
0 
0 
0 
0 
0 
0 
0 
0 
0 
0 
0 
0 
0 
0 
0 
0 
0 
0 
0 
0 
0 
0 
0 
0 
0 
0 
0 
0 
0 
0 
0 
0 
0 
0 
0 
0 
0 
0 
0 
0 
0 
0 
0 
0 
0 
0 
0 
0 
0 
0 
0 
0 
0 
0 
0 
0 
0 
0 
0 
0 
0 
0 
0 
0 
0 
0 
0 
0 
0 
0 
0 
0 
0 
0 
0 
0 
0 
0 
0 
0 
0 
0 
0 
0 
0 
0 
0 
0 
0 
0 
0 
0 
0 
0 
0 
0 
0 
0 
0 
0 
0 
0 
0 
0 
0 
0 
0 
0 
0 
0 
0 
0 
0 
0 
0 
0 
0 
0 
0 
0 
0 
0 
0 
0 
0 
0 
0 
0 
0 
0 
0 
0 
0 
0 
0 
0 
0 
0 
0 
0 
0 
0 
0 
0 
0 
0 
0 
0 
0 
0 
0 
0 
0 
0 
0 
0 
0 
0 
0 
0 
0 
0 
0 
0 
0 
0 
0 
0 
0 
0 
0 
0 
0 
0 
0 
0 
0 
0 
0 
0 
0 
0 
0 
0 
0 
0 
0 
0 
0 
0 
0 
0 
0 
0 
0 
0 
0 
0 
0 
0 
0 
0 
0 
0 
0 
0 
0 
0 
0 
0 
0 
0 
0 
0 
0 
0 
0 
0 
0 
0 
0 
0 
0 
0 
0 
0 
0 
0 
0 
0 
0 
0 
0 
0 
0 
0 
0 
0 
0 
0 
0 
0 
0 
0 
0 
0 
0 
0 
0 
0 
0 
0 
0 
0 
0 
0 
0 
0 
0 
0 
0 
0 
0 
0 
0 
0 
0 
0 
0 
0 
0 
0 
0 
0 
0 
0 
0 
0 
0 
0 
0 
0 
0 
0 
0 
0 
0 
0 
0 
0 
0 
0 
0 
0 
0 
0 
0 
0 
0 
0 
0 
0 
0 
0 
0 
0 
0 
0 
0 
0 
0 
0 
0 
0 
0 
0 
0 
0 
0 
0 
0 
0 
0 
0 
0 
0 
0 
0 
0 
0 
0 
0 
0 
0 
0 
0 
0 
0 
0 
0 
0 
0 
0 
0 
0 
0 
0 
0 
0 
0 
0 
0 
0 
0 
0 
0 
0 
0 
0 
0 
0 
0 
0 
0 
0 
0 
0 
0 
0 
0 
0 
0 
0 
0 
0 
0 
0 
0 
0 
0 
0 
0 
0 
0 
0 
0 
0 
0 
0 
0 
0 
0 
0 
0 
0 
0 
0 
0 
0 
0 
0 
0 
0 
0 
0 
0 
0 
0 
0 
0 
0 
0 
0 
0 
0 
0 
0 
0 
0 
0 
0 
0 
0 
0 
0 
0 
0 
0 
0 
0 
0 
0 
0 
0 
0 
0 
0 
0 
0 
0 
0 
0 
0 
0 
0 
0 
0 
0 
0 
0 
0 
0 
0 
0 
0 
0 
0 
0 
0 
0 
0 
0 
0 
0 
0 
0 
0 
0 
0 
0 
0 
0 
0 
0 
0 
0 
0 
0 
0 
0 
0 
0 
0 
0 
0 
0 
0 
0 
0 
0 
0 
0 
0 
0 
0 
0 
0 
0 
0 
0 
0 
0 
0 
0 
0 
0 
0 
0 
0 
0 
0 
0 
0 
0 
0 
0 
0 
0 
0 
0 
0 
0 
0 
0 
0 
0 
0 
0 
0 
0 
0 
0 
0 
0 
0 
0 
0 
0 
0 
0 
0 
0 
0 
0 
0 
0 
0 
0 
0 
0 
0 
0 
0 
0 
0 
0 
0 
0 
0 
0 
0 
0 
0 
0 
0 
0 
0 
0 
0 
0 
0 
0 
0 
0 
0 
0 
0 
0 
0 
0 
0 
0 
0 
0 
0 
0 
0 
0 
0 
0 
0 
0 
0 
0 
0 
0 
0 
0 
0 
0 
0 
0 
0 
0 
0 
0 
0 
0 
0 
0 
0 
0 
0 
0 
0 
0 
0 
0 
0 
0 
0 
0 
0 
0 
0 
0 
0 
0 
0 
0 
0 
0 
0 
0 
0 
0 
0 
0 
0 
0 
0 
0 
0 
0 
0 
0 
0 
0 
0 
0 
0 
0 
0 
0 
0 
0 
0 
0 
0 
0 
0 
0 
0 
0 
0 
0 
0 
0 
0 
0 
0 
0 
0 
0 
0 
0 
0 
0 
0 
0 
0 
0 
0 
0 
0 
0 
0 
0 
0 
0 
0 
0 
0 
0 
0 
0 
0 
0 
0 
0 
0 
0 
0 
0 
0 
0 
0 
0 
0 
0 
0 
0 
0 
0 
0 
0 
0 
0 
0 
0 
0 
0 
0 
0 
0 
0 
0 
0 
0 
0 
0 
0 
0 
0 
0 
0 
0 
0 
0 
0 
0 
0 
0 
0 
0 
0 
0 
0 
0 
0 
0 
0 
0 
0 
0 
0 
0 
0 
0 
0 
0 
0 
0 
0 
0 
0 
0 
0 
0 
0 
0 
0 
0 
0 
0 
0 
0 
0 
0 
0 
0 
0 
0 
0 
0 
0 
0 
0 
0 
0 
0 
0 
0 
0 
0 
0 
0 
0 
0 
0 
0 
0 
0 
0 
0 
0 
0 
0 
0 
0 
0 
0 
0 
0 
0 
0 
0 
0 
0 
0 
0 
0 
0 
0 
0 
0 
0 
0 
0 
0 
0 
0 
0 
0 
0 
0 
0 
0 
0 
0 
0 
0 
0 
0 
0 
0 
0 
0 
0 
0 
0 
0 
0 
0 
0 
0 
0 
0 
0 
0 
0 
0 
0 
0 
0 
0 
0 
0 
0 
0 
0 
0 
0 
0 
0 
0 
0 
0 
0 
0 
0 
0 
0 
0 
0 
0 
0 
0 
0 
0 
0 
0 
0 
0 
0 
0 
0 
0 
0 
0 
0 
0 
0 
0 
0 
0 
0 
0 
0 
0 
0 
0 
0 
0 
0 
0 
0 
0 
0 
0 
0 
0 
0 
0 
0 
0 
0 
0 
0 
0 
0 
0 
0 
0 
0 
0 
0 
0 
0 
0 
0 
0 
0 
0 
0 
0 
0 
0 
0 
0 
0 
0 
0 
0 
0 
0 
0 
0 
0 
0 
0 
0 
0 
0 
0 
0 
0 
0 
0 
0 
0 
0 
0 
0 
0 
0 
0 
0 
0 
0 
0 
0 
0 
0 
0 
0 
0 
0 
0 
0 
0 
0 
0 
0 
0 
0 
0 
0 
0 
0 
0 
0 
0 
0 
0 
0 
0 
0 
0 
0 
0 
0 
0 
0 
0 
0 
0 
0 
0 
0 
0 
0 
0 
0 
0 
0 
0 
0 
0 
0 
0 
0 
0 
0 
0 
0 
0 
0 
0 
0 
0 
0 
0 
0 
0 
0 
0 
0 
0 
0 
0 
0 
0 
0 
0 
0 
0 
0 
0 
0 
0 
0 
0 
0 
0 
0 
0 
0 
0 
0 
0 
0 
0 
0 
0 
0 
0 
0 
0 
0 
0 
0 
0 
0 
0 
0 
0 
0 
0 
0 
0 
0 
0 
0 
0 
0 
0 
0 
0 
0 
0 
0 
0 
0 
0 
0 
0 
0 
0 
0 
0 
0 
0 
0 
0 
0 
0 
0 
0 
0 
0 
0 
0 
0 
0 
0 
0 
0 
0 
0 
0 
0 
0 
0 
0 
0 
0 
0 
0 
0 
0 
0 
0 
0 
0 
0 
0 
0 
0 
0 
0 
0 
0 
0 
0 
0 
0 
0 
0 
0 
0 
0 
0 
0 
0 
0 
0 
0 
0 
0 
0 
0 
0 
0 
0 
0 
0 
0 
0 
0 
0 
0 
0 
0 
0 
0 
0 
0 
0 
0 
0 
0 
0 
0 
0 
0 
0 
0 
0 
0 
0 
0 
0 
0 
0 
0 
0 
0 
0 
0 
0 
0 
0 
0 
0 
0 
0 
0 
0 
0 
0 
0 
0 
0 
0 
0 
0 
0 
0 
0 
0 
0 
0 
0 
0 
0 
0 
0 
0 
0 
0 
0 
0 
0 
0 
0 
0 
0 
0 
0 
0 
0 
0 
0 
0 
0 
0 
0 
0 
0 
0 
0 
0 
0 
0 
0 
0 
0 
0 
0 
0 
0 
0 
0 
0 
0 
0 
0 
0 
0 
0 
0 
0 
0 
0 
0 
0 
0 
0 
0 
0 
0 
0 
0 
0 
0 
0 
0 
0 
0 
0 
0 
0 
0 
0 
0 
0 
0 
0 
0 
0 
0 
0 
0 
0 
0 
0 
0 
0 
0 
0 
0 
0 
0 
0 
0 
0 
0 
0 
0 
0 
0 
0 
0 
0 
0 
0 
0 
0 
0 
0 
0 
0 
0 
0 
0 
0 
0 
0 
0 
0 
0 
0 
0 
0 
0 
0 
0 
0 
0 
0 
0 
0 
0 
0 
0 
0 
0 
0 
0 
0 
0 
0 
0 
0 
0 
0 
0 
0 
0 
0 
0 
0 
0 
0 
0 
0 
0 
0 
0 
0 
0 
0 
0 
0 
0 
0 
0 
0 
0 
0 
0 
0 
0 
0 
0 
0 
0 
0 
0 
0 
0 
0 
0 
0 
0 
0 
0 
0 
0 
0 
0 
0 
0 
0 
0 
0 
0 
0 
0 
0 
0 
0 
0 
0 
0 
0 
0 
0 
0 
0 
0 
0 
0 
0 
0 
0 
0 
0 
0 
0 
0 
0 
0 
0 
0 
0 
0 
0 
0 
0 
0 
0 
0 
0 
0 
0 
0 
0 
0 
0 
0 
0 
0 
0 
0 
0 
0 
0 
0 
0 
0 
0 
0 
0 
0 
0 
0 
0 
0 
0 
0 
0 
0 
0 
0 
0 
0 
0 
0 
0 
0 
0 
0 
0 
0 
0 
0 
0 
0 
0 
0 
0 
0 
0 
0 
0 
0 
0 
0 
0 
0 
0 
0 
0 
0 
0 
0 
0 
0 
0 
0 
0 
0 
0 
0 
0 
0 
0 
0 
0 
0 
0 
0 
0 
0 
0 
0 
0 
0 
0 
0 
0 
0 
0 
0 
0 
0 
0 
0 
0 
0 
0 
0 
0 
0 
0 
0 
0 
0 
0 
0 
0 
0 
0 
0 
0 
0 
0 
0 
0 
0 
0 
0 
0 
0 
0 
0 
0 
0 
0 
0 
0 
0 
0 
0 
0 
0 
0 
0 
0 
0 
0 
0 
0 
0 
0 
0 
0 
0 
0 
0 
0 
0 
0 
0 
0 
0 
0 
0 
0 
0 
0 
0 
0 
0 
0 
0 
0 
0 
0 
0 
0 
0 
0 
0 
0 
0 
0 
0 
0 
0 
0 
0 
0 
0 
0 
0 
0 
0 
0 
0 
0 
0 
0 
0 
0 
0 
0 
0 
0 
0 
0 
0 
0 
0 
0 
0 
0 
0 
0 
0 
0 
0 
0 
0 
0 
0 
0 
0 
0 
0 
0 
0 
0 
0 
0 
0 
0 
0 
0 
0 
0 
0 
0 
0 
0 
0 
0 
0 
0 
0 
0 
0 
0 
0 
0 
0 
0 
0 
0 
0 
0 
0 
0 
0 
0 
0 
0 
0 
0 
0 
0 
0 
0 
0 
0 
0 
0 
0 
0 
0 
0 
0 
0 
0 
0 
0 
0 
0 
0 
0 
0 
0 
0 
0 
0 
0 
0 
0 
0 
0 
0 
0 
0 
0 
0 
0 
0 
0 
0 
0 
0 
0 
0 
0 
0 
0 
0 
0 
0 
0 
0 
0 
0 
0 
0 
0 
0 
0 
0 
0 
0 
0 
0 
0 
0 
0 
0 
0 
0 
0 
0 
0 
0 
0 
0 
0 
0 
0 
0 
0 
0 
0 
0 
0 
0 
0 
0 
0 
0 
0 
0 
0 
0 
0 
0 
0 
0 
0 
0 
0 
0 
0 
0 
0 
0 
0 
0 
0 
0 
0 
0 
0 
0 
0 
0 
0 
0 
0 
0 
0 
0 
0 
0 
0 
0 
0 
0 
0 
0 
0 
0 
0 
0 
0 
0 
0 
0 
0 
0 
0 
0 
0 
0 
0 
0 
0 
0 
0 
0 
0 
0 
0 
0 
0 
0 
0 
0 
0 
0 
0 
0 
0 
0 
0 
0 
0 
0 
0 
0 
0 
0 
0 
0 
0 
0 
0 
0 
0 
0 
0 
0 
0 
0 
0 
0 
0 
0 
0 
0 
0 
0 
0 
0 
0 
0 
0 
0 
0 
0 
0 
0 
0 
0 
0 
0 
0 
0 
0 
0 
0 
0 
0 
0 
0 
0 
0 
0 
0 
0 
0 
0 
0 
0 
0 
0 
0 
0 
0 
0 
0 
0 
0 
0 
0 
0 
0 
0 
0 
0 
0 
0 
0 
0 
0 
0 
0 
0 
0 
0 
0 
0 
0 
0 
0 
0 
0 
0 
0 
0 
0 
0 
0 
0 
0 
0 
0 
0 
0 
0 
0 
0 
0 
0 
0 
0 
0 
0 
0 
0 
0 
0 
0 
0 
0 
0 
0 
0 
0 
0 
0 
0 
0 
0 
0 
0 
0 
0 
0 
0 
0 
0 
0 
0 
0 
0 
0 
0 
0 
0 
0 
0 
0 
0 
0 
0 
0 
0 
0 
0 
0 
0 
0 
0 
0 
0 
0 
0 
0 
0 
0 
0 
0 
0 
0 
0 
0 
0 
0 
0 
0 
0 
0 
0 
0 
0 
0 
0 
0 
0 
0 
0 
0 
0 
0 
0 
0 
0 
0 
0 
0 
0 
0 
0 
0 
0 
0 
0 
0 
0 
0 
0 
0 
0 
0 
0 
0 
0 
0 
0 
0 
0 
0 
0 
0 
0 
0 
0 
0 
0 
0 
0 
0 
0 
0 
0 
0 
0 
0 
0 
0 
0 
0 
0 
0 
0 
0 
0 
0 
0 
0 
0 
0 
0 
0 
0 
0 
0 
0 
0 
0 
0 
0 
0 
0 
0 
0 
0 
0 
0 
0 
0 
0 
0 
0 
0 
0 
0 
0 
0 
0 
0 
0 
0 
0 
0 
0 
0 
0 
0 
0 
0 
0 
0 
0 
0 
0 
0 
0 
0 
0 
0 
0 
0 
0 
0 
0 
0 
0 
0 
0 
0 
0 
0 
0 
0 
0 
0 
0 
0 
0 
0 
0 
0 
0 
0 
0 
0 
0 
0 
0 
0 
0 
0 
0 
0 
0 
0 
0 
0 
0 
0 
0 
0 
0 
0 
0 
0 
0 
0 
0 
0 
0 
0 
0 
0 
0 
0 
0 
0 
0 
0 
0 
0 
0 
0 
0 
0 
0 
0 
0 
0 
0 
0 
0 
0 
0 
0 
0 
0 
0 
0 
0 
0 
0 
0 
0 
0 
0 
0 
0 
0 
0 
0 
0 
0 
0 
0 
0 
0 
0 
0 
0 
0 
0 
0 
0 
0 
0 
0 
0 
0 
0 
0 
0 
0 
0 
0 
0 
0 
0 
0 
0 
0 
0 
0 
0 
0 
0 
0 
0 
0 
0 
0 
0 
0 
0 
0 
0 
0 
0 
0 
0 
0 
0 
0 
0 
0 
0 
0 
0 
0 
0 
0 
0 
0 
0 
0 
0 
0 
0 
0 
0 
0 
0 
0 
0 
0 
0 
0 
0 
0 
0 
0 
0 
0 
0 
0 
0 
0 
0 
0 
0 
0 
0 
0 
0 
0 
0 
0 
0 
0 
0 
0 
0 
0 
0 
0 
0 
0 
0 
0 
0 
0 
0 
0 
0 
0 
0 
0 
0 
0 
0 
0 
0 
0 
0 
0 
0 
0 
0 
0 
0 
0 
0 
0 
0 
0 
0 
0 
0 
0 
0 
0 
0 
0 
0 
0 
0 
0 
0 
0 
0 
0 
0 
0 
0 
0 
0 
0 
0 
0 
0 
0 
0 
0 
0 
0 
0 
0 
0 
0 
0 
0 
0 
0 
0 
0 
0 
0 
0 
0 
0 
0 
0 
0 
0 
0 
0 
0 
0 
0 
0 
0 
0 
0 
0 
0 
0 
0 
0 
0 
0 
0 
0 
0 
0 
0 
0 
0 
0 
0 
0 
0 
0 
0 
0 
0 
0 
0 
0 
0 
0 
0 
0 
0 
0 
0 
0 
0 
0 
0 
0 
0 
0 
0 
0 
0 
0 
0 
0 
0 
0 
0 
0 
0 
0 
0 
0 
0 
0 
0 
0 
0 
0 
0 
0 
0 
0 
0 
0 
0 
0 
0 
0 
0 
0 
0 
0 
0 
0 
0 
0 
0 
0 
0 
0 
0 
0 
0 
0 
0 
0 
0 
0 
0 
0 
0 
0 
0 
0 
0 
0 
0 
0 
0 
0 
0 
0 
0 
0 
0 
0 
0 
0 
0 
0 
0 
0 
0 
0 
0 
0 
0 
0 
0 
0 
0 
0 
0 
0 
0 
0 
0 
0 
0 
0 
0 
0 
0 
0 
0 
0 
0 
0 
0 
0 
0 
0 
0 
0 
0 
0 
0 
0 
0 
0 
0 
0 
0 
0 
0 
0 
0 
0 
0 
0 
0 
0 
0 
0 
0 
0 
0 
0 
0 
0 
0 
0 
0 
0 
0 
0 
0 
0 
0 
0 
0 
0 
0 
0 
0 
0 
0 
0 
0 
0 
0 
0 
0 
0 
0 
0 
0 
0 
0 
0 
0 
0 
0 
0 
0 
0 
0 
0 
0 
0 
0 
0 
0 
0 
0 
0 
0 
0 
0 
0 
0 
0 
0 
0 
0 
0 
0 
0 
0 
0 
0 
0 
0 
0 
0 
0 
0 
0 
0 
0 
0 
0 
0 
0 
0 
0 
0 
0 
0 
0 
0 
0 
0 
0 
0 
0 
0 
0 
0 
0 
0 
0 
0 
0 
0 
0 
0 
0 
0 
0 
0 
0 
0 
0 
0 
0 
0 
0 
0 
0 
0 
0 
0 
0 
0 
0 
0 
0 
0 
0 
0 
0 
0 
0 
0 
0 
0 
0 
0 
0 
0 
0 
0 
0 
0 
0 
0 
0 
0 
0 
0 
0 
0 
0 
0 
0 
0 
0 
0 
0 
0 
0 
0 
0 
0 
0 
0 
0 
0 
0 
0 
0 
0 
0 
0 
0 
0 
0 
0 
0 
0 
0 
0 
0 
0 
0 
0 
0 
0 
0 
0 
0 
0 
0 
0 
0 
0 
0 
0 
0 
0 
0 
0 
0 
0 
0 
0 
0 
0 
0 
0 
0 
0 
0 
0 
0 
0 
0 
0 
0 
0 
0 
0 
0 
0 
0 
0 
0 
0 
0 
0 
0 
0 
0 
0 
0 
0 
0 
0 
0 
0 
0 
0 
0 
0 
0 
0 
0 
0 
0 
0 
0 
0 
0 
0 
0 
0 
0 
0 
0 
0 
0 
0 
0 
0 
0 
0 
0 
0 
0 
0 
0 
0 
0 
0 
0 
0 
0 
0 
0 
0 
0 
0 
0 
0 
0 
0 
0 
0 
0 
0 
0 
0 
0 
0 
0 
0 
0 
0 
0 
0 
0 
0 
0 
0 
0 
0 
0 
0 
0 
0 
0 
0 
0 
0 
0 
0 
0 
0 
0 
0 
0 
0 
0 
0 
0 
0 
0 
0 
0 
0 
0 
0 
0 
0 
0 
0 
0 
0 
0 
0 
0 
0 
0 
0 
0 
0 
0 
0 
0 
0 
0 
0 
0 
0 
0 
0 
0 
0 
0 
0 
0 
0 
0 
0 
0 
0 
0 
0 
0 
0 
0 
0 
0 
0 
0 
0 
0 
0 
0 
0 
0 
0 
0 
0 
0 
0 
0 
0 
0 
0 
0 
0 
0 
0 
0 
0 
0 
0 
0 
0 
0 
0 
0 
0 
0 
0 
0 
0 
0 
0 
0 
0 
0 
0 
0 
0 
0 
0 
0 
0 
0 
0 
0 
0 
0 
0 
0 
0 
0 
0 
0 
0 
0 
0 
0 
0 
0 
0 
0 
0 
0 
0 
0 
0 
0 
0 
0 
0 
0 
0 
0 
0 
0 
0 
0 
0 
0 
0 
0 
0 
0 
0 
0 
0 
0 
0 
0 
0 
0 
0 
0 
0 
0 
0 
0 
0 
0 
0 
0 
0 
0 
0 
0 
0 
0 
0 
0 
0 
0 
0 
0 
0 
0 
0 
0 
0 
0 
0 
0 
0 
0 
0 
0 
0 
0 
0 
0 
0 
0 
0 
0 
0 
0 
0 
0 
0 
0 
0 
0 
0 
0 
0 
0 
0 
0 
0 
0 
0 
0 
0 
0 
0 
0 
0 
0 
0 
0 
0 
0 
0 
0 
0 
0 
0 
0 
0 
0 
0 
0 
0 
0 
0 
0 
0 
0 
0 
0 
0 
0 
0 
0 
0 
0 
0 
0 
0 
0 
0 
0 
0 
0 
0 
0 
0 
0 
0 
0 
0 
0 
0 
0 
0 
0 
0 
0 
0 
0 
0 
0 
0 
0 
0 
0 
0 
0 
0 
0 
0 
0 
0 
0 
0 
0 
0 
0 
0 
0 
0 
0 
0 
0 
0 
0 
0 
0 
0 
0 
0 
0 
0 
0 
0 
0 
0 
0 
0 
0 
0 
0 
0 
0 
0 
0 
0 
0 
0 
0 
0 
0 
0 
0 
0 
0 
0 
0 
0 
0 
0 
0 
0 
0 
0 
0 
0 
0 
0 
0 
0 
0 
0 
0 
0 
0 
0 
0 
0 
0 
0 
0 
0 
0 
0 
0 
0 
0 
0 
0 
0 
0 
0 
0 
0 
0 
0 
0 
0 
0 
0 
0 
0 
0 
0 
0 
0 
0 
0 
0 
0 
0 
0 
0 
0 
0 
0 
0 
0 
0 
0 
0 
0 
0 
0 
0 
0 
0 
0 
0 
0 
0 
0 
0 
0 
0 
0 
0 
0 
0 
0 
0 
0 
0 
0 
0 
0 
0 
0 
0 
0 
0 
0 
0 
0 
0 
0 
0 
0 
0 
0 
0 
0 
0 
0 
0 
0 
0 
0 
0 
0 
0 
0 
0 
0 
0 
0 
0 
0 
0 
0 
0 
0 
0 
0 
0 
0 
0 
0 
0 
0 
0 
0 
0 
0 
0 
0 
0 
0 
0 
0 
0 
0 
0 
0 
0 
0 
0 
0 
0 
0 
0 
0 
0 
0 
0 
0 
0 
0 
0 
0 
0 
0 
0 
0 
0 
0 
0 
0 
0 
0 
0 
0 
0 
0 
0 
0 
0 
0 
0 
0 
0 
0 
0 
0 
0 
0 
0 
0 
0 
0 
0 
0 
0 
0 
0 
0 
0 
0 
0 
0 
0 
0 
0 
0 
0 
0 
0 
0 
0 
0 
0 
0 
0 
0 
0 
0 
0 
0 
0 
0 
0 
0 
0 
0 
0 
0 
0 
0 
0 
0 
0 
0 
0 
0 
0 
0 
0 
0 
0 
0 
0 
0 
0 
0 
0 
0 
0 
0 
0 
0 
0 
0 
0 
0 
0 
0 
0 
0 
0 
0 
0 
0 
0 
0 
0 
0 
0 
0 
0 
0 
0 
0 
0 
0 
0 
0 
0 
0 
0 
0 
0 
0 
0 
0 
0 
0 
0 
0 
0 
0 
0 
0 
0 
0 
0 
0 
0 
0 
0 
0 
0 
0 
0 
0 
0 
0 
0 
0 
0 
0 
0 
0 
0 
0 
0 
0 
0 
0 
0 
0 
0 
0 
0 
0 
0 
0 
0 
0 
0 
0 
0 
0 
0 
0 
0 
0 
0 
0 
0 
0 
0 
0 
0 
0 
0 
0 
0 
0 
0 
0 
0 
0 
0 
0 
0 
0 
0 
0 
0 
0 
0 
0 
0 
0 
0 
0 
0 
0 
0 
0 
0 
0 
0 
0 
0 
0 
0 
0 
0 
0 
0 
0 
0 
0 
0 
0 
0 
0 
0 
0 
0 
0 
0 
0 
0 
0 
0 
0 
0 
0 
0 
0 
0 
0 
0 
0 
0 
0 
0 
0 
0 
0 
0 
0 
0 
0 
0 
0 
0 
0 
0 
0 
0 
0 
0 
0 
0 
0 
0 
0 
0 
0 
0 
0 
0 
0 
0 
0 
0 
0 
0 
0 
0 
0 
0 
0 
0 
0 
0 
0 
0 
0 
0 
0 
0 
0 
0 
0 
0 
0 
0 
0 
0 
0 
0 
0 
0 
0 
0 
0 
0 
0 
0 
0 
0 
0 
0 
0 
0 
0 
0 
0 
0 
0 
0 
0 
0 
0 
0 
0 
0 
0 
0 
0 
0 
0 
0 
0 
0 
0 
0 
0 
0 
0 
0 
0 
0 
0 
0 
0 
0 
0 
0 
0 
0 
0 
0 
0 
0 
0 
0 
0 
0 
0 
0 
0 
0 
0 
0 
0 
0 
0 
0 
0 
0 
0 
0 
0 
0 
0 
0 
0 
0 
0 
0 
0 
0 
0 
0 
0 
0 
0 
0 
0 
0 
0 
0 
0 
0 
0 
0 
0 
0 
0 
0 
0 
0 
0 
0 
0 
0 
0 
0 
0 
0 
0 
0 
0 
0 
0 
0 
0 
0 
0 
0 
0 
0 
0 
0 
0 
0 
0 
0 
0 
0 
0 
0 
0 
0 
0 
0 
0 
0 
0 
0 
0 
0 
0 
0 
0 
0 
0 
0 
0 
0 
0 
0 
0 
0 
0 
0 
0 
0 
0 
0 
0 
0 
0 
0 
0 
0 
0 
0 
0 
0 
0 
0 
0 
0 
0 
0 
0 
0 
0 
0 
0 
0 
0 
0 
0 
0 
0 
0 
0 
0 
0 
0 
0 
0 
0 
0 
0 
0 
0 
0 
0 
0 
0 
0 
0 
0 
0 
0 
0 
0 
0 
0 
0 
0 
0 
0 
0 
0 
0 
0 
0 
0 
0 
0 
0 
0 
0 
0 
0 
0 
0 
0 
0 
0 
0 
0 
0 
0 
0 
0 
0 
0 
0 
0 
0 
0 
0 
0 
0 
0 
0 
0 
0 
0 
0 
0 
0 
0 
0 
0 
0 
0 
0 
0 
0 
0 
0 
0 
0 
0 
0 
0 
0 
0 
0 
0 
0 
0 
0 
0 
0 
0 
0 
0 
0 
0 
0 
0 
0 
0 
0 
0 
0 
0 
0 
0 
0 
0 
0 
0 
0 
0 
0 
0 
0 
0 
0 
0 
0 
0 
0 
0 
0 
0 
0 
0 
0 
0 
0 
0 
0 
0 
0 
0 
0 
0 
0 
0 
0 
0 
0 
0 
0 
0 
0 
0 
0 
0 
0 
0 
0 
0 
0 
0 
0 
0 
0 
0 
0 
0 
0 
0 
0 
0 
0 
0 
0 
0 
0 
0 
0 
0 
0 
0 
0 
0 
0 
0 
0 
0 
0 
0 
0 
0 
0 
0 
0 
0 
0 
0 
0 
0 
0 
0 
0 
0 
0 
0 
0 
0 
0 
0 
0 
0 
0 
0 
0 
0 
0 
0 
0 
0 
0 
0 
0 
0 
0 
0 
0 
0 
0 
0 
0 
0 
0 
0 
0 
0 
0 
0 
0 
0 
0 
0 
0 
0 
0 
0 
0 
0 
0 
0 
0 
0 
0 
0 
0 
0 
0 
0 
0 
0 
0 
0 
0 
0 
0 
0 
0 
0 
0 
0 
0 
0 
0 
0 
0 
0 
0 
0 
0 
0 
0 
0 
0 
0 
0 
0 
0 
0 
0 
0 
0 
0 
0 
0 
0 
0 
0 
0 
0 
0 
0 
0 
0 
0 
0 
0 
0 
0 
0 
0 
0 
0 
0 
0 
0 
0 
0 
0 
0 
0 
0 
0 
0 
0 
0 
0 
0 
0 
0 
0 
0 
0 
0 
0 
0 
0 
0 
0 
0 
0 
0 
0 
0 
0 
0 
0 
0 
0 
0 
0 
0 
0 
0 
0 
0 
0 
0 
0 
0 
0 
0 
0 
0 
0 
0 
0 
0 
0 
0 
0 
0 
0 
0 
0 
0 
0 
0 
0 
0 
0 
0 
0 
0 
0 
0 
0 
0 
0 
0 
0 
0 
0 
0 
0 
0 
0 
0 
0 
0 
0 
0 
0 
0 
0 
0 
0 
0 
0 
0 
0 
0 
0 
0 
0 
0 
0 
0 
0 
0 
0 
0 
0 
0 
0 
0 
0 
0 
0 
0 
0 
0 
0 
0 
0 
0 
0 
0 
0 
0 
0 
0 
0 
0 
0 
0 
0 
0 
0 
0 
0 
0 
0 
0 
0 
0 
0 
0 
0 
0 
0 
0 
0 
0 
0 
0 
0 
0 
0 
0 
0 
0 
0 
0 
0 
0 
0 
0 
0 
0 
0 
0 
0 
0 
0 
0 
0 
0 
0 
0 
0 
0 
0 
0 
0 
0 
0 
0 
0 
0 
0 
0 
0 
0 
0 
0 
0 
0 
0 
0 
0 
0 
0 
0 
0 
0 
0 
0 
0 
0 
0 
0 
0 
0 
0 
0 
0 
0 
0 
0 
0 
0 
0 
0 
0 
0 
0 
0 
0 
0 
0 
0 
0 
0 
0 
0 
0 
0 
0 
0 
0 
0 
0 
0 
0 
0 
0 
0 
0 
0 
0 
0 
0 
0 
0 
0 
0 
0 
0 
0 
0 
0 
0 
0 
0 
0 
0 
0 
0 
0 
0 
0 
0 
0 
0 
0 
0 
0 
0 
0 
0 
0 
0 
0 
0 
0 
0 
0 
0 
0 
0 
0 
0 
0 
0 
0 
0 
0 
0 
0 
0 
0 
0 
0 
0 
0 
0 
0 
0 
0 
0 
0 
0 
0 
0 
0 
0 
0 
0 
0 
0 
0 
0 
0 
0 
0 
0 
0 
0 
0 
0 
0 
0 
0 
0 
0 
0 
0 
0 
0 
0 
0 
0 
0 
0 
0 
0 
0 
0 
0 
0 
0 
0 
0 
0 
0 
0 
0 
0 
0 
0 
0 
0 
0 
0 
0 
0 
0 
0 
0 
0 
0 
0 
0 
0 
0 
0 
0 
0 
0 
0 
0 
0 
0 
0 
0 
0 
0 
0 
0 
0 
0 
0 
0 
0 
0 
0 
0 
0 
0 
0 
0 
0 
0 
0 
0 
0 
0 
0 
0 
0 
0 
0 
0 
0 
0 
0 
0 
0 
0 
0 
0 
0 
0 
0 
0 
0 
0 
0 
0 
0 
0 
0 
0 
0 
0 
0 
0 
0 
0 
0 
0 
0 
0 
0 
0 
0 
0 
0 
0 
0 
0 
0 
0 
0 
0 
0 
0 
0 
0 
0 
0 
0 
0 
0 
0 
0 
0 
0 
0 
0 
0 
0 
0 
0 
0 
0 
0 
0 
0 
0 
0 
0 
0 
0 
0 
0 
0 
0 
0 
0 
0 
0 
0 
0 
0 
0 
0 
0 
0 
0 
0 
0 
0 
0 
0 
0 
0 
0 
0 
0 
0 
0 
0 
0 
0 
0 
0 
0 
0 
0 
0 
0 
0 
0 
0 
0 
0 
0 
0 
0 
0 
0 
0 
0 
0 
0 
0 
0 
0 
0 
0 
0 
0 
0 
0 
0 
0 
0 
0 
0 
0 
0 
0 
0 
0 
0 
0 
0 
0 
0 
0 
0 
0 
0 
0 
0 
0 
0 
0 
0 
0 
0 
0 
0 
0 
0 
0 
0 
0 
0 
0 
0 
0 
0 
0 
0 
0 
0 
0 
0 
0 
0 
0 
0 
0 
0 
0 
0 
0 
0 
0 
0 
0 
0 
0 
0 
0 
0 
0 
0 
0 
0 
0 
0 
0 
0 
0 
0 
0 
0 
0 
0 
0 
0 
0 
0 
0 
0 
0 
0 
0 
0 
0 
0 
0 
0 
0 
0 
0 
0 
0 
0 
0 
0 
0 
0 
0 
0 
0 
0 
0 
0 
0 
0 
0 
0 
0 
0 
0 
0 
0 
0 
0 
0 
0 
0 
0 
0 
0 
0 
0 
0 
0 
0 
0 
0 
0 
0 
0 
0 
0 
0 
0 
0 
0 
0 
0 
0 
0 
0 
0 
0 
0 
0 
0 
0 
0 
0 
0 
0 
0 
0 
0 
0 
0 
0 
0 
0 
0 
0 
0 
0 
0 
0 
0 
0 
0 
0 
0 
0 
0 
0 
0 
0 
0 
0 
0 
0 
0 
0 
0 
0 
0 
0 
0 
0 
0 
0 
0 
0 
0 
0 
0 
0 
0 
0 
0 
0 
0 
0 
0 
0 
0 
0 
0 
0 
0 
0 
0 
0 
0 
0 
0 
0 
0 
0 
0 
0 
0 
0 
0 
0 
0 
0 
0 
0 
0 
0 
0 
0 
0 
0 
0 
0 
0 
0 
0 
0 
0 
0 
0 
0 
0 
0 
0 
0 
0 
0 
0 
0 
0 
0 
0 
0 
0 
0 
0 
0 
0 
0 
0 
0 
0 
0 
0 
0 
0 
0 
0 
0 
0 
0 
0 
0 
0 
0 
0 
0 
0 
0 
0 
0 
0 
0 
0 
0 
0 
0 
0 
0 
0 
0 
0 
0 
0 
0 
0 
0 
0 
0 
0 
0 
0 
0 
0 
0 
0 
0 
0 
0 
0 
0 
0 
0 
0 
0 
0 
0 
0 
0 
0 
0 
0 
0 
0 
0 
0 
0 
0 
0 
0 
0 
0 
0 
0 
0 
0 
0 
0 
0 
0 
0 
0 
0 
0 
0 
0 
0 
0 
0 
0 
0 
0 
0 
0 
0 
0 
0 
0 
0 
0 
0 
0 
0 
0 
0 
0 
0 
0 
0 
0 
0 
0 
0 
0 
0 
0 
0 
0 
0 
0 
0 
0 
0 
0 
0 
0 
0 
0 
0 
0 
0 
0 
0 
0 
0 
0 
0 
0 
0 
0 
0 
0 
0 
0 
0 
0 
0 
0 
0 
0 
0 
0 
0 
0 
0 
0 
0 
0 
0 
0 
0 
0 
0 
0 
0 
0 
0 
0 
0 
0 
0 
0 
0 
0 
0 
0 
0 
0 
0 
0 
0 
0 
0 
0 
0 
0 
0 
0 
0 
0 
0 
0 
0 
0 
0 
0 
0 
0 
0 
0 
0 
0 
0 
0 
0 
0 
0 
0 
0 
0 
0 
0 
0 
0 
0 
0 
0 
0 
0 
0 
0 
0 
0 
0 
0 
0 
0 
0 
0 
0 
0 
0 
0 
0 
0 
0 
0 
0 
0 
0 
0 
0 
0 
0 
0 
0 
0 
0 
0 
0 
0 
0 
0 
0 
0 
0 
0 
0 
0 
0 
0 
0 
0 
0 
0 
0 
0 
0 
0 
0 
0 
0 
0 
0 
0 
0 
0 
0 
0 
0 
0 
0 
0 
0 
0 
0 
0 
0 
0 
0 
0 
0 
0 
0 
0 
0 
0 
0 
0 
0 
0 
0 
0 
0 
0 
0 
0 
0 
0 
0 
0 
0 
0 
0 
0 
0 
0 
0 
0 
0 
0 
0 
0 
0 
0 
0 
0 
0 
0 
0 
0 
0 
0 
0 
0 
0 
0 
0 
0 
0 
0 
0 
0 
0 
0 
0 
0 
0 
0 
0 
0 
0 
0 
0 
0 
0 
0 
0 
0 
0 
0 
0 
0 
0 
0 
0 
0 
0 
0 
0 
0 
0 
0 
0 
0 
0 
0 
0 
0 
0 
0 
0 
0 
0 
0 
0 
0 
0 
0 
0 
0 
0 
0 
0 
0 
0 
0 
0 
0 
0 
0 
0 
0 
0 
0 
0 
0 
0 
0 
0 
0 
0 
0 
0 
0 
0 
0 
0 
0 
0 
0 
0 
0 
0 
0 
0 
0 
0 
0 
0 
0 
0 
0 
0 
0 
0 
0 
0 
0 
0 
0 
0 
0 
0 
0 
0 
0 
0 
0 
0 
0 
0 
0 
0 
0 
0 
0 
0 
0 
0 
0 
0 
0 
0 
0 
0 
0 
0 
0 
0 
0 
0 
0 
0 
0 
0 
0 
0 
0 
0 
0 
0 
0 
0 
0 
0 
0 
0 
0 
0 
0 
0 
0 
0 
0 
0 
0 
0 
0 
0 
0 
0 
0 
0 
0 
0 
0 
0 
0 
0 
0 
0 
0 
0 
0 
0 
0 
0 
0 
0 
0 
0 
0 
0 
0 
0 
0 
0 
0 
0 
0 
0 
0 
0 
0 
0 
0 
0 
0 
0 
0 
0 
0 
0 
0 
0 
0 
0 
0 
0 
0 
0 
0 
0 
0 
0 
0 
0 
0 
0 
0 
0 
0 
0 
0 
0 
0 
0 
0 
0 
0 
0 
0 
0 
0 
0 
0 
0 
0 
0 
0 
0 
0 
0 
0 
0 
0 
0 
0 
0 
0 
0 
0 
0 
0 
0 
0 
0 
0 
0 
0 
0 
0 
0 
0 
0 
0 
0 
0 
0 
0 
0 
0 
0 
0 
0 
0 
0 
0 
0 
0 
0 
0 
0 
0 
0 
0 
0 
0 
0 
0 
0 
0 
0 
0 
0 
0 
0 
0 
0 
0 
0 
0 
0 
0 
0 
0 
0 
0 
0 
0 
0 
0 
0 
0 
0 
0 
0 
0 
0 
0 
0 
0 
0 
0 
0 
0 
0 
0 
0 
0 
0 
0 
0 
0 
0 
0 
0 
0 
0 
0 
0 
0 
0 
0 
0 
0 
0 
0 
0 
0 
0 
0 
0 
0 
0 
0 
0 
0 
0 
0 
0 
0 
0 
0 
0 
0 
0 
0 
0 
0 
0 
0 
0 
0 
0 
0 
0 
0 
0 
0 
0 
0 
0 
0 
0 
0 
0 
0 
0 
0 
0 
0 
0 
0 
0 
0 
0 
0 
0 
0 
0 
0 
0 
0 
0 
0 
0 
0 
0 
0 
0 
0 
0 
0 
0 
0 
0 
0 
0 
0 
0 
0 
0 
0 
0 
0 
0 
0 
0 
0 
0 
0 
0 
0 
0 
0 
0 
0 
0 
0 
0 
0 
0 
0 
0 
0 
0 
0 
0 
0 
0 
0 
0 
0 
0 
0 
0 
0 
0 
0 
0 
0 
0 
0 
0 
0 
0 
0 
0 
0 
0 
0 
0 
0 
0 
0 
0 
0 
0 
0 
0 
0 
0 
0 
0 
0 
0 
0 
0 
0 
0 
0 
0 
0 
0 
0 
0 
0 
0 
0 
0 
0 
0 
0 
0 
0 
0 
0 
0 
0 
0 
0 
0 
0 
0 
0 
0 
0 
0 
0 
0 
0 
0 
0 
0 
0 
0 
0 
0 
0 
0 
0 
0 
0 
0 
0 
0 
0 
0 
0 
0 
0 
0 
0 
0 
0 
0 
0 
0 
0 
0 
0 
0 
0 
0 
0 
0 
0 
0 
0 
0 
0 
0 
0 
0 
0 
0 
0 
0 
0 
0 
0 
0 
0 
0 
0 
0 
0 
0 
0 
0 
0 
0 
0 
0 
0 
0 
0 
0 
0 
0 
0 
0 
0 
0 
0 
0 
0 
0 
0 
0 
0 
0 
0 
0 
0 
0 
0 
0 
0 
0 
0 
0 
0 
0 
0 
0 
0 
0 
0 
0 
0 
0 
0 
0 
0 
0 
0 
0 
0 
0 
0 
0 
0 
0 
0 
0 
0 
0 
0 
0 
0 
0 
0 
0 
0 
0 
0 
0 
0 
0 
0 
0 
0 
0 
0 
0 
0 
0 
0 
0 
0 
0 
0 
0 
0 
0 
0 
0 
0 
0 
0 
0 
0 
0 
0 
0 
0 
0 
0 
0 
0 
0 
0 
0 
0 
0 
0 
0 
0 
0 
0 
0 
0 
0 
0 
0 
0 
0 
0 
0 
0 
0 
0 
0 
0 
0 
0 
0 
0 
0 
0 
0 
0 
0 
0 
0 
0 
0 
0 
0 
0 
0 
0 
0 
0 
0 
0 
0 
0 
0 
0 
0 
0 
0 
0 
0 
0 
0 
0 
0 
0 
0 
0 
0 
0 
0 
0 
0 
0 
0 
0 
0 
0 
0 
0 
0 
0 
0 
0 
0 
0 
0 
0 
0 
0 
0 
0 
0 
0 
0 
0 
0 
0 
0 
0 
0 
0 
0 
0 
0 
0 
0 
0 
0 
0 
0 
0 
0 
0 
0 
0 
0 
0 
0 
0 
0 
0 
0 
0 
0 
0 
0 
0 
0 
0 
0 
0 
0 
0 
0 
0 
0 
0 
0 
0 
0 
0 
0 
0 
0 
0 
0 
0 
0 
0 
0 
0 
0 
0 
0 
0 
0 
0 
0 
0 
0 
0 
0 
0 
0 
0 
0 
0 
0 
0 
0 
0 
0 
0 
0 
0 
0 
0 
0 
0 
0 
0 
0 
0 
0 
0 
0 
0 
0 
0 
0 
0 
0 
0 
0 
0 
0 
0 
0 
0 
0 
0 
0 
0 
0 
0 
0 
0 
0 
0 
0 
0 
0 
0 
0 
0 
0 
0 
0 
0 
0 
0 
0 
0 
0 
0 
0 
0 
0 
0 
0 
0 
0 
0 
0 
0 
0 
0 
0 
0 
0 
0 
0 
0 
0 
0 
0 
0 
0 
0 
0 
0 
0 
0 
0 
0 
0 
0 
0 
0 
0 
0 
0 
0 
0 
0 
0 
0 
0 
0 
0 
0 
0 
0 
0 
0 
0 
0 
0 
0 
0 
0 
0 
0 
0 
0 
0 
0 
0 
0 
0 
0 
0 
0 
0 
0 
0 
0 
0 
0 
0 
0 
0 
0 
0 
0 
0 
0 
0 
0 
0 
0 
0 
0 
0 
0 
0 
0 
0 
0 
0 
0 
0 
0 
0 
0 
0 
0 
0 
0 
0 
0 
0 
0 
0 
0 
0 
0 
0 
0 
0 
0 
0 
0 
0 
0 
0 
0 
0 
0 
0 
0 
0 
0 
0 
0 
0 
0 
0 
0 
0 
0 
0 
0 
0 
0 
0 
0 
0 
0 
0 
0 
0 
0 
0 
0 
0 
0 
0 
0 
0 
0 
0 
0 
0 
0 
0 
0 
0 
0 
0 
0 
0 
0 
0 
0 
0 
0 
0 
0 
0 
0 
0 
0 
0 
0 
0 
0 
0 
0 
0 
0 
0 
0 
0 
0 
0 
0 
0 
0 
0 
0 
0 
0 
0 
0 
0 
0 
0 
0 
0 
0 
0 
0 
0 
0 
0 
0 
0 
0 
0 
0 
0 
0 
0 
0 
0 
0 
0 
0 
0 
0 
0 
0 
0 
0 
0 
0 
0 
0 
0 
0 
0 
0 
0 
0 
0 
0 
0 
0 
0 
0 
0 
0 
0 
0 
0 
0 
0 
0 
0 
0 
0 
0 
0 
0 
0 
0 
0 
0 
0 
0 
0 
0 
0 
0 
0 
0 
0 
0 
0 
0 
0 
0 
0 
0 
0 
0 
0 
0 
0 
0 
0 
0 
0 
0 
0 
0 
0 
0 
0 
0 
0 
0 
0 
0 
0 
0 
0 
0 
0 
0 
0 
0 
0 
0 
0 
0 
0 
0 
0 
0 
0 
0 
0 
0 
0 
0 
0 
0 
0 
0 
0 
0 
0 
0 
0 
0 
0 
0 
0 
0 
0 
0 
0 
0 
0 
0 
0 
0 
0 
0 
0 
0 
0 
0 
0 
0 
0 
0 
0 
0 
0 
0 
0 
0 
0 
0 
0 
0 
0 
0 
0 
0 
0 
0 
0 
0 
0 
0 
0 
0 
0 
0 
0 
0 
0 
0 
0 
0 
0 
0 
0 
0 
0 
0 
0 
0 
0 
0 
0 
0 
0 
0 
0 
0 
0 
0 
0 
0 
0 
0 
0 
0 
0 
0 
0 
0 
0 
0 
0 
0 
0 
0 
0 
0 
0 
0 
0 
0 
0 
0 
0 
0 
0 
0 
0 
0 
0 
0 
0 
0 
0 
0 
0 
0 
0 
0 
0 
0 
0 
0 
0 
0 
0 
0 
0 
0 
0 
0 
0 
0 
0 
0 
0 
0 
0 
0 
0 
0 
0 
0 
0 
0 
0 
0 
0 
0 
0 
0 
0 
0 
0 
0 
0 
0 
0 
0 
0 
0 
0 
0 
0 
0 
0 
0 
0 
0 
0 
0 
0 
0 
0 
0 
0 
0 
0 
0 
0 
0 
0 
0 
0 
0 
0 
0 
0 
0 
0 
0 
0 
0 
0 
0 
0 
0 
0 
0 
0 
0 
0 
0 
0 
0 
0 
0 
0 
0 
0 
0 
0 
0 
0 
0 
0 
0 
0 
0 
0 
0 
0 
0 
0 
0 
0 
0 
0 
0 
0 
0 
0 
0 
0 
0 
0 
0 
0 
0 
0 
0 
0 
0 
0 
0 
0 
0 
0 
0 
0 
0 
0 
0 
0 
0 
0 
0 
0 
0 
0 
0 
0 
0 
0 
0 
0 
0 
0 
0 
0 
0 
0 
0 
0 
0 
0 
0 
0 
0 
0 
0 
0 
0 
0 
0 
0 
0 
0 
0 
0 
0 
0 
0 
0 
0 
0 
0 
0 
0 
0 
0 
0 
0 
0 
0 
0 
0 
0 
0 
0 
0 
0 
0 
0 
0 
0 
0 
0 
0 
0 
0 
0 
0 
0 
0 
0 
0 
0 
0 
0 
0 
0 
0 
0 
0 
0 
0 
0 
0 
0 
0 
0 
0 
0 
0 
0 
0 
0 
0 
0 
0 
0 
0 
0 
0 
0 
0 
0 
0 
0 
0 
0 
0 
0 
0 
0 
0 
0 
0 
0 
0 
0 
0 
0 
0 
0 
0 
0 
0 
0 
0 
0 
0 
0 
0 
0 
0 
0 
0 
0 
0 
0 
0 
0 
0 
0 
0 
0 
0 
0 
0 
0 
0 
0 
0 
0 
0 
0 
0 
0 
0 
0 
0 
0 
0 
0 
0 
0 
0 
0 
0 
0 
0 
0 
0 
0 
0 
0 
0 
0 
0 
0 
0 
0 
0 
0 
0 
0 
0 
0 
0 
0 
0 
0 
0 
0 
0 
0 
0 
0 
0 
0 
0 
0 
0 
0 
0 
0 
0 
0 
0 
0 
0 
0 
0 
0 
0 
0 
0 
0 
0 
0 
0 
0 
0 
0 
0 
0 
0 
0 
0 
0 
0 
0 
0 
0 
0 
0 
0 
0 
0 
0 
0 
0 
0 
0 
0 
0 
0 
0 
0 
0 
0 
0 
0 
0 
0 
0 
0 
0 
0 
0 
0 
0 
0 
0 
0 
0 
0 
0 
0 
0 
0 
0 
0 
0 
0 
0 
0 
0 
0 
0 
0 
0 
0 
0 
0 
0 
0 
0 
0 
0 
0 
0 
0 
0 
0 
0 
0 
0 
0 
0 
0 
0 
0 
0 
0 
0 
0 
0 
0 
0 
0 
0 
0 
0 
0 
0 
0 
0 
0 
0 
0 
0 
0 
0 
0 
0 
0 
0 
0 
0 
0 
0 
0 
0 
0 
0 
0 
0 
0 
0 
0 
0 
0 
0 
0 
0 
0 
0 
0 
0 
0 
0 
0 
0 
0 
0 
0 
0 
0 
0 
0 
0 
0 
0 
0 
0 
0 
0 
0 
0 
0 
0 
0 
0 
0 
0 
0 
0 
0 
0 
0 
0 
0 
0 
0 
0 
0 
0 
0 
0 
0 
0 
0 
0 
0 
0 
0 
0 
0 
0 
0 
0 
0 
0 
0 
0 
0 
0 
0 
0 
0 
0 
0 
0 
0 
0 
0 
0 
0 
0 
0 
0 
0 
0 
0 
0 
0 
0 
0 
0 
0 
0 
0 
0 
0 
0 
0 
0 
0 
0 
0 
0 
0 
0 
0 
0 
0 
0 
0 
0 
0 
0 
0 
0 
0 
0 
0 
0 
0 
0 
0 
0 
0 
0 
0 
0 
0 
0 
0 
0 
0 
0 
0 
0 
0 
0 
0 
0 
0 
0 
0 
0 
0 
0 
0 
0 
0 
0 
0 
0 
0 
0 
0 
0 
0 
0 
0 
0 
0 
0 
0 
0 
0 
0 
0 
0 
0 
0 
0 
0 
0 
0 
0 
0 
0 
0 
0 
0 
0 
0 
0 
0 
0 
0 
0 
0 
0 
0 
0 
0 
0 
0 
0 
0 
0 
0 
0 
0 
0 
0 
0 
0 
0 
0 
0 
0 
0 
0 
0 
0 
0 
0 
0 
0 
0 
0 
0 
0 
0 
0 
0 
0 
0 
0 
0 
0 
0 
0 
0 
0 
0 
0 
0 
0 
0 
0 
0 
0 
0 
0 
0 
0 
0 
0 
0 
0 
0 
0 
0 
0 
0 
0 
0 
0 
0 
0 
0 
0 
0 
0 
0 
0 
0 
0 
0 
0 
0 
0 
0 
0 
0 
0 
0 
0 
0 
0 
0 
0 
0 
0 
0 
0 
0 
0 
0 
0 
0 
0 
0 
0 
0 
0 
0 
0 
0 
0 
0 
0 
0 
0 
0 
0 
0 
0 
0 
0 
0 
0 
0 
0 
0 
0 
0 
0 
0 
0 
0 
0 
0 
0 
0 
0 
0 
0 
0 
0 
0 
0 
0 
0 
0 
0 
0 
0 
0 
0 
0 
0 
0 
0 
0 
0 
0 
0 
0 
0 
0 
0 
0 
0 
0 
0 
0 
0 
0 
0 
0 
0 
0 
0 
0 
0 
0 
0 
0 
0 
0 
0 
0 
0 
0 
0 
0 
0 
0 
0 
0 
0 
0 
0 
0 
0 
0 
0 
0 
0 
0 
0 
0 
0 
0 
0 
0 
0 
0 
0 
0 
0 
0 
0 
0 
0 
0 
0 
0 
0 
0 
0 
0 
0 
0 
0 
0 
0 
0 
0 
0 
0 
0 
0 
0 
0 
0 
0 
0 
0 
0 
0 
0 
0 
0 
0 
0 
0 
0 
0 
0 
0 
0 
0 
0 
0 
0 
0 
0 
0 
0 
0 
0 
0 
0 
0 
0 
0 
0 
0 
0 
0 
0 
0 
0 
0 
0 
0 
0 
0 
0 
0 
0 
0 
0 
0 
0 
0 
0 
0 
0 
0 
0 
0 
0 
0 
0 
0 
0 
0 
0 
0 
0 
0 
0 
0 
0 
0 
0 
0 
0 
0 
0 
0 
0 
0 
0 
0 
0 
0 
0 
0 
0 
0 
0 
0 
0 
0 
0 
0 
0 
0 
0 
0 
0 
0 
0 
0 
0 
0 
0 
0 
0 
0 
0 
0 
0 
0 
0 
0 
0 
0 
0 
0 
0 
0 
0 
0 
0 
0 
0 
0 
0 
0 
0 
0 
0 
0 
0 
0 
0 
0 
0 
0 
0 
0 
0 
0 
0 
0 
0 
0 
0 
0 
0 
0 
0 
0 
0 
0 
0 
0 
0 
0 
0 
0 
0 
0 
0 
0 
0 
0 
0 
0 
0 
0 
0 
0 
0 
0 
0 
0 
0 
0 
0 
0 
0 
0 
0 
0 
0 
0 
0 
0 
0 
0 
0 
0 
0 
0 
0 
0 
0 
0 
0 
0 
0 
0 
0 
0 
0 
0 
0 
0 
0 
0 
0 
0 
0 
0 
0 
0 
0 
0 
0 
0 
0 
0 
0 
0 
0 
0 
0 
0 
0 
0 
0 
0 
0 
0 
0 
0 
0 
0 
0 
0 
0 
0 
0 
0 
0 
0 
0 
0 
0 
0 
0 
0 
0 
0 
0 
0 
0 
0 
0 
0 
0 
0 
0 
0 
0 
0 
0 
0 
0 
0 
0 
0 
0 
0 
0 
0 
0 
0 
0 
0 
0 
0 
0 
0 
0 
0 
0 
0 
0 
0 
0 
0 
0 
0 
0 
0 
0 
0 
0 
0 
0 
0 
0 
0 
0 
0 
0 
0 
0 
0 
0 
0 
0 
0 
0 
0 
0 
0 
0 
0 
0 
0 
0 
0 
0 
0 
0 
0 
0 
0 
0 
0 
0 
0 
0 
0 
0 
0 
0 
0 
0 
0 
0 
0 
0 
0 
0 
0 
0 
0 
0 
0 
0 
0 
0 
0 
0 
0 
0 
0 
0 
0 
0 
0 
0 
0 
0 
0 
0 
0 
0 
0 
0 
0 
0 
0 
0 
0 
0 
0 
0 
0 
0 
0 
0 
0 
0 
0 
0 
0 
0 
0 
0 
0 
0 
0 
0 
0 
0 
0 
0 
0 
0 
0 
0 
0 
0 
0 
0 
0 
0 
0 
0 
0 
0 
0 
0 
0 
0 
0 
0 
0 
0 
0 
0 
0 
0 
0 
0 
0 
0 
0 
0 
0 
0 
0 
0 
0 
0 
0 
0 
0 
0 
0 
0 
0 
0 
0 
0 
0 
0 
0 
0 
0 
0 
0 
0 
0 
0 
0 
0 
0 
0 
0 
0 
0 
0 
0 
0 
0 
0 
0 
0 
0 
0 
0 
0 
0 
0 
0 
0 
0 
0 
0 
0 
0 
0 
0 
0 
0 
0 
0 
0 
0 
0 
0 
0 
0 
0 
0 
0 
0 
0 
0 
0 
0 
0 
0 
0 
0 
0 
0 
0 
0 
0 
0 
0 
0 
0 
0 
0 
0 
0 
0 
0 
0 
0 
0 
0 
0 
0 
0 
0 
0 
0 
0 
0 
0 
0 
0 
0 
0 
0 
0 
0 
0 
0 
0 
0 
0 
0 
0 
0 
0 
0 
0 
0 
0 
0 
0 
0 
0 
0 
0 
0 
0 
0 
0 
0 
0 
0 
0 
0 
0 
0 
0 
0 
0 
0 
0 
0 
0 
0 
0 
0 
0 
0 
0 
0 
0 
0 
0 
0 
0 
0 
0 
0 
0 
0 
0 
0 
0 
0 
0 
0 
0 
0 
0 
0 
0 
0 
0 
0 
0 
0 
0 
0 
0 
0 
0 
0 
0 
0 
0 
0 
0 
0 
0 
0 
0 
0 
0 
0 
0 
0 
0 
0 
0 
0 
0 
0 
0 
0 
0 
0 
0 
0 
0 
0 
0 
0 
0 
0 
0 
0 
0 
0 
0 
0 
0 
0 
0 
0 
0 
0 
0 
0 
0 
0 
0 
0 
0 
0 
0 
0 
0 
0 
0 
0 
0 
0 
0 
0 
0 
0 
0 
0 
0 
0 
0 
0 
0 
0 
0 
0 
0 
0 
0 
0 
0 
0 
0 
0 
0 
0 
0 
0 
0 
0 
0 
0 
0 
0 
0 
0 
0 
0 
0 
0 
0 
0 
0 
0 
0 
0 
0 
0 
0 
0 
0 
0 
0 
0 
0 
0 
0 
0 
0 
0 
0 
0 
0 
0 
0 
0 
0 
0 
0 
0 
0 
0 
0 
0 
0 
0 
0 
0 
0 
0 
0 
0 
0 
0 
0 
0 
0 
0 
0 
0 
0 
0 
0 
0 
0 
0 
0 
0 
0 
0 
0 
0 
0 
0 
0 
0 
0 
0 
0 
0 
0 
0 
0 
0 
0 
0 
0 
0 
0 
0 
0 
0 
0 
0 
0 
0 
0 
0 
0 
0 
0 
0 
0 
0 
0 
0 
0 
0 
0 
0 
0 
0 
0 
0 
0 
0 
0 
0 
0 
0 
0 
0 
0 
0 
0 
0 
0 
0 
0 
0 
0 
0 
0 
0 
0 
0 
0 
0 
0 
0 
0 
0 
0 
0 
0 
0 
0 
0 
0 
0 
0 
0 
0 
0 
0 
0 
0 
0 
0 
0 
0 
0 
0 
0 
0 
0 
0 
0 
0 
0 
0 
0 
0 
0 
0 
0 
0 
0 
0 
0 
0 
0 
0 
0 
0 
0 
0 
0 
0 
0 
0 
0 
0 
0 
0 
0 
0 
0 
0 
0 
0 
0 
0 
0 
0 
0 
0 
0 
0 
0 
0 
0 
0 
0 
0 
0 
0 
0 
0 
0 
0 
0 
0 
0 
0 
0 
0 
0 
0 
0 
0 
0 
0 
0 
0 
0 
0 
0 
0 
0 
0 
0 
0 
0 
0 
0 
0 
0 
0 
0 
0 
0 
0 
0 
0 
0 
0 
0 
0 
0 
0 
0 
0 
0 
0 
0 
0 
0 
0 
0 
0 
0 
0 
0 
0 
0 
0 
0 
0 
0 
0 
0 
0 
0 
0 
0 
0 
0 
0 
0 
0 
0 
0 
0 
0 
0 
0 
0 
0 
0 
0 
0 
0 
0 
0 
0 
0 
0 
0 
0 
0 
0 
0 
0 
0 
0 
0 
0 
0 
0 
0 
0 
0 
0 
0 
0 
0 
0 
0 
0 
0 
0 
0 
0 
0 
0 
0 
0 
0 
0 
0 
0 
0 
0 
0 
0 
0 
0 
0 
0 
0 
0 
0 
0 
0 
0 
0 
0 
0 
0 
0 
0 
0 
0 
0 
0 
0 
0 
0 
0 
0 
0 
0 
0 
0 
0 
0 
0 
0 
0 
0 
0 
0 
0 
0 
0 
0 
0 
0 
0 
0 
0 
0 
0 
0 
0 
0 
0 
0 
0 
0 
0 
0 
0 
0 
0 
0 
0 
0 
0 
0 
0 
0 
0 
0 
0 
0 
0 
0 
0 
0 
0 
0 
0 
0 
0 
0 
0 
0 
0 
0 
0 
0 
0 
0 
0 
0 
0 
0 
0 
0 
0 
0 
0 
0 
0 
0 
0 
0 
0 
0 
0 
0 
0 
0 
0 
0 
0 
0 
0 
0 
0 
0 
0 
0 
0 
0 
0 
0 
0 
0 
0 
0 
0 
0 
0 
0 
0 
0 
0 
0 
0 
0 
0 
0 
0 
0 
0 
0 
0 
0 
0 
0 
0 
0 
0 
0 
0 
0 
0 
0 
0 
0 
0 
0 
0 
0 
0 
0 
0 
0 
0 
0 
0 
0 
0 
0 
0 
0 
0 
0 
0 
0 
0 
0 
0 
0 
0 
0 
0 
0 
0 
0 
0 
0 
0 
0 
0 
0 
0 
0 
0 
0 
0 
0 
0 
0 
0 
0 
0 
0 
0 
0 
0 
0 
0 
0 
0 
0 
0 
0 
0 
0 
0 
0 
0 
0 
0 
0 
0 
0 
0 
0 
0 
0 
0 
0 
0 
0 
0 
0 
0 
0 
0 
0 
0 
0 
0 
0 
0 
0 
0 
0 
0 
0 
0 
0 
0 
0 
0 
0 
0 
0 
0 
0 
0 
0 
0 
0 
0 
0 
0 
0 
0 
0 
0 
0 
0 
0 
0 
0 
0 
0 
0 
0 
0 
0 
0 
0 
0 
0 
0 
0 
0 
0 
0 
0 
0 
0 
0 
0 
0 
0 
0 
0 
0 
0 
0 
0 
0 
0 
0 
0 
0 
0 
0 
0 
0 
0 
0 
0 
0 
0 
0 
0 
0 
0 
0 
0 
0 
0 
0 
0 
0 
0 
0 
0 
0 
0 
0 
0 
0 
0 
0 
0 
0 
0 
0 
0 
0 
0 
0 
0 
0 
0 
0 
0 
0 
0 
0 
0 
0 
0 
0 
0 
0 
0 
0 
0 
0 
0 
0 
0 
0 
0 
0 
0 
0 
0 
0 
0 
0 
0 
0 
0 
0 
0 
0 
0 
0 
0 
0 
0 
0 
0 
0 
0 
0 
0 
0 
0 
0 
0 
0 
0 
0 
0 
0 
0 
0 
0 
0 
0 
0 
0 
0 
0 
0 
0 
0 
0 
0 
0 
0 
0 
0 
0 
0 
0 
0 
0 
0 
0 
0 
0 
0 
0 
0 
0 
0 
0 
0 
0 
0 
0 
0 
0 
0 
0 
0 
0 
0 
0 
0 
0 
0 
0 
0 
0 
0 
0 
0 
0 
0 
0 
0 
0 
0 
0 
0 
0 
0 
0 
0 
0 
0 
0 
0 
0 
0 
0 
0 
0 
0 
0 
0 
0 
0 
0 
0 
0 
0 
0 
0 
0 
0 
0 
0 
0 
0 
0 
0 
0 
0 
0 
0 
0 
0 
0 
0 
0 
0 
0 
0 
0 
0 
0 
0 
0 
0 
0 
0 
0 
0 
0 
0 
0 
0 
0 
0 
0 
0 
0 
0 
0 
0 
0 
0 
0 
0 
0 
0 
0 
0 
0 
0 
0 
0 
0 
0 
0 
0 
0 
0 
0 
0 
0 
0 
0 
0 
0 
0 
0 
0 
0 
0 
0 
0 
0 
0 
0 
0 
0 
0 
0 
0 
0 
0 
0 
0 
0 
0 
0 
0 
0 
0 
0 
0 
0 
0 
0 
0 
0 
0 
0 
0 
0 
0 
0 
0 
0 
0 
0 
0 
0 
0 
0 
0 
0 
0 
0 
0 
0 
0 
0 
0 
0 
0 
0 
0 
0 
0 
0 
0 
0 
0 
0 
0 
0 
0 
0 
0 
0 
0 
0 
0 
0 
0 
0 
0 
!IDEND=

