!FILE=Disk 
!KIND=Matrix 
!LABORATORY=Oslo Cyclotron Laboratory (OCL) 
!EXPERIMENT=siri2root 
!COMMENT=none
!TIME=2021-01-12 12:40:42
!CALIBRATION EkeV=6, 0.000000E+00, 1.000000E+00, 0.000000E+00
!PRECISION=16
!DIMENSION=1,0:20999
!CHANNEL=(0:20999)
77.8 
68.1417 
59.5505 
53.0511 
49.1163 
47.4381 
47.6121 
49.1054 
50.9242 
52.4402 
53.4857 
54.0251 
54.2196 
54.3184 
54.5321 
54.9471 
55.561 
56.3252 
57.1766 
58.0825 
59.0583 
60.1536 
61.4264 
62.9254 
64.6908 
66.7565 
69.1367 
71.8155 
74.7287 
77.7209 
80.5192 
82.7883 
84.2667 
84.9104 
84.9915 
84.8984 
84.8038 
84.8063 
85.2286 
86.4221 
88.3837 
90.775 
93.1739 
95.2199 
96.5675 
97.0915 
97.0439 
96.619 
96.0469 
95.7617 
95.9733 
96.7342 
98.0888 
99.8683 
101.734 
103.382 
104.657 
105.596 
106.416 
107.45 
109.003 
111.227 
114.072 
117.273 
120.367 
122.815 
124.222 
124.46 
123.523 
121.527 
118.836 
115.967 
113.407 
111.522 
110.505 
110.396 
111.192 
112.874 
115.382 
118.608 
122.366 
126.358 
130.181 
133.424 
135.789 
137.189 
137.787 
137.961 
138.207 
139.004 
140.677 
143.309 
146.712 
150.448 
153.945 
156.703 
158.486 
159.403 
159.72 
159.465 
158.89 
158.715 
159.219 
160.303 
161.924 
163.983 
166.334 
168.827 
171.355 
173.864 
176.335 
178.753 
181.08 
183.265 
185.286 
187.175 
189.021 
190.937 
192.999 
195.203 
197.426 
199.389 
200.737 
201.205 
200.713 
199.341 
197.362 
195.204 
193.309 
192.048 
191.655 
192.192 
193.635 
195.916 
198.915 
202.456 
206.272 
209.984 
213.149 
215.373 
216.435 
216.275 
215.071 
213.316 
211.553 
210.132 
209.175 
208.563 
208.06 
207.528 
207.045 
206.795 
206.9 
207.625 
209.333 
211.918 
214.76 
217.094 
218.423 
218.697 
217.98 
216.488 
215.029 
214.585 
215.544 
217.852 
221.242 
225.18 
229.027 
232.296 
234.768 
236.431 
237.421 
237.963 
238.271 
238.487 
238.681 
238.892 
239.152 
239.489 
239.917 
240.43 
240.997 
241.552 
241.965 
242.083 
241.837 
241.234 
240.335 
239.273 
238.248 
237.473 
237.063 
236.993 
237.227 
237.708 
238.209 
238.426 
238.23 
237.546 
236.219 
234.153 
231.38 
228.027 
224.316 
220.556 
217.122 
214.395 
212.662 
212.059 
212.61 
214.079 
215.852 
217.286 
218 
217.879 
216.98 
215.548 
213.989 
212.667 
211.76 
211.279 
211.117 
211.093 
211.049 
210.903 
210.634 
210.27 
209.865 
209.433 
208.925 
208.243 
207.288 
206.007 
204.417 
202.653 
201.2 
200.749 
201.622 
203.825 
207.266 
211.595 
216.134 
220.066 
222.736 
223.824 
223.269 
221.474 
219.379 
217.808 
217.122 
217.413 
218.512 
219.944 
221.072 
221.386 
220.702 
219.055 
216.595 
213.639 
210.657 
208.212 
206.812 
206.729 
208.025 
210.538 
213.731 
216.809 
219.009 
219.851 
219.201 
217.244 
214.556 
211.891 
209.875 
208.758 
208.453 
208.866 
209.872 
211.138 
212.181 
212.559 
212.096 
210.814 
208.842 
206.48 
204.189 
202.491 
201.659 
201.607 
202.23 
203.356 
204.528 
205.29 
205.465 
205.033 
204.103 
202.997 
202.073 
201.511 
201.303 
201.302 
201.252 
200.839 
199.804 
198.063 
195.753 
193.203 
190.852 
189.12 
188.268 
188.369 
189.314 
190.762 
192.242 
193.26 
193.431 
192.624 
190.881 
188.363 
185.367 
182.275 
179.462 
177.229 
175.746 
175.071 
175.206 
175.979 
176.99 
177.891 
178.505 
178.75 
178.617 
178.1 
177.145 
175.637 
173.453 
170.556 
167.067 
163.264 
159.572 
156.476 
154.364 
153.418 
153.664 
154.772 
155.902 
156.333 
155.862 
154.563 
152.698 
150.677 
148.872 
147.473 
146.472 
145.696 
144.899 
143.895 
142.623 
141.162 
139.692 
138.415 
137.471 
136.893 
136.611 
136.47 
136.281 
135.883 
135.174 
134.12 
132.749 
131.15 
129.467 
127.901 
126.701 
126.08 
126.124 
126.871 
128.294 
130.13 
131.907 
133.084 
133.241 
132.237 
130.157 
127.311 
124.24 
121.521 
119.553 
118.443 
118.097 
118.421 
119.187 
119.947 
120.391 
120.42 
120.005 
119.196 
118.153 
117.108 
116.282 
115.819 
115.765 
116.122 
116.86 
117.873 
118.994 
120.027 
120.769 
121.068 
120.866 
120.129 
118.841 
117.128 
115.25 
113.491 
112.07 
111.072 
110.417 
109.903 
109.313 
108.542 
107.641 
106.831 
106.373 
106.384 
106.923 
107.985 
109.304 
110.502 
111.343 
111.742 
111.658 
111.321 
111.169 
111.289 
111.638 
112.273 
113.067 
113.681 
113.808 
113.346 
112.333 
110.888 
109.19 
107.412 
105.683 
104.109 
102.778 
101.76 
101.077 
100.702 
100.58 
100.687 
100.977 
101.365 
101.793 
102.24 
102.615 
102.779 
102.657 
102.119 
100.904 
98.9016 
96.2688 
93.3627 
90.664 
88.6569 
87.6617 
87.7734 
88.8872 
90.663 
92.6212 
94.3471 
95.5979 
96.3098 
96.576 
96.6061 
96.6365 
96.8422 
97.2925 
97.9404 
98.6337 
99.1364 
99.2345 
98.8503 
98.0149 
96.8459 
95.5435 
94.3252 
93.359 
92.7256 
92.4341 
92.4854 
92.7156 
92.8486 
92.8576 
92.7145 
92.3101 
91.7612 
91.221 
90.7346 
90.2898 
89.8012 
89.1281 
88.1359 
86.7518 
84.9701 
82.8422 
80.4559 
77.8922 
75.1939 
72.3728 
69.4465 
66.4817 
63.6189 
61.06 
59.0185 
57.6493 
57.0171 
57.1282 
57.8326 
58.7848 
59.6931 
60.419 
60.9111 
61.2 
61.3405 
61.3429 
61.2021 
60.8898 
60.2986 
59.3021 
57.8594 
56.0537 
54.0924 
52.2825 
50.9632 
50.3753 
50.5931 
51.569 
53.094 
54.7602 
56.0785 
56.6971 
56.5067 
55.5453 
54.0096 
52.3071 
50.9103 
50.1058 
49.9241 
50.3251 
51.2045 
52.2913 
53.2723 
53.9313 
54.1704 
53.9746 
53.4539 
52.8508 
52.3746 
52.1063 
52.0388 
52.1508 
52.4081 
52.7316 
53.0439 
53.3073 
53.516 
53.6589 
53.7085 
53.65 
53.4662 
53.1222 
52.6115 
51.9875 
51.3576 
50.8558 
50.5715 
50.5148 
50.6749 
51.0119 
51.349 
51.4512 
51.2177 
50.6492 
49.7738 
48.6709 
47.4585 
46.2572 
45.1668 
44.2654 
43.5989 
43.1956 
43.0436 
43.0655 
43.1973 
43.3886 
43.5831 
43.77 
43.9873 
44.3027 
44.7755 
45.4133 
46.1552 
46.8834 
47.4597 
47.7973 
47.8887 
47.7476 
47.4064 
46.9442 
46.4428 
45.9423 
45.4155 
44.7909 
44.0497 
43.2721 
42.6792 
42.5509 
43.0167 
44.0568 
45.5496 
47.2404 
48.7888 
49.8812 
50.3378 
50.112 
49.3114 
48.2246 
47.1477 
46.2513 
45.5902 
45.1122 
44.6995 
44.2512 
43.7379 
43.2122 
42.7937 
42.5982 
42.6712 
43.0418 
43.7303 
44.6512 
45.6273 
46.4635 
46.9975 
47.1437 
46.8822 
46.2492 
45.362 
44.3937 
43.5327 
42.9679 
42.7527 
42.7692 
42.9287 
43.1522 
43.3037 
43.3132 
43.1765 
42.9179 
42.5929 
42.2399 
41.8624 
41.4366 
40.9243 
40.3137 
39.6425 
38.9894 
38.4482 
38.0955 
37.9711 
38.0833 
38.4012 
38.8505 
39.3577 
39.8744 
40.3699 
40.8278 
41.2338 
41.563 
41.7654 
41.7833 
41.5909 
41.1948 
40.6295 
39.9635 
39.2895 
38.7055 
38.2909 
38.0757 
38.0449 
38.1846 
38.4773 
38.8749 
39.3152 
39.7385 
40.0865 
40.299 
40.3296 
40.1625 
39.8088 
39.3176 
38.7935 
38.3836 
38.2132 
38.3306 
38.7578 
39.4896 
40.4044 
41.2976 
41.9797 
42.3593 
42.4529 
42.2894 
41.9089 
41.4016 
40.8589 
40.3319 
39.8376 
39.3764 
38.966 
38.6567 
38.4993 
38.5797 
38.8122 
38.88 
38.6579 
38.1856 
37.4995 
36.6781 
35.7901 
34.8851 
34.0063 
33.1979 
32.5173 
32.0369 
31.8191 
31.8894 
32.2587 
32.9195 
33.7963 
34.7561 
35.6551 
36.37 
36.8208 
37.0167 
37.0399 
36.9397 
36.7397 
36.492 
36.2506 
36.0475 
35.908 
35.8565 
35.9061 
36.065 
36.3367 
36.6998 
37.0309 
37.1327 
36.9032 
36.3163 
35.3649 
34.1293 
32.8037 
31.6604 
30.9458 
30.7814 
31.1905 
32.0972 
33.2548 
34.3123 
34.9725 
35.0864 
34.6224 
33.6484 
32.3846 
31.1417 
30.1949 
29.6646 
29.5164 
29.7075 
30.1746 
30.7623 
31.3189 
31.7766 
32.1377 
32.4549 
32.8027 
33.2264 
33.7162 
34.2094 
34.6072 
34.8296 
34.851 
34.6722 
34.3175 
33.8592 
33.3877 
32.9689 
32.6349 
32.3928 
32.2327 
32.1343 
32.0802 
32.0635 
32.0832 
32.1422 
32.2495 
32.4177 
32.661 
32.9953 
33.4351 
33.984 
34.6308 
35.3476 
36.0902 
36.8014 
37.4192 
37.8872 
38.1615 
38.2164 
38.0443 
37.6497 
37.0459 
36.2473 
35.2652 
34.1145 
32.8284 
31.4736 
30.1583 
29.0228 
28.2082 
27.8081 
27.8501 
28.2763 
28.9157 
29.5463 
29.9799 
30.1098 
29.9091 
29.4183 
28.7719 
28.2193 
28.0206 
28.2821 
28.9986 
30.1263 
31.5513 
33.0936 
34.5456 
35.7163 
36.4698 
36.7415 
36.5169 
35.837 
34.8166 
33.5973 
32.3193 
31.1272 
30.1455 
29.4471 
29.0439 
28.9126 
29.0341 
29.3546 
29.7663 
30.1966 
30.6261 
31.0565 
31.5123 
32.0329 
32.6532 
33.3858 
34.2165 
35.1047 
35.9833 
36.761 
37.3296 
37.6027 
37.5484 
37.135 
36.3165 
35.1268 
33.6937 
32.181 
30.7503 
29.5346 
28.624 
28.0457 
27.776 
27.7894 
28.0416 
28.4556 
28.9909 
29.6447 
30.4099 
31.2547 
32.0977 
32.806 
33.255 
33.3933 
33.2164 
32.7813 
32.2677 
31.8995 
31.8133 
32.045 
32.5365 
33.1036 
33.4981 
33.5443 
33.1886 
32.4798 
31.5729 
30.6741 
29.9429 
29.4434 
29.1332 
28.8971 
28.6264 
28.2802 
27.8999 
27.5902 
27.4462 
27.5003 
27.747 
28.1439 
28.5812 
28.8993 
29.021 
29.0103 
28.9183 
28.7932 
28.7423 
28.8209 
29.0004 
29.1818 
29.2532 
29.1732 
28.9517 
28.6291 
28.2776 
27.9716 
27.7612 
27.6678 
27.6934 
27.8218 
28.0294 
28.3081 
28.6607 
29.0822 
29.5419 
29.9763 
30.3039 
30.464 
30.4374 
30.2379 
29.9158 
29.5498 
29.2157 
28.965 
28.8246 
28.806 
28.9107 
29.1459 
29.5305 
30.0726 
30.7516 
31.5107 
32.2471 
32.8196 
33.109 
33.0713 
32.6866 
31.9556 
30.9793 
29.9305 
28.9829 
28.2789 
27.8732 
27.7108 
27.7326 
27.8741 
27.9946 
28.006 
27.9025 
27.6988 
27.4743 
27.3353 
27.3284 
27.4816 
27.8113 
28.2384 
28.614 
28.8164 
28.7996 
28.516 
27.8993 
26.9904 
25.9364 
24.9041 
24.0419 
23.4546 
23.1943 
23.2724 
23.6484 
24.2197 
24.8727 
25.5158 
26.079 
26.5203 
26.8247 
27.0031 
27.0851 
27.1103 
27.1123 
27.1034 
27.0805 
27.029 
26.9252 
26.755 
26.5289 
26.3304 
26.2961 
26.4952 
26.9262 
27.5541 
28.2701 
28.8723 
29.1647 
29.0675 
28.5522 
27.651 
26.5936 
25.737 
25.3457 
25.4999 
26.202 
27.3872 
28.8342 
30.2509 
31.4041 
32.1545 
32.444 
32.2661 
31.6765 
30.7831 
29.6712 
28.4028 
27.0611 
25.7624 
24.651 
23.8775 
23.5481 
23.6957 
24.3173 
25.3615 
26.6739 
28.0232 
29.1735 
29.9422 
30.2351 
30.0318 
29.4102 
28.5651 
27.6936 
26.9219 
26.31 
25.8458 
25.47 
25.1315 
24.8757 
24.8286 
25.0622 
25.5999 
26.4602 
27.6094 
28.9214 
30.169 
31.0717 
31.4216 
31.153 
30.2787 
28.9004 
27.2783 
25.7694 
24.7168 
24.3439 
24.7169 
25.7658 
27.2502 
28.7906 
29.9829 
30.5447 
30.389 
29.5296 
28.0737 
26.2757 
24.4476 
22.8555 
21.6548 
20.9222 
20.6463 
20.6872 
20.9313 
21.2831 
21.6114 
21.854 
22.0281 
22.1902 
22.4065 
22.741 
23.245 
23.9375 
24.7996 
25.7677 
26.7265 
27.521 
28.006 
28.1019 
27.7905 
27.1159 
26.2257 
25.3414 
24.6839 
24.3996 
24.5321 
25.0515 
25.8464 
26.7363 
27.5415 
28.1429 
28.5042 
28.677 
28.7834 
28.9583 
29.2842 
29.7621 
30.3035 
30.7449 
30.9418 
30.844 
30.445 
29.7798 
28.9888 
28.2634 
27.7487 
27.512 
27.6302 
27.9588 
28.0721 
27.8031 
27.199 
26.2809 
25.1497 
23.9893 
23.0044 
22.3505 
22.1025 
22.2731 
22.7872 
23.4814 
24.2216 
24.947 
25.6332 
26.2749 
26.8607 
27.3518 
27.674 
27.7532 
27.5618 
27.1149 
26.4767 
25.7749 
25.1678 
24.7828 
24.6758 
24.8561 
25.2952 
25.9021 
26.5557 
27.1593 
27.6663 
28.0864 
28.4687 
28.8623 
29.2848 
29.7147 
30.0982 
30.3646 
30.458 
30.3596 
30.0802 
29.6556 
29.1378 
28.5719 
27.9846 
27.3843 
26.759 
26.0835 
25.3479 
24.5745 
23.8201 
23.1774 
22.7606 
22.6578 
22.8974 
23.4513 
24.2173 
25.0246 
25.685 
26.061 
26.1015 
25.8013 
25.1931 
24.3845 
23.5361 
22.8163 
22.3746 
22.3066 
22.6406 
23.3474 
24.3219 
25.3848 
26.3278 
26.9726 
27.2215 
27.0502 
26.5311 
25.8597 
25.2457 
24.8264 
24.6679 
24.7808 
25.1055 
25.5187 
25.9258 
26.2916 
26.6054 
26.8669 
27.0773 
27.2365 
27.3433 
27.3993 
27.4094 
27.3759 
27.3015 
27.1942 
27.0618 
26.9091 
26.7397 
26.5607 
26.386 
26.232 
26.1093 
26.0182 
25.9437 
25.8531 
25.7072 
25.4795 
25.1677 
24.7972 
24.4152 
24.0746 
23.815 
23.6525 
23.5848 
23.6062 
23.6896 
23.7788 
23.8359 
23.8567 
23.8537 
23.8494 
23.8926 
24.0768 
24.5097 
25.2627 
26.3424 
27.656 
28.978 
29.988 
30.4181 
30.1669 
29.198 
27.5494 
25.5078 
23.5163 
21.9474 
20.9909 
20.6706 
20.9551 
21.695 
22.5869 
23.4395 
24.0585 
24.2393 
24.1021 
23.8828 
23.7455 
23.9441 
24.6359 
25.6367 
26.7432 
27.8311 
28.7193 
29.2539 
29.3507 
28.9894 
28.2018 
27.0943 
25.8286 
24.5725 
23.468 
22.6081 
22.034 
21.7555 
21.7719 
22.0485 
22.512 
23.1135 
23.8439 
24.7045 
25.6909 
26.7711 
27.8671 
28.8505 
29.5403 
29.7707 
29.4805 
28.6936 
27.5163 
26.1668 
24.9267 
24.0458 
23.605 
23.5222 
23.7343 
24.1772 
24.6925 
25.1225 
25.4005 
25.5637 
25.7228 
25.9914 
26.4253 
27.0055 
27.637 
28.1641 
28.4489 
28.4393 
28.1113 
27.4652 
26.6203 
25.7843 
25.1575 
24.8681 
24.9536 
25.3816 
26.043 
26.7741 
27.416 
27.8529 
28.0284 
27.9317 
27.6179 
27.2155 
26.8396 
26.5469 
26.3481 
26.207 
26.0502 
25.7997 
25.409 
24.8781 
24.2614 
23.6667 
23.2208 
23.0109 
23.0627 
23.3356 
23.7073 
24.0202 
24.164 
24.1042 
23.8519 
23.4619 
23.039 
22.6837 
22.4499 
22.3538 
22.3955 
22.5361 
22.6962 
22.8261 
22.9224 
23.0048 
23.1115 
23.288 
23.5753 
24.0011 
24.5754 
25.289 
26.1148 
27.0107 
27.9247 
28.8021 
29.5934 
30.2587 
30.7666 
31.0663 
31.0911 
30.8072 
30.2068 
29.2951 
28.1163 
26.7654 
25.3846 
24.1447 
23.2118 
22.6968 
22.634 
23.024 
23.8368 
24.9696 
26.2532 
27.477 
28.4055 
28.8511 
28.7412 
28.0454 
26.7828 
25.1634 
23.5534 
22.3305 
21.6955 
21.6208 
22.0479 
22.8793 
23.8691 
24.7504 
25.3613 
25.6387 
25.5755 
25.2756 
24.9693 
24.8255 
24.8811 
25.1333 
25.5496 
26.0468 
26.5212 
26.8829 
27.0797 
27.1039 
26.9607 
26.6696 
26.2901 
25.9021 
25.5705 
25.3299 
25.1852 
25.115 
25.0901 
25.0967 
25.1298 
25.196 
25.3288 
25.5611 
25.8956 
26.289 
26.6037 
26.6632 
26.3901 
25.7861 
24.8805 
23.7589 
22.5721 
21.5072 
20.7433 
20.3966 
20.5014 
21.041 
21.9464 
23.0912 
24.3288 
25.5237 
26.5654 
27.374 
27.8998 
28.1199 
28.0294 
27.6501 
27.0417 
26.2803 
25.4487 
24.6362 
23.9264 
23.3821 
23.0346 
22.8899 
22.9452 
23.1544 
23.4124 
23.6314 
23.7716 
23.8183 
23.7703 
23.6462 
23.5181 
23.4778 
23.5657 
23.7895 
24.154 
24.6391 
25.1901 
25.721 
26.1279 
26.3303 
26.3015 
26.0396 
25.5778 
25.0392 
24.6317 
24.5454 
24.8498 
25.5186 
26.443 
27.4172 
28.1972 
28.6079 
28.5951 
28.1874 
27.4994 
26.7198 
26.003 
25.4054 
24.9229 
24.537 
24.2312 
24.0091 
23.8971 
23.9228 
24.1831 
24.823 
25.8383 
27.0576 
28.2606 
29.2471 
29.8857 
30.1211 
29.9473 
29.4453 
28.7864 
28.0987 
27.4229 
26.7643 
26.1178 
25.4893 
24.9182 
24.4831 
24.2398 
24.1811 
24.2923 
24.5332 
24.7669 
24.8471 
24.7219 
24.4287 
24.1079 
23.9363 
23.9972 
24.414 
25.3674 
26.8007 
28.4072 
29.8203 
30.7166 
30.9049 
30.3324 
29.059 
27.2933 
25.3712 
23.6632 
22.4768 
21.9024 
21.83 
22.1795 
22.8703 
23.6863 
24.3809 
24.8023 
24.9481 
24.9504 
24.9327 
24.9376 
24.9689 
24.9996 
24.9966 
24.8777 
24.5254 
23.949 
23.278 
22.6535 
22.2058 
21.9958 
21.9946 
22.1701 
22.487 
22.8741 
23.2812 
23.7017 
24.1357 
24.5575 
24.87 
24.9354 
24.6858 
24.1256 
23.3027 
22.3367 
21.4215 
20.7881 
20.6106 
20.9449 
21.7455 
22.8585 
24.0587 
25.1484 
26.0181 
26.6536 
27.1261 
27.5722 
28.1293 
28.8571 
29.6988 
30.4599 
30.9066 
30.9303 
30.4343 
29.3141 
27.6914 
25.8469 
24.0549 
22.567 
21.5739 
21.1715 
21.3794 
22.107 
23.1314 
24.2281 
25.2444 
26.0855 
26.7077 
27.0998 
27.2827 
27.295 
27.1536 
26.862 
26.4394 
25.9267 
25.3897 
24.915 
24.5912 
24.477 
24.59 
24.8934 
25.2788 
25.606 
25.7722 
25.7419 
25.4931 
25.0052 
24.3305 
23.5808 
22.8745 
22.3165 
21.9663 
21.8129 
21.8455 
21.9775 
22.0254 
21.9544 
21.8166 
21.6302 
21.4639 
21.406 
21.494 
21.7313 
22.1129 
22.6108 
23.1728 
23.7465 
24.3014 
24.8314 
25.3543 
25.9016 
26.4875 
27.0913 
27.6575 
28.1046 
28.357 
28.3765 
28.1558 
27.7193 
27.1458 
26.5451 
26.0111 
25.5943 
25.2931 
25.0584 
24.813 
24.4872 
24.0503 
23.522 
22.977 
22.5384 
22.3182 
22.3602 
22.6809 
23.268 
24.0037 
24.7021 
25.2045 
25.4267 
25.3484 
25.0138 
24.541 
24.0503 
23.6076 
23.2343 
22.9331 
22.7192 
22.6202 
22.6523 
22.8956 
23.508 
24.5585 
25.9799 
27.6204 
29.2718 
30.7137 
31.7125 
32.1531 
32.1276 
31.7311 
31.0715 
30.3421 
29.6594 
29.0351 
28.4391 
27.8245 
27.165 
26.4706 
25.7801 
25.1406 
24.5816 
24.1067 
23.6987 
23.3311 
22.9892 
22.6793 
22.4456 
22.3555 
22.4439 
22.727 
23.2142 
23.8661 
24.584 
25.234 
25.6848 
25.8883 
25.889 
25.7231 
25.432 
25.1613 
25.087 
25.28 
25.7375 
26.4346 
27.3053 
28.2448 
29.1271 
29.8244 
30.2361 
30.3117 
30.0402 
29.4457 
28.6105 
27.6627 
26.7425 
25.9782 
25.4657 
25.2565 
25.3638 
25.7582 
26.3504 
27.0123 
27.6039 
27.9962 
28.1595 
28.1689 
28.0768 
27.9309 
27.8203 
27.7942 
27.8573 
27.9683 
28.0405 
28.0249 
27.857 
27.4276 
26.7311 
25.8672 
24.9395 
24.0207 
23.1546 
22.3818 
21.7654 
21.3965 
21.3542 
21.6661 
22.3091 
23.189 
24.1255 
24.8976 
25.3539 
25.4671 
25.2498 
24.7616 
24.1862 
23.7677 
23.6802 
23.9778 
24.6152 
25.4396 
26.2234 
26.7566 
26.9184 
26.6779 
26.08 
25.2738 
24.4781 
23.8976 
23.6569 
23.7903 
24.2505 
24.8958 
25.5475 
26.0704 
26.4027 
26.5439 
26.5094 
26.3761 
26.2768 
26.266 
26.3348 
26.4607 
26.5863 
26.6562 
26.6512 
26.5523 
26.3304 
25.9954 
25.5995 
25.2144 
24.94 
24.8758 
25.0631 
25.4934 
26.125 
26.8725 
27.6201 
28.2485 
28.6653 
28.8239 
28.7145 
28.3858 
27.9596 
27.5571 
27.2523 
27.074 
27.002 
26.9782 
26.9325 
26.8095 
26.5832 
26.2615 
25.8781 
25.4909 
25.1764 
25.001 
25.0644 
25.2834 
25.3373 
25.1114 
24.6647 
24.0409 
23.3208 
22.6006 
22.0499 
21.8773 
22.1759 
22.9462 
24.1606 
25.7121 
27.3743 
28.8313 
29.772 
30.0061 
29.4823 
28.2827 
26.6837 
25.1028 
23.9471 
23.3909 
23.3392 
23.7018 
24.3547 
24.9684 
25.2803 
25.2861 
25.0168 
24.6125 
24.4035 
24.578 
25.2266 
26.4595 
28.1856 
30.0817 
31.7537 
32.876 
33.2756 
32.9094 
31.8587 
30.3631 
28.7362 
27.2697 
26.1499 
25.4814 
25.262 
25.3143 
25.4866 
25.6645 
25.7416 
25.7763 
25.9154 
26.233 
26.722 
27.3124 
27.8859 
28.3321 
28.5992 
28.6884 
28.6139 
28.4363 
28.2744 
28.201 
28.2253 
28.3334 
28.4865 
28.6428 
28.7803 
28.8937 
28.992 
29.094 
29.1881 
29.2299 
29.195 
29.05 
28.7258 
28.1884 
27.4763 
26.6843 
25.943 
25.3847 
25.0984 
25.1107 
25.3991 
25.887 
26.46 
27.0109 
27.467 
27.8001 
28.0266 
28.1938 
28.3512 
28.532 
28.7476 
28.9876 
29.2223 
29.3984 
29.4565 
29.3717 
29.1442 
28.782 
28.3108 
27.7784 
27.245 
26.7666 
26.3827 
26.1334 
26.0659 
26.2034 
26.5565 
27.1409 
27.9579 
28.9651 
30.0496 
31.0372 
31.7261 
31.9597 
31.6852 
30.9341 
29.8245 
28.5622 
27.3828 
26.4762 
25.9244 
25.6741 
25.6104 
25.6762 
25.825 
25.9938 
26.1853 
26.4239 
26.7069 
27.0134 
27.2944 
27.4943 
27.5813 
27.5486 
27.4253 
27.2757 
27.1449 
27.0368 
26.9219 
26.7514 
26.5616 
26.4796 
26.5745 
26.9008 
27.5681 
28.6151 
29.9257 
31.2516 
32.289 
32.831 
32.8386 
32.3285 
31.3788 
30.2271 
29.1805 
28.4672 
28.1292 
28.0548 
28.1579 
28.3656 
28.5566 
28.6701 
28.7365 
28.815 
28.9344 
29.0596 
29.1283 
29.1081 
28.9577 
28.6215 
28.1505 
27.7484 
27.6311 
27.8806 
28.4657 
29.2497 
29.9644 
30.3492 
30.2985 
29.7425 
28.6363 
27.1817 
25.7607 
24.7088 
24.1499 
24.0088 
24.2198 
24.7082 
25.2924 
25.7963 
26.1401 
26.3174 
26.3719 
26.3733 
26.3709 
26.3781 
26.3954 
26.4188 
26.4409 
26.4601 
26.4822 
26.5176 
26.5777 
26.673 
26.8126 
27.0023 
27.2426 
27.5218 
27.8051 
28.0341 
28.1543 
28.1428 
27.9867 
27.6846 
27.2929 
26.9133 
26.6486 
26.5684 
26.6944 
27.0101 
27.4615 
27.9676 
28.4482 
28.8459 
29.1414 
29.3599 
29.5662 
29.8492 
30.2887 
30.9206 
31.7193 
32.5801 
33.3064 
33.7069 
33.7054 
33.2439 
32.2641 
30.8751 
29.3158 
27.8107 
26.5174 
25.5063 
24.7585 
24.1927 
23.7238 
23.3079 
22.9519 
22.7047 
22.6171 
22.7073 
22.9639 
23.3506 
23.8228 
24.3528 
24.9349 
25.5828 
26.32 
27.16 
28.0955 
29.0909 
30.0748 
30.9547 
31.6457 
32.093 
32.2741 
32.1861 
31.8697 
31.4219 
30.9308 
30.4467 
29.9983 
29.596 
29.2351 
28.9013 
28.579 
28.2557 
27.927 
27.5996 
27.2963 
27.0631 
26.949 
26.9754 
27.171 
27.581 
28.1818 
28.8498 
29.405 
29.6982 
29.6752 
29.3315 
28.7233 
28.0369 
27.5263 
27.3711 
27.6263 
28.2399 
29.0448 
29.8118 
30.3515 
30.5641 
30.429 
30.0196 
29.5018 
29.0154 
28.6122 
28.2761 
27.944 
27.5565 
27.1032 
26.6379 
26.2682 
26.0961 
26.1616 
26.5029 
27.1728 
28.133 
29.2516 
30.3676 
31.3192 
31.9637 
32.2066 
32.0168 
31.3923 
30.3655 
29.0523 
27.642 
26.3531 
25.3924 
24.871 
24.7819 
25.0993 
25.7704 
26.6446 
27.5359 
28.3059 
28.8817 
29.233 
29.3774 
29.3699 
29.2424 
29.0118 
28.702 
28.3191 
27.8633 
27.3621 
26.8845 
26.5399 
26.4292 
26.5892 
27.0052 
27.6181 
28.3197 
28.9839 
29.508 
29.84 
29.9724 
29.9127 
29.7203 
29.5155 
29.376 
29.3094 
29.286 
29.2458 
29.122 
28.8731 
28.4993 
28.0567 
27.6662 
27.4481 
27.4501 
27.6998 
28.2088 
28.8793 
29.5401 
30.0566 
30.3719 
30.4788 
30.3795 
30.1223 
29.8275 
29.6179 
29.5321 
29.5231 
29.574 
29.6646 
29.697 
29.6106 
29.4067 
29.1077 
28.8299 
28.7538 
28.9692 
29.4905 
30.3104 
31.3516 
32.4504 
33.3917 
33.9763 
34.0897 
33.703 
32.8597 
31.702 
30.438 
29.2815 
28.3846 
27.8613 
27.7196 
27.7756 
27.8681 
27.9282 
27.8953 
27.7827 
27.695 
27.6954 
27.8873 
28.4688 
29.4971 
30.8585 
32.3732 
33.8283 
35.0189 
35.7891 
36.0577 
35.8054 
35.0917 
34.0791 
32.9619 
31.9103 
31.0498 
30.4387 
30.0758 
29.9333 
29.9921 
30.1874 
30.3928 
30.5247 
30.5558 
30.4767 
30.2776 
29.9344 
29.4273 
28.7566 
27.9636 
27.1655 
26.6068 
26.5676 
27.1717 
28.3971 
30.1208 
32.0866 
33.9389 
35.3095 
35.9487 
35.7813 
34.8865 
33.5281 
32.0994 
30.9836 
30.3698 
30.2145 
30.4535 
30.9869 
31.5056 
31.6641 
31.3314 
30.5404 
29.4322 
28.2744 
27.4167 
27.1492 
27.5729 
28.6415 
30.1854 
31.9211 
33.5426 
34.8111 
35.6082 
35.9173 
35.7549 
35.258 
34.7147 
34.331 
34.143 
34.1167 
34.2273 
34.4487 
34.7107 
34.9197 
35.0035 
34.9368 
34.6986 
34.2539 
33.6047 
32.8031 
31.9412 
31.1471 
30.5589 
30.274 
30.3221 
30.6699 
31.2069 
31.7696 
32.2045 
32.4393 
32.491 
32.3846 
32.1531 
31.8668 
31.5893 
31.3422 
31.1035 
30.8199 
30.4421 
29.9597 
29.4129 
28.8884 
28.5008 
28.3434 
28.4509 
28.8343 
29.4795 
30.287 
31.0925 
31.7299 
32.0952 
32.1685 
31.958 
31.4983 
30.8871 
30.2523 
29.7054 
29.3224 
29.1383 
29.1609 
29.3739 
29.7294 
30.1638 
30.6087 
30.9887 
31.2201 
31.2351 
31.0098 
30.5555 
29.9204 
29.2015 
28.5289 
28.0344 
27.8068 
27.8726 
28.2188 
28.7894 
29.4837 
30.1967 
30.8566 
31.4332 
31.9234 
32.3305 
32.6582 
32.8883 
32.973 
32.8775 
32.6011 
32.1792 
31.7802 
31.6657 
31.9647 
32.6751 
33.7383 
34.9653 
36.0022 
36.5062 
36.3404 
35.432 
33.7655 
31.6455 
29.5971 
28.0694 
27.2987 
27.341 
28.0482 
29.033 
29.927 
30.5581 
30.8953 
31.0156 
31.0659 
31.1842 
31.4332 
31.7836 
32.1324 
32.3547 
32.368 
32.1492 
31.7316 
31.2267 
30.7992 
30.57 
30.5668 
30.7842 
31.1722 
31.5667 
31.7911 
31.7783 
31.4983 
30.9536 
30.2976 
29.7811 
29.589 
29.7797 
30.3051 
31.0106 
31.6865 
32.1712 
32.3902 
32.32 
32.0993 
31.988 
32.0549 
32.2939 
32.7276 
33.222 
33.5568 
33.5978 
33.3114 
32.7502 
32.0811 
31.5284 
31.2503 
31.2948 
31.6343 
32.1743 
32.7797 
33.3429 
33.8116 
34.1743 
34.4329 
34.5894 
34.6454 
34.6004 
34.4552 
34.2194 
33.9182 
33.5903 
33.2769 
33.0076 
32.7927 
32.621 
32.4636 
32.2812 
32.0341 
31.688 
31.2196 
30.6229 
29.9114 
29.1204 
28.3124 
27.5828 
27.0886 
27.0019 
27.3985 
28.2626 
29.5086 
30.9629 
32.3996 
33.6172 
34.502 
35.0386 
35.2654 
35.2149 
34.9901 
34.7805 
34.6785 
34.651 
34.6275 
34.5392 
34.3527 
34.0808 
33.783 
33.552 
33.464 
33.5437 
33.7518 
33.9551 
34.0058 
33.8498 
33.5068 
33.0607 
32.6719 
32.4931 
32.5843 
32.9859 
33.7277 
34.7 
35.6783 
36.4342 
36.8155 
36.7766 
36.343 
35.614 
34.7615 
33.9714 
33.3959 
33.1231 
33.1777 
33.5374 
34.1249 
34.8153 
35.464 
35.9307 
36.1499 
36.1526 
35.9707 
35.6507 
35.3386 
35.2009 
35.3089 
35.6905 
36.3419 
37.1178 
37.7092 
37.8082 
37.2935 
36.1976 
34.6666 
32.9813 
31.5 
30.5532 
30.3338 
30.8924 
32.1526 
33.8577 
35.6181 
37.0394 
37.8724 
38.0693 
37.6494 
36.6987 
35.4673 
34.2796 
33.3972 
32.9576 
32.9949 
33.4388 
34.0927 
34.7322 
35.2065 
35.4655 
35.5395 
35.4646 
35.2833 
35.0607 
34.827 
34.5814 
34.3242 
34.1025 
34.0119 
34.1101 
34.4279 
34.9817 
35.714 
36.4254 
36.8534 
36.8753 
36.4142 
35.4154 
34.037 
32.5553 
31.2376 
30.2987 
29.7998 
29.681 
29.8981 
30.4104 
31.1192 
31.9228 
32.7571 
33.5774 
34.3286 
34.9327 
35.3114 
35.4688 
35.4905 
35.426 
35.3181 
35.2492 
35.2627 
35.3888 
35.6543 
35.9946 
36.2736 
36.3814 
36.2805 
35.9736 
35.4887 
34.9028 
34.3188 
33.8249 
33.4702 
33.2556 
33.1315 
33.0091 
32.8094 
32.5237 
32.2386 
32.0719 
32.0798 
32.3378 
32.9576 
33.9053 
34.993 
35.9951 
36.7118 
37.026 
36.906 
36.4063 
35.6806 
34.9 
34.1752 
33.5645 
33.1158 
32.8763 
32.8726 
33.1656 
33.8449 
34.8944 
36.1661 
37.4185 
38.353 
38.7964 
38.7858 
38.3791 
37.6832 
36.994 
36.5819 
36.5132 
36.7709 
37.2671 
37.7731 
38.0741 
38.0981 
37.843 
37.3601 
36.8005 
36.3353 
36.0543 
35.944 
35.9128 
35.857 
35.7202 
35.5126 
35.3096 
35.2028 
35.2336 
35.451 
35.9275 
36.6333 
37.4312 
38.17 
38.7411 
39.0982 
39.2324 
39.1452 
38.865 
38.4445 
37.9103 
37.261 
36.5002 
35.6579 
34.8057 
34.0543 
33.5277 
33.314 
33.4402 
33.8727 
34.5035 
35.1802 
35.7599 
36.1427 
36.2833 
36.174 
35.8743 
35.526 
35.2651 
35.1658 
35.2509 
35.5194 
35.9499 
36.4826 
37.0393 
37.5456 
37.9282 
38.1297 
38.1281 
37.9043 
37.4367 
36.765 
36.0034 
35.3103 
34.8719 
34.8376 
35.2588 
36.1053 
37.2615 
38.5254 
39.6679 
40.5078 
40.983 
41.1251 
40.9614 
40.5274 
39.9137 
39.2228 
38.5345 
37.9074 
37.3886 
37.0224 
36.829 
36.7942 
36.9047 
37.1413 
37.4527 
37.7838 
38.1054 
38.4128 
38.7211 
39.054 
39.4255 
39.8295 
40.2361 
40.5927 
40.8398 
40.9369 
40.8718 
40.6514 
40.2989 
39.8455 
39.3149 
38.7203 
38.0736 
37.3983 
36.7406 
36.1691 
35.7633 
35.5808 
35.6399 
35.9316 
36.4058 
36.9471 
37.3984 
37.6364 
37.6192 
37.3307 
36.7735 
36.0402 
35.2843 
34.6458 
34.2217 
34.059 
34.1691 
34.5438 
35.1622 
36.0035 
37.0484 
38.2562 
39.5382 
40.7454 
41.686 
42.2147 
42.2957 
41.9319 
41.1875 
40.2972 
39.6304 
39.5013 
40.0199 
41.1355 
42.6513 
44.2154 
45.3824 
45.7837 
45.2905 
43.958 
41.9957 
39.7707 
37.7068 
36.1701 
35.3184 
35.0991 
35.4522 
36.291 
37.3798 
38.4322 
39.2398 
39.7208 
39.9348 
40.0652 
40.3634 
41.0452 
42.1842 
43.665 
45.1953 
46.3675 
46.8457 
46.5093 
45.317 
43.3022 
40.7716 
38.2112 
36.0647 
34.639 
34.0803 
34.4157 
35.521 
37.1051 
38.8675 
40.5608 
41.9624 
42.9109 
43.3294 
43.2035 
42.6387 
41.8921 
41.2064 
40.7218 
40.5048 
40.5657 
40.8473 
41.2367 
41.6593 
42.1014 
42.5662 
43.0504 
43.5175 
43.8525 
43.9045 
43.603 
42.9623 
42.0619 
41.0602 
40.1581 
39.5302 
39.2699 
39.398 
39.8268 
40.3419 
40.7435 
40.9343 
40.8879 
40.6189 
40.1599 
39.5289 
38.723 
37.7343 
36.5677 
35.2845 
34.0361 
33.0386 
32.476 
32.4259 
32.8983 
33.8383 
35.0721 
36.3687 
37.5466 
38.5127 
39.2465 
39.7819 
40.1908 
40.5509 
40.918 
41.3199 
41.7587 
42.2135 
42.6393 
42.9682 
43.1352 
43.1117 
42.8766 
42.4191 
41.8071 
41.1842 
40.7146 
40.5189 
40.6366 
41.0834 
41.86 
42.8824 
43.9965 
45.0337 
45.8389 
46.3171 
46.4503 
46.2438 
45.7333 
45.049 
44.467 
44.3073 
44.716 
45.6733 
47.0472 
48.5458 
49.7394 
50.2502 
49.9299 
48.7194 
46.6603 
44.1558 
41.8401 
40.254 
39.6903 
40.2225 
41.7007 
43.6891 
45.658 
47.1302 
47.8313 
47.8065 
47.153 
46.0368 
44.8111 
43.765 
43.0384 
42.6947 
42.7416 
43.1131 
43.6738 
44.312 
44.9634 
45.5857 
46.1647 
46.7108 
47.244 
47.7731 
48.2746 
48.6503 
48.7663 
48.5612 
48.0365 
47.221 
46.2061 
45.1664 
44.3204 
43.8254 
43.7232 
44.0082 
44.6293 
45.4313 
46.2077 
46.7801 
47.0423 
46.9647 
46.5736 
45.9567 
45.2499 
44.6022 
44.1635 
44.0456 
44.2861 
44.8648 
45.6957 
46.605 
47.2895 
47.4173 
46.8449 
45.5896 
43.7609 
41.6025 
39.4799 
37.8183 
36.9449 
36.9736 
37.9861 
40.0673 
43.0405 
46.4712 
49.8437 
52.6665 
54.5713 
55.3717 
55.0274 
53.7034 
51.81 
49.7635 
47.8429 
46.2194 
44.9637 
44.0573 
43.4301 
43.0265 
42.8291 
42.8373 
43.0538 
43.4777 
44.0864 
44.8202 
45.5798 
46.2358 
46.6565 
46.756 
46.5097 
45.9535 
45.2105 
44.4727 
43.9399 
43.7487 
43.9405 
44.4766 
45.2306 
46.0231 
46.6954 
47.1492 
47.3458 
47.28 
47.0251 
46.7577 
46.6204 
46.652 
46.8927 
47.404 
48.156 
49.006 
49.7562 
50.2094 
50.243 
49.8233 
49.0019 
47.9519 
46.9321 
46.191 
45.8321 
45.7956 
46.0262 
46.4523 
46.8816 
47.1283 
47.1293 
46.8563 
46.3018 
45.5952 
45.0334 
44.9307 
45.4175 
46.4845 
48.0638 
49.9858 
51.9789 
53.7284 
54.9659 
55.6028 
55.722 
55.3885 
54.6698 
53.7316 
52.7408 
51.7802 
50.8637 
49.9825 
49.1391 
48.3803 
47.8152 
47.559 
47.6608 
48.1644 
49.1201 
50.4513 
51.9525 
53.3871 
54.5471 
55.2924 
55.618 
55.6326 
55.4048 
54.9709 
54.416 
53.8388 
53.3222 
52.9428 
52.7599 
52.7975 
53.0705 
53.5828 
54.2732 
55.0227 
55.7017 
56.1995 
56.4596 
56.4811 
56.2752 
55.8616 
55.2866 
54.603 
53.8555 
53.0857 
52.3426 
51.691 
51.2404 
51.1183 
51.384 
52.0337 
53.0269 
54.2571 
55.5354 
56.6123 
57.2574 
57.3456 
56.8483 
55.832 
54.5146 
53.2079 
52.1796 
51.5638 
51.3326 
51.3259 
51.3698 
51.2895 
50.8604 
49.9659 
48.683 
47.2321 
45.9258 
45.0647 
44.8297 
45.2701 
46.3353 
47.8604 
49.6057 
51.3409 
52.8904 
54.148 
55.0705 
55.6718 
56.0052 
56.1188 
56.0281 
55.7636 
55.3897 
54.9466 
54.4405 
53.8711 
53.2368 
52.5447 
51.8237 
51.1327 
50.5542 
50.184 
50.099 
50.3258 
50.8532 
51.6421 
52.6296 
53.7458 
54.921 
56.0792 
57.1249 
57.9358 
58.39 
58.4159 
57.9964 
57.1788 
56.1236 
55.0765 
54.286 
53.8814 
53.841 
54.1242 
54.6681 
55.3177 
55.906 
56.3261 
56.5308 
56.5144 
56.3053 
55.9431 
55.4406 
54.7907 
54.0033 
53.1474 
52.3756 
51.8923 
51.8558 
52.3164 
53.216 
54.3625 
55.4831 
56.3483 
56.8543 
57.0108 
56.8515 
56.4424 
55.907 
55.3287 
54.7295 
54.1122 
53.4797 
52.8683 
52.4107 
52.2895 
52.5896 
53.3082 
54.4069 
55.774 
57.2144 
58.4984 
59.4394 
59.9701 
60.1284 
59.9534 
59.5212 
59.0092 
58.6003 
58.3884 
58.3699 
58.5297 
58.7953 
58.9935 
59.0187 
58.7793 
58.1769 
57.3209 
56.4521 
55.8068 
55.5732 
55.8182 
56.513 
57.5051 
58.448 
58.9778 
58.9412 
58.235 
56.7929 
54.9088 
53.1487 
51.9913 
51.6602 
52.1967 
53.4855 
55.1627 
56.7419 
57.8372 
58.2567 
57.9634 
57.1626 
56.3435 
55.8968 
55.9256 
56.4537 
57.4317 
58.5831 
59.4978 
59.8791 
59.6351 
58.818 
57.6326 
56.4192 
55.4967 
54.9986 
54.8864 
55.1133 
55.6205 
56.2631 
56.868 
57.2842 
57.4566 
57.4472 
57.3044 
57.093 
56.9416 
56.9214 
57.2142 
58.1898 
60.0593 
62.8062 
66.2962 
70.2491 
74.2588 
77.8819 
80.7609 
82.7211 
83.8013 
84.2237 
84.3081 
84.3642 
84.6132 
85.1528 
85.9519 
86.8801 
87.7763 
88.5122 
89.0244 
89.3227 
89.4759 
89.5756 
89.6949 
89.863 
90.026 
90.0758 
89.9572 
89.6629 
89.1946 
88.5875 
87.9144 
87.2608 
86.6992 
86.279 
86.0303 
85.9674 
86.0935 
86.3975 
86.8371 
87.3365 
87.8029 
88.1576 
88.3662 
88.4505 
88.482 
88.5563 
88.7549 
89.1179 
89.636 
90.2668 
90.9631 
91.6834 
92.368 
92.9091 
93.1903 
93.1576 
92.729 
91.7806 
90.3706 
88.7969 
87.4813 
86.7824 
86.8377 
87.7288 
89.4942 
91.8467 
94.241 
96.1433 
97.2611 
97.5905 
97.1875 
96.1908 
94.9619 
93.9362 
93.4065 
93.4631 
94.0638 
95.0341 
96.0706 
96.8767 
97.2833 
97.2464 
96.8348 
96.2436 
95.6864 
95.2836 
95.0464 
94.8781 
94.5958 
93.9832 
92.8695 
91.1976 
89.0511 
86.6537 
84.3528 
82.5723 
81.6548 
81.7283 
82.871 
85.1264 
88.2315 
91.6617 
94.8652 
97.4072 
99.0524 
99.7287 
99.4346 
98.3965 
97.1248 
96.0302 
95.2859 
94.9579 
95.0523 
95.4658 
95.9801 
96.4281 
96.7403 
96.8865 
96.8248 
96.6388 
96.5673 
96.6992 
97.0151 
97.5341 
98.2519 
99.1301 
100.094 
101.023 
101.767 
102.195 
102.249 
101.918 
101.246 
100.375 
99.5103 
98.8425 
98.4686 
98.3821 
98.5572 
98.9582 
99.5236 
100.219 
101.074 
102.149 
103.486 
105.085 
106.874 
108.674 
110.235 
111.312 
111.751 
111.51 
110.641 
109.315 
107.766 
106.212 
104.81 
103.641 
102.736 
102.116 
101.792 
101.744 
101.961 
102.417 
103.015 
103.536 
103.722 
103.459 
102.748 
101.628 
100.26 
98.9717 
98.1444 
98.025 
98.6812 
100.023 
101.757 
103.481 
104.865 
105.755 
106.21 
106.464 
106.822 
107.532 
108.695 
110.24 
111.951 
113.554 
114.826 
115.656 
116.012 
115.894 
115.383 
114.641 
113.763 
112.756 
111.623 
110.409 
109.237 
108.296 
107.748 
107.654 
108.013 
108.765 
109.715 
110.609 
111.257 
111.569 
111.532 
111.253 
110.946 
110.741 
110.622 
110.504 
110.299 
109.984 
109.664 
109.518 
109.641 
110.1 
110.956 
112.102 
113.14 
113.558 
113.116 
111.829 
109.883 
107.714 
105.932 
104.974 
104.915 
105.707 
107.192 
108.961 
110.574 
111.797 
112.654 
113.354 
114.132 
115.107 
116.242 
117.366 
118.251 
118.759 
118.886 
118.665 
118.141 
117.395 
116.481 
115.404 
114.155 
112.741 
111.236 
109.818 
108.739 
108.177 
108.154 
108.65 
109.583 
110.683 
111.585 
112.071 
112.139 
111.827 
111.234 
110.7 
110.638 
111.215 
112.408 
114.084 
115.972 
117.704 
118.913 
119.357 
118.962 
117.795 
116.093 
114.277 
112.907 
112.489 
113.214 
115.02 
117.649 
120.615 
123.314 
125.203 
125.96 
125.5 
123.986 
121.893 
119.781 
118.068 
116.963 
116.496 
116.635 
117.194 
117.82 
118.302 
118.614 
118.759 
118.742 
118.54 
118.112 
117.443 
116.576 
115.618 
114.724 
114.065 
113.761 
113.849 
114.296 
114.966 
115.617 
116.013 
116.034 
115.66 
114.985 
114.312 
113.981 
114.132 
114.972 
116.809 
119.554 
122.671 
125.45 
127.21 
127.548 
126.362 
123.837 
120.579 
117.452 
115.179 
113.998 
113.701 
114.106 
114.991 
115.86 
116.308 
116.231 
115.683 
114.852 
113.999 
113.265 
112.606 
111.85 
110.851 
109.593 
108.216 
106.974 
106.119 
105.787 
106.011 
106.637 
107.233 
107.395 
107.005 
106.102 
104.826 
103.416 
102.068 
101.104 
100.818 
100.98 
101.236 
101.4 
101.161 
100.361 
99.3036 
98.2503 
97.2948 
96.5753 
96.1768 
96.1095 
96.3624 
96.9001 
97.6132 
98.3505 
98.9737 
99.387 
99.5478 
99.4487 
99.158 
98.8804 
98.8283 
99.0781 
99.6247 
100.43 
101.393 
102.345 
103.079 
103.433 
103.347 
102.802 
101.825 
100.589 
99.3852 
98.5152 
98.1945 
98.4925 
99.403 
100.848 
102.611 
104.389 
105.901 
106.952 
107.488 
107.56 
107.202 
106.454 
105.422 
104.254 
103.087 
102.026 
101.131 
100.417 
99.8532 
99.3794 
98.9371 
98.5092 
98.1744 
98.0718 
98.2717 
98.7809 
99.5869 
100.627 
101.784 
102.927 
103.946 
104.778 
105.393 
105.78 
105.959 
105.975 
105.852 
105.608 
105.302 
105.004 
104.766 
104.604 
104.501 
104.41 
104.285 
104.103 
103.875 
103.642 
103.474 
103.436 
103.55 
103.804 
104.077 
104.163 
103.956 
103.432 
102.57 
101.399 
100.04 
98.6964 
97.5971 
96.9327 
96.8138 
97.2709 
98.2793 
99.7533 
101.547 
103.47 
105.286 
106.735 
107.573 
107.646 
106.913 
105.435 
103.436 
101.267 
99.3202 
97.915 
97.1531 
96.9418 
97.2119 
97.8695 
98.6586 
99.2296 
99.2914 
98.7354 
97.5896 
95.9755 
94.1353 
92.4062 
91.1642 
90.6942 
91.0963 
92.4117 
94.6278 
97.4932 
100.562 
103.36 
105.484 
106.722 
107.064 
106.546 
105.244 
103.356 
101.136 
98.8072 
96.5431 
94.4621 
92.6361 
91.1845 
90.3354 
90.2592 
91.1554 
93.282 
96.6826 
101.238 
106.694 
112.628 
118.58 
124.189 
129.273 
133.796 
137.826 
141.493 
144.903 
148.099 
151.08 
153.838 
156.401 
158.854 
161.305 
163.82 
166.384 
168.864 
171.009 
172.545 
173.311 
173.269 
172.559 
171.554 
170.596 
169.835 
169.29 
168.88 
168.482 
168.019 
167.51 
167.103 
166.993 
167.261 
167.878 
168.716 
169.535 
170.08 
170.199 
169.853 
169.092 
168.068 
166.985 
165.999 
165.204 
164.655 
164.388 
164.426 
164.846 
165.746 
167.075 
168.608 
170.021 
170.982 
171.287 
170.879 
169.844 
168.456 
167.103 
166.16 
165.89 
166.378 
167.587 
169.39 
171.575 
173.875 
176.006 
177.581 
178.165 
177.546 
175.748 
172.968 
169.663 
166.5 
164.137 
162.872 
162.607 
163.225 
164.578 
166.322 
168.131 
169.864 
171.506 
173.015 
174.198 
174.796 
174.684 
173.697 
171.599 
168.534 
165.101 
162.03 
159.931 
159.139 
159.739 
161.549 
164.044 
166.596 
168.729 
170.214 
171.064 
171.408 
171.315 
171.019 
170.89 
170.974 
171.17 
171.428 
171.647 
171.785 
171.928 
172.269 
173.052 
174.464 
176.525 
179.047 
181.657 
183.874 
185.258 
185.559 
184.714 
182.82 
180.198 
177.316 
174.628 
172.461 
170.962 
170.092 
169.666 
169.502 
169.533 
169.692 
169.875 
170.097 
170.448 
170.959 
171.585 
172.214 
172.726 
173.057 
173.198 
173.067 
172.755 
172.68 
173.047 
173.818 
174.963 
176.344 
177.678 
178.59 
178.788 
178.175 
176.816 
174.935 
172.883 
171.038 
169.727 
169.101 
169.112 
169.699 
170.777 
172.116 
173.448 
174.554 
175.275 
175.536 
175.34 
174.797 
174.275 
174.218 
174.81 
176.199 
178.499 
181.545 
184.995 
188.499 
191.699 
194.219 
195.735 
196.283 
196.254 
195.871 
195.326 
194.975 
194.993 
195.488 
196.572 
198.064 
199.566 
200.638 
200.916 
200.271 
198.764 
196.624 
194.245 
192.051 
190.357 
189.293 
188.84 
188.946 
189.447 
190.068 
190.733 
191.61 
192.9 
194.671 
196.784 
198.917 
200.565 
201.201 
200.589 
198.707 
195.677 
191.945 
188.208 
185.126 
183.107 
182.3 
182.719 
184.004 
185.304 
185.958 
185.802 
184.795 
183.031 
180.98 
179.332 
178.487 
178.415 
179.011 
180.084 
181.118 
181.627 
181.453 
180.515 
178.745 
176.375 
173.864 
171.661 
170.111 
169.396 
169.562 
170.512 
171.973 
173.629 
175.265 
176.785 
178.178 
179.458 
180.632 
181.669 
182.446 
182.816 
182.707 
182.079 
180.934 
179.461 
177.98 
176.772 
175.984 
175.601 
175.47 
175.371 
175.129 
174.666 
174.031 
173.348 
172.651 
171.792 
170.434 
168.114 
164.426 
159.201 
152.589 
145.079 
137.443 
130.496 
124.809 
120.57 
117.559 
115.255 
113.101 
110.759 
108.187 
105.625 
103.519 
102.284 
102.113 
103.039 
104.948 
107.462 
110.026 
112.091 
113.307 
113.594 
112.97 
111.552 
109.689 
107.836 
106.354 
105.398 
104.897 
104.591 
104.162 
103.375 
102.152 
100.595 
98.9459 
97.4996 
96.4924 
96.0426 
96.1742 
96.7606 
97.397 
97.6407 
97.3261 
96.4419 
94.9908 
93.047 
90.7774 
88.3981 
86.1105 
84.0455 
82.2554 
80.748 
79.5108 
78.5269 
77.793 
77.3175 
77.1081 
77.1678 
77.4799 
77.8294 
77.8819 
77.4817 
76.4907 
74.7844 
72.4972 
69.9469 
67.4586 
65.2794 
63.5445 
62.2729 
61.377 
60.6908 
60.0384 
59.2982 
58.4268 
57.4597 
56.4859 
55.5965 
54.8474 
54.2523 
53.7814 
53.3689 
52.9294 
52.3806 
51.6616 
50.7446 
49.6383 
48.3873 
47.0663 
45.7653 
44.5689 
43.5383 
42.7007 
42.0472 
41.5418 
41.1415 
40.8129 
40.5354 
40.2942 
40.0691 
39.8246 
39.5092 
39.065 
38.4447 
37.6252 
36.6136 
35.4464 
34.1851 
32.9048 
31.6814 
30.5837 
29.6694 
28.9785 
28.5229 
28.2811 
28.1994 
28.1983 
28.1809 
28.0473 
27.7182 
27.1606 
26.3972 
25.5078 
24.6166 
23.8567 
23.3237 
23.043 
22.9913 
23.1524 
23.5117 
24.0231 
24.6124 
25.1814 
25.6102 
25.7988 
25.7079 
25.31 
24.5855 
23.613 
22.556 
21.5742 
20.7664 
20.1491 
19.6571 
19.1644 
18.5483 
17.762 
16.8645 
16.0106 
15.3998 
15.1232 
15.1169 
15.32 
15.6649 
16.011 
16.2518 
16.3742 
16.4437 
16.5703 
16.8397 
17.2625 
17.765 
18.2135 
18.4923 
18.5601 
18.4145 
18.0859 
17.6637 
17.2466 
16.88 
16.5402 
16.1522 
15.6402 
14.9787 
14.2095 
13.4298 
12.7519 
12.2574 
11.9717 
11.8593 
11.8348 
11.7948 
11.6573 
11.3903 
11.0207 
10.6319 
10.3467 
10.2684 
10.4322 
10.8134 
11.3253 
11.834 
12.2096 
12.3712 
12.2955 
12.0032 
11.5566 
11.0346 
10.4964 
9.9695 
9.44338 
8.88573 
8.28368 
7.65819 
7.05932 
6.5644 
6.25902 
6.20019 
6.40408 
6.84294 
7.42155 
7.99015 
8.38448 
8.48298 
8.24613 
7.701 
6.94299 
6.12458 
5.4054 
4.9068 
4.68813 
4.76097 
5.05713 
5.4108 
5.658 
5.70459 
5.52095 
5.12614 
4.5826 
3.98083 
3.40651 
2.92118 
2.55297 
2.29513 
2.11494 
1.97396 
1.84441 
1.71263 
1.57521 
1.43592 
1.3017 
1.17632 
1.05815 
0.941512 
0.819467 
0.687941 
0.547667 
0.404941 
0.271208 
0.158995 
0.0768496 
0.0269322 
0.00468941 
0 
0 
0 
0 
0 
0 
0 
0 
0 
0 
0 
0 
0 
0 
0 
0 
0 
0 
0 
0 
0 
0 
0 
0 
0 
0 
0 
0 
0 
0 
0 
0 
0 
0 
0 
0 
0 
0 
0 
0 
0 
0 
0 
0 
0 
0 
0 
0 
0 
0 
0 
0 
0 
0 
0 
0 
0 
0 
0 
0 
0 
0 
0 
0 
0 
0 
0 
0 
0 
0 
0 
0 
0 
0 
0 
0 
0 
0 
0 
0 
0 
0 
0 
0 
0 
0 
0 
0 
0 
0 
0 
0 
0 
0 
0 
0 
0 
0 
0 
0 
0 
0 
0 
0 
0 
0 
0 
0 
0 
0 
0 
0 
0 
0 
0 
0 
0 
0 
0 
0 
0 
0 
0 
0 
0 
0 
0 
0 
0 
0 
0 
0 
0 
0 
0 
0 
0 
0 
0 
0 
0 
0 
0 
0 
0 
0 
0 
0 
0 
0 
0 
0 
0 
0 
0 
0 
0 
0 
0 
0 
0 
0 
0 
0 
0 
0 
0 
0 
0 
0 
0 
0 
0 
0 
0 
0 
0 
0 
0 
0 
0 
0 
0 
0 
0 
0 
0 
0 
0 
0 
0 
0 
0 
0 
0 
0 
0 
0 
0 
0 
0 
0 
0 
0 
0 
0 
0 
0 
0 
0 
0 
0 
0 
0 
0 
0 
0 
0 
0 
0 
0 
0 
0 
0 
0 
0 
0 
0 
0 
0 
0 
0 
0 
0 
0 
0 
0 
0 
0 
0 
0 
0 
0 
0 
0 
0 
0 
0 
0 
0 
0 
0 
0 
0 
0 
0 
0 
0 
0 
0 
0 
0 
0 
0 
0 
0 
0 
0 
0 
0 
0 
0 
0 
0 
0 
0 
0 
0 
0 
0 
0 
0 
0 
0 
0 
0 
0 
0 
0 
0 
0 
0 
0 
0 
0 
0 
0 
0 
0 
0 
0 
0 
0 
0 
0 
0 
0 
0 
0 
0 
0 
0 
0 
0 
0 
0 
0 
0 
0 
0 
0 
0 
0 
0 
0 
0 
0 
0 
0 
0 
0 
0 
0 
0 
0 
0 
0 
0 
0 
0 
0 
0 
0 
0 
0 
0 
0 
0 
0 
0 
0 
0 
0 
0 
0 
0 
0 
0 
0 
0 
0 
0 
0 
0 
0 
0 
0 
0 
0 
0 
0 
0 
0 
0 
0 
0 
0 
0 
0 
0 
0 
0 
0 
0 
0 
0 
0 
0 
0 
0 
0 
0 
0 
0 
0 
0 
0 
0 
0 
0 
0 
0 
0 
0 
0 
0 
0 
0 
0 
0 
0 
0 
0 
0 
0 
0 
0 
0 
0 
0 
0 
0 
0 
0 
0 
0 
0 
0 
0 
0 
0 
0 
0 
0 
0 
0 
0 
0 
0 
0 
0 
0 
0 
0 
0 
0 
0 
0 
0 
0 
0 
0 
0 
0 
0 
0 
0 
0 
0 
0 
0 
0 
0 
0 
0 
0 
0 
0 
0 
0 
0 
0 
0 
0 
0 
0 
0 
0 
0 
0 
0 
0 
0 
0 
0 
0 
0 
0 
0 
0 
0 
0 
0 
0 
0 
0 
0 
0 
0 
0 
0 
0 
0 
0 
0 
0 
0 
0 
0 
0 
0 
0 
0 
0 
0 
0 
0 
0 
0 
0 
0 
0 
0 
0 
0 
0 
0 
0 
0 
0 
0 
0 
0 
0 
0 
0 
0 
0 
0 
0 
0 
0 
0 
0 
0 
0 
0 
0 
0 
0 
0 
0 
0 
0 
0 
0 
0 
0 
0 
0 
0 
0 
0 
0 
0 
0 
0 
0 
0 
0 
0 
0 
0 
0 
0 
0 
0 
0 
0 
0 
0 
0 
0 
0 
0 
0 
0 
0 
0 
0 
0 
0 
0 
0 
0 
0 
0 
0 
0 
0 
0 
0 
0 
0 
0 
0 
0 
0 
0 
0 
0 
0 
0 
0 
0 
0 
0 
0 
0 
0 
0 
0 
0 
0 
0 
0 
0 
0 
0 
0 
0 
0 
0 
0 
0 
0 
0 
0 
0 
0 
0 
0 
0 
0 
0 
0 
0 
0 
0 
0 
0 
0 
0 
0 
0 
0 
0 
0 
0 
0 
0 
0 
0 
0 
0 
0 
0 
0 
0 
0 
0 
0 
0 
0 
0 
0 
0 
0 
0 
0 
0 
0 
0 
0 
0 
0 
0 
0 
0 
0 
0 
0 
0 
0 
0 
0 
0 
0 
0 
0 
0 
0 
0 
0 
0 
0 
0 
0 
0 
0 
0 
0 
0 
0 
0 
0 
0 
0 
0 
0 
0 
0 
0 
0 
0 
0 
0 
0 
0 
0 
0 
0 
0 
0 
0 
0 
0 
0 
0 
0 
0 
0 
0 
0 
0 
0 
0 
0 
0 
0 
0 
0 
0 
0 
0 
0 
0 
0 
0 
0 
0 
0 
0 
0 
0 
0 
0 
0 
0 
0 
0 
0 
0 
0 
0 
0 
0 
0 
0 
0 
0 
0 
0 
0 
0 
0 
0 
0 
0 
0 
0 
0 
0 
0 
0 
0 
0 
0 
0 
0 
0 
0 
0 
0 
0 
0 
0 
0 
0 
0 
0 
0 
0 
0 
0 
0 
0 
0 
0 
0 
0 
0 
0 
0 
0 
0 
0 
0 
0 
0 
0 
0 
0 
0 
0 
0 
0 
0 
0 
0 
0 
0 
0 
0 
0 
0 
0 
0 
0 
0 
0 
0 
0 
0 
0 
0 
0 
0 
0 
0 
0 
0 
0 
0 
0 
0 
0 
0 
0 
0 
0 
0 
0 
0 
0 
0 
0 
0 
0 
0 
0 
0 
0 
0 
0 
0 
0 
0 
0 
0 
0 
0 
0 
0 
0 
0 
0 
0 
0 
0 
0 
0 
0 
0 
0 
0 
0 
0 
0 
0 
0 
0 
0 
0 
0 
0 
0 
0 
0 
0 
0 
0 
0 
0 
0 
0 
0 
0 
0 
0 
0 
0 
0 
0 
0 
0 
0 
0 
0 
0 
0 
0 
0 
0 
0 
0 
0 
0 
0 
0 
0 
0 
0 
0 
0 
0 
0 
0 
0 
0 
0 
0 
0 
0 
0 
0 
0 
0 
0 
0 
0 
0 
0 
0 
0 
0 
0 
0 
0 
0 
0 
0 
0 
0 
0 
0 
0 
0 
0 
0 
0 
0 
0 
0 
0 
0 
0 
0 
0 
0 
0 
0 
0 
0 
0 
0 
0 
0 
0 
0 
0 
0 
0 
0 
0 
0 
0 
0 
0 
0 
0 
0 
0 
0 
0 
0 
0 
0 
0 
0 
0 
0 
0 
0 
0 
0 
0 
0 
0 
0 
0 
0 
0 
0 
0 
0 
0 
0 
0 
0 
0 
0 
0 
0 
0 
0 
0 
0 
0 
0 
0 
0 
0 
0 
0 
0 
0 
0 
0 
0 
0 
0 
0 
0 
0 
0 
0 
0 
0 
0 
0 
0 
0 
0 
0 
0 
0 
0 
0 
0 
0 
0 
0 
0 
0 
0 
0 
0 
0 
0 
0 
0 
0 
0 
0 
0 
0 
0 
0 
0 
0 
0 
0 
0 
0 
0 
0 
0 
0 
0 
0 
0 
0 
0 
0 
0 
0 
0 
0 
0 
0 
0 
0 
0 
0 
0 
0 
0 
0 
0 
0 
0 
0 
0 
0 
0 
0 
0 
0 
0 
0 
0 
0 
0 
0 
0 
0 
0 
0 
0 
0 
0 
0 
0 
0 
0 
0 
0 
0 
0 
0 
0 
0 
0 
0 
0 
0 
0 
0 
0 
0 
0 
0 
0 
0 
0 
0 
0 
0 
0 
0 
0 
0 
0 
0 
0 
0 
0 
0 
0 
0 
0 
0 
0 
0 
0 
0 
0 
0 
0 
0 
0 
0 
0 
0 
0 
0 
0 
0 
0 
0 
0 
0 
0 
0 
0 
0 
0 
0 
0 
0 
0 
0 
0 
0 
0 
0 
0 
0 
0 
0 
0 
0 
0 
0 
0 
0 
0 
0 
0 
0 
0 
0 
0 
0 
0 
0 
0 
0 
0 
0 
0 
0 
0 
0 
0 
0 
0 
0 
0 
0 
0 
0 
0 
0 
0 
0 
0 
0 
0 
0 
0 
0 
0 
0 
0 
0 
0 
0 
0 
0 
0 
0 
0 
0 
0 
0 
0 
0 
0 
0 
0 
0 
0 
0 
0 
0 
0 
0 
0 
0 
0 
0 
0 
0 
0 
0 
0 
0 
0 
0 
0 
0 
0 
0 
0 
0 
0 
0 
0 
0 
0 
0 
0 
0 
0 
0 
0 
0 
0 
0 
0 
0 
0 
0 
0 
0 
0 
0 
0 
0 
0 
0 
0 
0 
0 
0 
0 
0 
0 
0 
0 
0 
0 
0 
0 
0 
0 
0 
0 
0 
0 
0 
0 
0 
0 
0 
0 
0 
0 
0 
0 
0 
0 
0 
0 
0 
0 
0 
0 
0 
0 
0 
0 
0 
0 
0 
0 
0 
0 
0 
0 
0 
0 
0 
0 
0 
0 
0 
0 
0 
0 
0 
0 
0 
0 
0 
0 
0 
0 
0 
0 
0 
0 
0 
0 
0 
0 
0 
0 
0 
0 
0 
0 
0 
0 
0 
0 
0 
0 
0 
0 
0 
0 
0 
0 
0 
0 
0 
0 
0 
0 
0 
0 
0 
0 
0 
0 
0 
0 
0 
0 
0 
0 
0 
0 
0 
0 
0 
0 
0 
0 
0 
0 
0 
0 
0 
0 
0 
0 
0 
0 
0 
0 
0 
0 
0 
0 
0 
0 
0 
0 
0 
0 
0 
0 
0 
0 
0 
0 
0 
0 
0 
0 
0 
0 
0 
0 
0 
0 
0 
0 
0 
0 
0 
0 
0 
0 
0 
0 
0 
0 
0 
0 
0 
0 
0 
0 
0 
0 
0 
0 
0 
0 
0 
0 
0 
0 
0 
0 
0 
0 
0 
0 
0 
0 
0 
0 
0 
0 
0 
0 
0 
0 
0 
0 
0 
0 
0 
0 
0 
0 
0 
0 
0 
0 
0 
0 
0 
0 
0 
0 
0 
0 
0 
0 
0 
0 
0 
0 
0 
0 
0 
0 
0 
0 
0 
0 
0 
0 
0 
0 
0 
0 
0 
0 
0 
0 
0 
0 
0 
0 
0 
0 
0 
0 
0 
0 
0 
0 
0 
0 
0 
0 
0 
0 
0 
0 
0 
0 
0 
0 
0 
0 
0 
0 
0 
0 
0 
0 
0 
0 
0 
0 
0 
0 
0 
0 
0 
0 
0 
0 
0 
0 
0 
0 
0 
0 
0 
0 
0 
0 
0 
0 
0 
0 
0 
0 
0 
0 
0 
0 
0 
0 
0 
0 
0 
0 
0 
0 
0 
0 
0 
0 
0 
0 
0 
0 
0 
0 
0 
0 
0 
0 
0 
0 
0 
0 
0 
0 
0 
0 
0 
0 
0 
0 
0 
0 
0 
0 
0 
0 
0 
0 
0 
0 
0 
0 
0 
0 
0 
0 
0 
0 
0 
0 
0 
0 
0 
0 
0 
0 
0 
0 
0 
0 
0 
0 
0 
0 
0 
0 
0 
0 
0 
0 
0 
0 
0 
0 
0 
0 
0 
0 
0 
0 
0 
0 
0 
0 
0 
0 
0 
0 
0 
0 
0 
0 
0 
0 
0 
0 
0 
0 
0 
0 
0 
0 
0 
0 
0 
0 
0 
0 
0 
0 
0 
0 
0 
0 
0 
0 
0 
0 
0 
0 
0 
0 
0 
0 
0 
0 
0 
0 
0 
0 
0 
0 
0 
0 
0 
0 
0 
0 
0 
0 
0 
0 
0 
0 
0 
0 
0 
0 
0 
0 
0 
0 
0 
0 
0 
0 
0 
0 
0 
0 
0 
0 
0 
0 
0 
0 
0 
0 
0 
0 
0 
0 
0 
0 
0 
0 
0 
0 
0 
0 
0 
0 
0 
0 
0 
0 
0 
0 
0 
0 
0 
0 
0 
0 
0 
0 
0 
0 
0 
0 
0 
0 
0 
0 
0 
0 
0 
0 
0 
0 
0 
0 
0 
0 
0 
0 
0 
0 
0 
0 
0 
0 
0 
0 
0 
0 
0 
0 
0 
0 
0 
0 
0 
0 
0 
0 
0 
0 
0 
0 
0 
0 
0 
0 
0 
0 
0 
0 
0 
0 
0 
0 
0 
0 
0 
0 
0 
0 
0 
0 
0 
0 
0 
0 
0 
0 
0 
0 
0 
0 
0 
0 
0 
0 
0 
0 
0 
0 
0 
0 
0 
0 
0 
0 
0 
0 
0 
0 
0 
0 
0 
0 
0 
0 
0 
0 
0 
0 
0 
0 
0 
0 
0 
0 
0 
0 
0 
0 
0 
0 
0 
0 
0 
0 
0 
0 
0 
0 
0 
0 
0 
0 
0 
0 
0 
0 
0 
0 
0 
0 
0 
0 
0 
0 
0 
0 
0 
0 
0 
0 
0 
0 
0 
0 
0 
0 
0 
0 
0 
0 
0 
0 
0 
0 
0 
0 
0 
0 
0 
0 
0 
0 
0 
0 
0 
0 
0 
0 
0 
0 
0 
0 
0 
0 
0 
0 
0 
0 
0 
0 
0 
0 
0 
0 
0 
0 
0 
0 
0 
0 
0 
0 
0 
0 
0 
0 
0 
0 
0 
0 
0 
0 
0 
0 
0 
0 
0 
0 
0 
0 
0 
0 
0 
0 
0 
0 
0 
0 
0 
0 
0 
0 
0 
0 
0 
0 
0 
0 
0 
0 
0 
0 
0 
0 
0 
0 
0 
0 
0 
0 
0 
0 
0 
0 
0 
0 
0 
0 
0 
0 
0 
0 
0 
0 
0 
0 
0 
0 
0 
0 
0 
0 
0 
0 
0 
0 
0 
0 
0 
0 
0 
0 
0 
0 
0 
0 
0 
0 
0 
0 
0 
0 
0 
0 
0 
0 
0 
0 
0 
0 
0 
0 
0 
0 
0 
0 
0 
0 
0 
0 
0 
0 
0 
0 
0 
0 
0 
0 
0 
0 
0 
0 
0 
0 
0 
0 
0 
0 
0 
0 
0 
0 
0 
0 
0 
0 
0 
0 
0 
0 
0 
0 
0 
0 
0 
0 
0 
0 
0 
0 
0 
0 
0 
0 
0 
0 
0 
0 
0 
0 
0 
0 
0 
0 
0 
0 
0 
0 
0 
0 
0 
0 
0 
0 
0 
0 
0 
0 
0 
0 
0 
0 
0 
0 
0 
0 
0 
0 
0 
0 
0 
0 
0 
0 
0 
0 
0 
0 
0 
0 
0 
0 
0 
0 
0 
0 
0 
0 
0 
0 
0 
0 
0 
0 
0 
0 
0 
0 
0 
0 
0 
0 
0 
0 
0 
0 
0 
0 
0 
0 
0 
0 
0 
0 
0 
0 
0 
0 
0 
0 
0 
0 
0 
0 
0 
0 
0 
0 
0 
0 
0 
0 
0 
0 
0 
0 
0 
0 
0 
0 
0 
0 
0 
0 
0 
0 
0 
0 
0 
0 
0 
0 
0 
0 
0 
0 
0 
0 
0 
0 
0 
0 
0 
0 
0 
0 
0 
0 
0 
0 
0 
0 
0 
0 
0 
0 
0 
0 
0 
0 
0 
0 
0 
0 
0 
0 
0 
0 
0 
0 
0 
0 
0 
0 
0 
0 
0 
0 
0 
0 
0 
0 
0 
0 
0 
0 
0 
0 
0 
0 
0 
0 
0 
0 
0 
0 
0 
0 
0 
0 
0 
0 
0 
0 
0 
0 
0 
0 
0 
0 
0 
0 
0 
0 
0 
0 
0 
0 
0 
0 
0 
0 
0 
0 
0 
0 
0 
0 
0 
0 
0 
0 
0 
0 
0 
0 
0 
0 
0 
0 
0 
0 
0 
0 
0 
0 
0 
0 
0 
0 
0 
0 
0 
0 
0 
0 
0 
0 
0 
0 
0 
0 
0 
0 
0 
0 
0 
0 
0 
0 
0 
0 
0 
0 
0 
0 
0 
0 
0 
0 
0 
0 
0 
0 
0 
0 
0 
0 
0 
0 
0 
0 
0 
0 
0 
0 
0 
0 
0 
0 
0 
0 
0 
0 
0 
0 
0 
0 
0 
0 
0 
0 
0 
0 
0 
0 
0 
0 
0 
0 
0 
0 
0 
0 
0 
0 
0 
0 
0 
0 
0 
0 
0 
0 
0 
0 
0 
0 
0 
0 
0 
0 
0 
0 
0 
0 
0 
0 
0 
0 
0 
0 
0 
0 
0 
0 
0 
0 
0 
0 
0 
0 
0 
0 
0 
0 
0 
0 
0 
0 
0 
0 
0 
0 
0 
0 
0 
0 
0 
0 
0 
0 
0 
0 
0 
0 
0 
0 
0 
0 
0 
0 
0 
0 
0 
0 
0 
0 
0 
0 
0 
0 
0 
0 
0 
0 
0 
0 
0 
0 
0 
0 
0 
0 
0 
0 
0 
0 
0 
0 
0 
0 
0 
0 
0 
0 
0 
0 
0 
0 
0 
0 
0 
0 
0 
0 
0 
0 
0 
0 
0 
0 
0 
0 
0 
0 
0 
0 
0 
0 
0 
0 
0 
0 
0 
0 
0 
0 
0 
0 
0 
0 
0 
0 
0 
0 
0 
0 
0 
0 
0 
0 
0 
0 
0 
0 
0 
0 
0 
0 
0 
0 
0 
0 
0 
0 
0 
0 
0 
0 
0 
0 
0 
0 
0 
0 
0 
0 
0 
0 
0 
0 
0 
0 
0 
0 
0 
0 
0 
0 
0 
0 
0 
0 
0 
0 
0 
0 
0 
0 
0 
0 
0 
0 
0 
0 
0 
0 
0 
0 
0 
0 
0 
0 
0 
0 
0 
0 
0 
0 
0 
0 
0 
0 
0 
0 
0 
0 
0 
0 
0 
0 
0 
0 
0 
0 
0 
0 
0 
0 
0 
0 
0 
0 
0 
0 
0 
0 
0 
0 
0 
0 
0 
0 
0 
0 
0 
0 
0 
0 
0 
0 
0 
0 
0 
0 
0 
0 
0 
0 
0 
0 
0 
0 
0 
0 
0 
0 
0 
0 
0 
0 
0 
0 
0 
0 
0 
0 
0 
0 
0 
0 
0 
0 
0 
0 
0 
0 
0 
0 
0 
0 
0 
0 
0 
0 
0 
0 
0 
0 
0 
0 
0 
0 
0 
0 
0 
0 
0 
0 
0 
0 
0 
0 
0 
0 
0 
0 
0 
0 
0 
0 
0 
0 
0 
0 
0 
0 
0 
0 
0 
0 
0 
0 
0 
0 
0 
0 
0 
0 
0 
0 
0 
0 
0 
0 
0 
0 
0 
0 
0 
0 
0 
0 
0 
0 
0 
0 
0 
0 
0 
0 
0 
0 
0 
0 
0 
0 
0 
0 
0 
0 
0 
0 
0 
0 
0 
0 
0 
0 
0 
0 
0 
0 
0 
0 
0 
0 
0 
0 
0 
0 
0 
0 
0 
0 
0 
0 
0 
0 
0 
0 
0 
0 
0 
0 
0 
0 
0 
0 
0 
0 
0 
0 
0 
0 
0 
0 
0 
0 
0 
0 
0 
0 
0 
0 
0 
0 
0 
0 
0 
0 
0 
0 
0 
0 
0 
0 
0 
0 
0 
0 
0 
0 
0 
0 
0 
0 
0 
0 
0 
0 
0 
0 
0 
0 
0 
0 
0 
0 
0 
0 
0 
0 
0 
0 
0 
0 
0 
0 
0 
0 
0 
0 
0 
0 
0 
0 
0 
0 
0 
0 
0 
0 
0 
0 
0 
0 
0 
0 
0 
0 
0 
0 
0 
0 
0 
0 
0 
0 
0 
0 
0 
0 
0 
0 
0 
0 
0 
0 
0 
0 
0 
0 
0 
0 
0 
0 
0 
0 
0 
0 
0 
0 
0 
0 
0 
0 
0 
0 
0 
0 
0 
0 
0 
0 
0 
0 
0 
0 
0 
0 
0 
0 
0 
0 
0 
0 
0 
0 
0 
0 
0 
0 
0 
0 
0 
0 
0 
0 
0 
0 
0 
0 
0 
0 
0 
0 
0 
0 
0 
0 
0 
0 
0 
0 
0 
0 
0 
0 
0 
0 
0 
0 
0 
0 
0 
0 
0 
0 
0 
0 
0 
0 
0 
0 
0 
0 
0 
0 
0 
0 
0 
0 
0 
0 
0 
0 
0 
0 
0 
0 
0 
0 
0 
0 
0 
0 
0 
0 
0 
0 
0 
0 
0 
0 
0 
0 
0 
0 
0 
0 
0 
0 
0 
0 
0 
0 
0 
0 
0 
0 
0 
0 
0 
0 
0 
0 
0 
0 
0 
0 
0 
0 
0 
0 
0 
0 
0 
0 
0 
0 
0 
0 
0 
0 
0 
0 
0 
0 
0 
0 
0 
0 
0 
0 
0 
0 
0 
0 
0 
0 
0 
0 
0 
0 
0 
0 
0 
0 
0 
0 
0 
0 
0 
0 
0 
0 
0 
0 
0 
0 
0 
0 
0 
0 
0 
0 
0 
0 
0 
0 
0 
0 
0 
0 
0 
0 
0 
0 
0 
0 
0 
0 
0 
0 
0 
0 
0 
0 
0 
0 
0 
0 
0 
0 
0 
0 
0 
0 
0 
0 
0 
0 
0 
0 
0 
0 
0 
0 
0 
0 
0 
0 
0 
0 
0 
0 
0 
0 
0 
0 
0 
0 
0 
0 
0 
0 
0 
0 
0 
0 
0 
0 
0 
0 
0 
0 
0 
0 
0 
0 
0 
0 
0 
0 
0 
0 
0 
0 
0 
0 
0 
0 
0 
0 
0 
0 
0 
0 
0 
0 
0 
0 
0 
0 
0 
0 
0 
0 
0 
0 
0 
0 
0 
0 
0 
0 
0 
0 
0 
0 
0 
0 
0 
0 
0 
0 
0 
0 
0 
0 
0 
0 
0 
0 
0 
0 
0 
0 
0 
0 
0 
0 
0 
0 
0 
0 
0 
0 
0 
0 
0 
0 
0 
0 
0 
0 
0 
0 
0 
0 
0 
0 
0 
0 
0 
0 
0 
0 
0 
0 
0 
0 
0 
0 
0 
0 
0 
0 
0 
0 
0 
0 
0 
0 
0 
0 
0 
0 
0 
0 
0 
0 
0 
0 
0 
0 
0 
0 
0 
0 
0 
0 
0 
0 
0 
0 
0 
0 
0 
0 
0 
0 
0 
0 
0 
0 
0 
0 
0 
0 
0 
0 
0 
0 
0 
0 
0 
0 
0 
0 
0 
0 
0 
0 
0 
0 
0 
0 
0 
0 
0 
0 
0 
0 
0 
0 
0 
0 
0 
0 
0 
0 
0 
0 
0 
0 
0 
0 
0 
0 
0 
0 
0 
0 
0 
0 
0 
0 
0 
0 
0 
0 
0 
0 
0 
0 
0 
0 
0 
0 
0 
0 
0 
0 
0 
0 
0 
0 
0 
0 
0 
0 
0 
0 
0 
0 
0 
0 
0 
0 
0 
0 
0 
0 
0 
0 
0 
0 
0 
0 
0 
0 
0 
0 
0 
0 
0 
0 
0 
0 
0 
0 
0 
0 
0 
0 
0 
0 
0 
0 
0 
0 
0 
0 
0 
0 
0 
0 
0 
0 
0 
0 
0 
0 
0 
0 
0 
0 
0 
0 
0 
0 
0 
0 
0 
0 
0 
0 
0 
0 
0 
0 
0 
0 
0 
0 
0 
0 
0 
0 
0 
0 
0 
0 
0 
0 
0 
0 
0 
0 
0 
0 
0 
0 
0 
0 
0 
0 
0 
0 
0 
0 
0 
0 
0 
0 
0 
0 
0 
0 
0 
0 
0 
0 
0 
0 
0 
0 
0 
0 
0 
0 
0 
0 
0 
0 
0 
0 
0 
0 
0 
0 
0 
0 
0 
0 
0 
0 
0 
0 
0 
0 
0 
0 
0 
0 
0 
0 
0 
0 
0 
0 
0 
0 
0 
0 
0 
0 
0 
0 
0 
0 
0 
0 
0 
0 
0 
0 
0 
0 
0 
0 
0 
0 
0 
0 
0 
0 
0 
0 
0 
0 
0 
0 
0 
0 
0 
0 
0 
0 
0 
0 
0 
0 
0 
0 
0 
0 
0 
0 
0 
0 
0 
0 
0 
0 
0 
0 
0 
0 
0 
0 
0 
0 
0 
0 
0 
0 
0 
0 
0 
0 
0 
0 
0 
0 
0 
0 
0 
0 
0 
0 
0 
0 
0 
0 
0 
0 
0 
0 
0 
0 
0 
0 
0 
0 
0 
0 
0 
0 
0 
0 
0 
0 
0 
0 
0 
0 
0 
0 
0 
0 
0 
0 
0 
0 
0 
0 
0 
0 
0 
0 
0 
0 
0 
0 
0 
0 
0 
0 
0 
0 
0 
0 
0 
0 
0 
0 
0 
0 
0 
0 
0 
0 
0 
0 
0 
0 
0 
0 
0 
0 
0 
0 
0 
0 
0 
0 
0 
0 
0 
0 
0 
0 
0 
0 
0 
0 
0 
0 
0 
0 
0 
0 
0 
0 
0 
0 
0 
0 
0 
0 
0 
0 
0 
0 
0 
0 
0 
0 
0 
0 
0 
0 
0 
0 
0 
0 
0 
0 
0 
0 
0 
0 
0 
0 
0 
0 
0 
0 
0 
0 
0 
0 
0 
0 
0 
0 
0 
0 
0 
0 
0 
0 
0 
0 
0 
0 
0 
0 
0 
0 
0 
0 
0 
0 
0 
0 
0 
0 
0 
0 
0 
0 
0 
0 
0 
0 
0 
0 
0 
0 
0 
0 
0 
0 
0 
0 
0 
0 
0 
0 
0 
0 
0 
0 
0 
0 
0 
0 
0 
0 
0 
0 
0 
0 
0 
0 
0 
0 
0 
0 
0 
0 
0 
0 
0 
0 
0 
0 
0 
0 
0 
0 
0 
0 
0 
0 
0 
0 
0 
0 
0 
0 
0 
0 
0 
0 
0 
0 
0 
0 
0 
0 
0 
0 
0 
0 
0 
0 
0 
0 
0 
0 
0 
0 
0 
0 
0 
0 
0 
0 
0 
0 
0 
0 
0 
0 
0 
0 
0 
0 
0 
0 
0 
0 
0 
0 
0 
0 
0 
0 
0 
0 
0 
0 
0 
0 
0 
0 
0 
0 
0 
0 
0 
0 
0 
0 
0 
0 
0 
0 
0 
0 
0 
0 
0 
0 
0 
0 
0 
0 
0 
0 
0 
0 
0 
0 
0 
0 
0 
0 
0 
0 
0 
0 
0 
0 
0 
0 
0 
0 
0 
0 
0 
0 
0 
0 
0 
0 
0 
0 
0 
0 
0 
0 
0 
0 
0 
0 
0 
0 
0 
0 
0 
0 
0 
0 
0 
0 
0 
0 
0 
0 
0 
0 
0 
0 
0 
0 
0 
0 
0 
0 
0 
0 
0 
0 
0 
0 
0 
0 
0 
0 
0 
0 
0 
0 
0 
0 
0 
0 
0 
0 
0 
0 
0 
0 
0 
0 
0 
0 
0 
0 
0 
0 
0 
0 
0 
0 
0 
0 
0 
0 
0 
0 
0 
0 
0 
0 
0 
0 
0 
0 
0 
0 
0 
0 
0 
0 
0 
0 
0 
0 
0 
0 
0 
0 
0 
0 
0 
0 
0 
0 
0 
0 
0 
0 
0 
0 
0 
0 
0 
0 
0 
0 
0 
0 
0 
0 
0 
0 
0 
0 
0 
0 
0 
0 
0 
0 
0 
0 
0 
0 
0 
0 
0 
0 
0 
0 
0 
0 
0 
0 
0 
0 
0 
0 
0 
0 
0 
0 
0 
0 
0 
0 
0 
0 
0 
0 
0 
0 
0 
0 
0 
0 
0 
0 
0 
0 
0 
0 
0 
0 
0 
0 
0 
0 
0 
0 
0 
0 
0 
0 
0 
0 
0 
0 
0 
0 
0 
0 
0 
0 
0 
0 
0 
0 
0 
0 
0 
0 
0 
0 
0 
0 
0 
0 
0 
0 
0 
0 
0 
0 
0 
0 
0 
0 
0 
0 
0 
0 
0 
0 
0 
0 
0 
0 
0 
0 
0 
0 
0 
0 
0 
0 
0 
0 
0 
0 
0 
0 
0 
0 
0 
0 
0 
0 
0 
0 
0 
0 
0 
0 
0 
0 
0 
0 
0 
0 
0 
0 
0 
0 
0 
0 
0 
0 
0 
0 
0 
0 
0 
0 
0 
0 
0 
0 
0 
0 
0 
0 
0 
0 
0 
0 
0 
0 
0 
0 
0 
0 
0 
0 
0 
0 
0 
0 
0 
0 
0 
0 
0 
0 
0 
0 
0 
0 
0 
0 
0 
0 
0 
0 
0 
0 
0 
0 
0 
0 
0 
0 
0 
0 
0 
0 
0 
0 
0 
0 
0 
0 
0 
0 
0 
0 
0 
0 
0 
0 
0 
0 
0 
0 
0 
0 
0 
0 
0 
0 
0 
0 
0 
0 
0 
0 
0 
0 
0 
0 
0 
0 
0 
0 
0 
0 
0 
0 
0 
0 
0 
0 
0 
0 
0 
0 
0 
0 
0 
0 
0 
0 
0 
0 
0 
0 
0 
0 
0 
0 
0 
0 
0 
0 
0 
0 
0 
0 
0 
0 
0 
0 
0 
0 
0 
0 
0 
0 
0 
0 
0 
0 
0 
0 
0 
0 
0 
0 
0 
0 
0 
0 
0 
0 
0 
0 
0 
0 
0 
0 
0 
0 
0 
0 
0 
0 
0 
0 
0 
0 
0 
0 
0 
0 
0 
0 
0 
0 
0 
0 
0 
0 
0 
0 
0 
0 
0 
0 
0 
0 
0 
0 
0 
0 
0 
0 
0 
0 
0 
0 
0 
0 
0 
0 
0 
0 
0 
0 
0 
0 
0 
0 
0 
0 
0 
0 
0 
0 
0 
0 
0 
0 
0 
0 
0 
0 
0 
0 
0 
0 
0 
0 
0 
0 
0 
0 
0 
0 
0 
0 
0 
0 
0 
0 
0 
0 
0 
0 
0 
0 
0 
0 
0 
0 
0 
0 
0 
0 
0 
0 
0 
0 
0 
0 
0 
0 
0 
0 
0 
0 
0 
0 
0 
0 
0 
0 
0 
0 
0 
0 
0 
0 
0 
0 
0 
0 
0 
0 
0 
0 
0 
0 
0 
0 
0 
0 
0 
0 
0 
0 
0 
0 
0 
0 
0 
0 
0 
0 
0 
0 
0 
0 
0 
0 
0 
0 
0 
0 
0 
0 
0 
0 
0 
0 
0 
0 
0 
0 
0 
0 
0 
0 
0 
0 
0 
0 
0 
0 
0 
0 
0 
0 
0 
0 
0 
0 
0 
0 
0 
0 
0 
0 
0 
0 
0 
0 
0 
0 
0 
0 
0 
0 
0 
0 
0 
0 
0 
0 
0 
0 
0 
0 
0 
0 
0 
0 
0 
0 
0 
0 
0 
0 
0 
0 
0 
0 
0 
0 
0 
0 
0 
0 
0 
0 
0 
0 
0 
0 
0 
0 
0 
0 
0 
0 
0 
0 
0 
0 
0 
0 
0 
0 
0 
0 
0 
0 
0 
0 
0 
0 
0 
0 
0 
0 
0 
0 
0 
0 
0 
0 
0 
0 
0 
0 
0 
0 
0 
0 
0 
0 
0 
0 
0 
0 
0 
0 
0 
0 
0 
0 
0 
0 
0 
0 
0 
0 
0 
0 
0 
0 
0 
0 
0 
0 
0 
0 
0 
0 
0 
0 
0 
0 
0 
0 
0 
0 
0 
0 
0 
0 
0 
0 
0 
0 
0 
0 
0 
0 
0 
0 
0 
0 
0 
0 
0 
0 
0 
0 
0 
0 
0 
0 
0 
0 
0 
0 
0 
0 
0 
0 
0 
0 
0 
0 
0 
0 
0 
0 
0 
0 
0 
0 
0 
0 
0 
0 
0 
0 
0 
0 
0 
0 
0 
0 
0 
0 
0 
0 
0 
0 
0 
0 
0 
0 
0 
0 
0 
0 
0 
0 
0 
0 
0 
0 
0 
0 
0 
0 
0 
0 
0 
0 
0 
0 
0 
0 
0 
0 
0 
0 
0 
0 
0 
0 
0 
0 
0 
0 
0 
0 
0 
0 
0 
0 
0 
0 
0 
0 
0 
0 
0 
0 
0 
0 
0 
0 
0 
0 
0 
0 
0 
0 
0 
0 
0 
0 
0 
0 
0 
0 
0 
0 
0 
0 
0 
0 
0 
0 
0 
0 
0 
0 
0 
0 
0 
0 
0 
0 
0 
0 
0 
0 
0 
0 
0 
0 
0 
0 
0 
0 
0 
0 
0 
0 
0 
0 
0 
0 
0 
0 
0 
0 
0 
0 
0 
0 
0 
0 
0 
0 
0 
0 
0 
0 
0 
0 
0 
0 
0 
0 
0 
0 
0 
0 
0 
0 
0 
0 
0 
0 
0 
0 
0 
0 
0 
0 
0 
0 
0 
0 
0 
0 
0 
0 
0 
0 
0 
0 
0 
0 
0 
0 
0 
0 
0 
0 
0 
0 
0 
0 
0 
0 
0 
0 
0 
0 
0 
0 
0 
0 
0 
0 
0 
0 
0 
0 
0 
0 
0 
0 
0 
0 
0 
0 
0 
0 
0 
0 
0 
0 
0 
0 
0 
0 
0 
0 
0 
0 
0 
0 
0 
0 
0 
0 
0 
0 
0 
0 
0 
0 
0 
0 
0 
0 
0 
0 
0 
0 
0 
0 
0 
0 
0 
0 
0 
0 
0 
0 
0 
0 
0 
0 
0 
0 
0 
0 
0 
0 
0 
0 
0 
0 
0 
0 
0 
0 
0 
0 
0 
0 
0 
0 
0 
0 
0 
0 
0 
0 
0 
0 
0 
0 
0 
0 
0 
0 
0 
0 
0 
0 
0 
0 
0 
0 
0 
0 
0 
0 
0 
0 
0 
0 
0 
0 
0 
0 
0 
0 
0 
0 
0 
0 
0 
0 
0 
0 
0 
0 
0 
0 
0 
0 
0 
0 
0 
0 
0 
0 
0 
0 
0 
0 
0 
0 
0 
0 
0 
0 
0 
0 
0 
0 
0 
0 
0 
0 
0 
0 
0 
0 
0 
0 
0 
0 
0 
0 
0 
0 
0 
0 
0 
0 
0 
0 
0 
0 
0 
0 
0 
0 
0 
0 
0 
0 
0 
0 
0 
0 
0 
0 
0 
0 
0 
0 
0 
0 
0 
0 
0 
0 
0 
0 
0 
0 
0 
0 
0 
0 
0 
0 
0 
0 
0 
0 
0 
0 
0 
0 
0 
0 
0 
0 
0 
0 
0 
0 
0 
0 
0 
0 
0 
0 
0 
0 
0 
0 
0 
0 
0 
0 
0 
0 
0 
0 
0 
0 
0 
0 
0 
0 
0 
0 
0 
0 
0 
0 
0 
0 
0 
0 
0 
0 
0 
0 
0 
0 
0 
0 
0 
0 
0 
0 
0 
0 
0 
0 
0 
0 
0 
0 
0 
0 
0 
0 
0 
0 
0 
0 
0 
0 
0 
0 
0 
0 
0 
0 
0 
0 
0 
0 
0 
0 
0 
0 
0 
0 
0 
0 
0 
0 
0 
0 
0 
0 
0 
0 
0 
0 
0 
0 
0 
0 
0 
0 
0 
0 
0 
0 
0 
0 
0 
0 
0 
0 
0 
0 
0 
0 
0 
0 
0 
0 
0 
0 
0 
0 
0 
0 
0 
0 
0 
0 
0 
0 
0 
0 
0 
0 
0 
0 
0 
0 
0 
0 
0 
0 
0 
0 
0 
0 
0 
0 
0 
0 
0 
0 
0 
0 
0 
0 
0 
0 
0 
0 
0 
0 
0 
0 
0 
0 
0 
0 
0 
0 
0 
0 
0 
0 
0 
0 
0 
0 
0 
0 
0 
0 
0 
0 
0 
0 
0 
0 
0 
0 
0 
0 
0 
0 
0 
0 
0 
0 
0 
0 
0 
0 
0 
0 
0 
0 
0 
0 
0 
0 
0 
0 
0 
0 
0 
0 
0 
0 
0 
0 
0 
0 
0 
0 
0 
0 
0 
0 
0 
0 
0 
0 
0 
0 
0 
0 
0 
0 
0 
0 
0 
0 
0 
0 
0 
0 
0 
0 
0 
0 
0 
0 
0 
0 
0 
0 
0 
0 
0 
0 
0 
0 
0 
0 
0 
0 
0 
0 
0 
0 
0 
0 
0 
0 
0 
0 
0 
0 
0 
0 
0 
0 
0 
0 
0 
0 
0 
0 
0 
0 
0 
0 
0 
0 
0 
0 
0 
0 
0 
0 
0 
0 
0 
0 
0 
0 
0 
0 
0 
0 
0 
0 
0 
0 
0 
0 
0 
0 
0 
0 
0 
0 
0 
0 
0 
0 
0 
0 
0 
0 
0 
0 
0 
0 
0 
0 
0 
0 
0 
0 
0 
0 
0 
0 
0 
0 
0 
0 
0 
0 
0 
0 
0 
0 
0 
0 
0 
0 
0 
0 
0 
0 
0 
0 
0 
0 
0 
0 
0 
0 
0 
0 
0 
0 
0 
0 
0 
0 
0 
0 
0 
0 
0 
0 
0 
0 
0 
0 
0 
0 
0 
0 
0 
0 
0 
0 
0 
0 
0 
0 
0 
0 
0 
0 
0 
0 
0 
0 
0 
0 
0 
0 
0 
0 
0 
0 
0 
0 
0 
0 
0 
0 
0 
0 
0 
0 
0 
0 
0 
0 
0 
0 
0 
0 
0 
0 
0 
0 
0 
0 
0 
0 
0 
0 
0 
0 
0 
0 
0 
0 
0 
0 
0 
0 
0 
0 
0 
0 
0 
0 
0 
0 
0 
0 
0 
0 
0 
0 
0 
0 
0 
0 
0 
0 
0 
0 
0 
0 
0 
0 
0 
0 
0 
0 
0 
0 
0 
0 
0 
0 
0 
0 
0 
0 
0 
0 
0 
0 
0 
0 
0 
0 
0 
0 
0 
0 
0 
0 
0 
0 
0 
0 
0 
0 
0 
0 
0 
0 
0 
0 
0 
0 
0 
0 
0 
0 
0 
0 
0 
0 
0 
0 
0 
0 
0 
0 
0 
0 
0 
0 
0 
0 
0 
0 
0 
0 
0 
0 
0 
0 
0 
0 
0 
0 
0 
0 
0 
0 
0 
0 
0 
0 
0 
0 
0 
0 
0 
0 
0 
0 
0 
0 
0 
0 
0 
0 
0 
0 
0 
0 
0 
0 
0 
0 
0 
0 
0 
0 
0 
0 
0 
0 
0 
0 
0 
0 
0 
0 
0 
0 
0 
0 
0 
0 
0 
0 
0 
0 
0 
0 
0 
0 
0 
0 
0 
0 
0 
0 
0 
0 
0 
0 
0 
0 
0 
0 
0 
0 
0 
0 
0 
0 
0 
0 
0 
0 
0 
0 
0 
0 
0 
0 
0 
0 
0 
0 
0 
0 
0 
0 
0 
0 
0 
0 
0 
0 
0 
0 
0 
0 
0 
0 
0 
0 
0 
0 
0 
0 
0 
0 
0 
0 
0 
0 
0 
0 
0 
0 
0 
0 
0 
0 
0 
0 
0 
0 
0 
0 
0 
0 
0 
0 
0 
0 
0 
0 
0 
0 
0 
0 
0 
0 
0 
0 
0 
0 
0 
0 
0 
0 
0 
0 
0 
0 
0 
0 
0 
0 
0 
0 
0 
0 
0 
0 
0 
0 
0 
0 
0 
0 
0 
0 
0 
0 
0 
0 
0 
0 
0 
0 
0 
0 
0 
0 
0 
0 
0 
0 
0 
0 
0 
0 
0 
0 
0 
0 
0 
0 
0 
0 
0 
0 
0 
0 
0 
0 
0 
0 
0 
0 
0 
0 
0 
0 
0 
0 
0 
0 
0 
0 
0 
0 
0 
0 
0 
0 
0 
0 
0 
0 
0 
0 
0 
0 
0 
0 
0 
0 
0 
0 
0 
0 
0 
0 
0 
0 
0 
0 
0 
0 
0 
0 
0 
0 
0 
0 
0 
0 
0 
0 
0 
0 
0 
0 
0 
0 
0 
0 
0 
0 
0 
0 
0 
0 
0 
0 
0 
0 
0 
0 
0 
0 
0 
0 
0 
0 
0 
0 
0 
0 
0 
0 
0 
0 
0 
0 
0 
0 
0 
0 
0 
0 
0 
0 
0 
0 
0 
0 
0 
0 
0 
0 
0 
0 
0 
0 
0 
0 
0 
0 
0 
0 
0 
0 
0 
0 
0 
0 
0 
0 
0 
0 
0 
0 
0 
0 
0 
0 
0 
0 
0 
0 
0 
0 
0 
0 
0 
0 
0 
0 
0 
0 
0 
0 
0 
0 
0 
0 
0 
0 
0 
0 
0 
0 
0 
0 
0 
0 
0 
0 
0 
0 
0 
0 
0 
0 
0 
0 
0 
0 
0 
0 
0 
0 
0 
0 
0 
0 
0 
0 
0 
0 
0 
0 
0 
0 
0 
0 
0 
0 
0 
0 
0 
0 
0 
0 
0 
0 
0 
0 
0 
0 
0 
0 
0 
0 
0 
0 
0 
0 
0 
0 
0 
0 
0 
0 
0 
0 
0 
0 
0 
0 
0 
0 
0 
0 
0 
0 
0 
0 
0 
0 
0 
0 
0 
0 
0 
0 
0 
0 
0 
0 
0 
0 
0 
0 
0 
0 
0 
0 
0 
0 
0 
0 
0 
0 
0 
0 
0 
0 
0 
0 
0 
0 
0 
0 
0 
0 
0 
0 
0 
0 
0 
0 
0 
0 
0 
0 
0 
0 
0 
0 
0 
0 
0 
0 
0 
0 
0 
0 
0 
0 
0 
0 
0 
0 
0 
0 
0 
0 
0 
0 
0 
0 
0 
0 
0 
0 
0 
0 
0 
0 
0 
0 
0 
0 
0 
0 
0 
0 
0 
0 
0 
0 
0 
0 
0 
0 
0 
0 
0 
0 
0 
0 
0 
0 
0 
0 
0 
0 
0 
0 
0 
0 
0 
0 
0 
0 
0 
0 
0 
0 
0 
0 
0 
0 
0 
0 
0 
0 
0 
0 
0 
0 
0 
0 
0 
0 
0 
0 
0 
0 
0 
0 
0 
0 
0 
0 
0 
0 
0 
0 
0 
0 
0 
0 
0 
0 
0 
0 
0 
0 
0 
0 
0 
0 
0 
0 
0 
0 
0 
0 
0 
0 
0 
0 
0 
0 
0 
0 
0 
0 
0 
0 
0 
0 
0 
0 
0 
0 
0 
0 
0 
0 
0 
0 
0 
0 
0 
0 
0 
0 
0 
0 
0 
0 
0 
0 
0 
0 
0 
0 
0 
0 
0 
0 
0 
0 
0 
0 
0 
0 
0 
0 
0 
0 
0 
0 
0 
0 
0 
0 
0 
0 
0 
0 
0 
0 
0 
0 
0 
0 
0 
0 
0 
0 
0 
0 
0 
0 
0 
0 
0 
0 
0 
0 
0 
0 
0 
0 
0 
0 
0 
0 
0 
0 
0 
0 
0 
0 
0 
0 
0 
0 
0 
0 
0 
0 
0 
0 
0 
0 
0 
0 
0 
0 
0 
0 
0 
0 
0 
0 
0 
0 
0 
0 
0 
0 
0 
0 
0 
0 
0 
0 
0 
0 
0 
0 
0 
0 
0 
0 
0 
0 
0 
0 
0 
0 
0 
0 
0 
0 
0 
0 
0 
0 
0 
0 
0 
0 
0 
0 
0 
0 
0 
0 
0 
0 
0 
0 
0 
0 
0 
0 
0 
0 
0 
0 
0 
0 
0 
0 
0 
0 
0 
0 
0 
0 
0 
0 
0 
0 
0 
0 
0 
0 
0 
0 
0 
0 
0 
0 
0 
0 
0 
0 
0 
0 
0 
0 
0 
0 
0 
0 
0 
0 
0 
0 
0 
0 
0 
0 
0 
0 
0 
0 
0 
0 
0 
0 
0 
0 
0 
0 
0 
0 
0 
0 
0 
0 
0 
0 
0 
0 
0 
0 
0 
0 
0 
0 
0 
0 
0 
0 
0 
0 
0 
0 
0 
0 
0 
0 
0 
0 
0 
0 
0 
0 
0 
0 
0 
0 
0 
0 
0 
0 
0 
0 
0 
0 
0 
0 
0 
0 
0 
0 
0 
0 
0 
0 
0 
0 
0 
0 
0 
0 
0 
0 
0 
0 
0 
0 
0 
0 
0 
0 
0 
0 
0 
0 
0 
0 
0 
0 
0 
0 
0 
0 
0 
0 
0 
0 
0 
0 
0 
0 
0 
0 
0 
0 
0 
0 
0 
0 
0 
0 
0 
0 
0 
0 
0 
0 
0 
0 
0 
0 
0 
0 
0 
0 
0 
0 
0 
0 
0 
0 
0 
0 
0 
0 
0 
0 
0 
0 
0 
0 
0 
0 
0 
0 
0 
0 
0 
0 
0 
0 
0 
0 
0 
0 
0 
0 
0 
0 
0 
0 
0 
0 
0 
0 
0 
0 
0 
0 
0 
0 
0 
0 
0 
0 
0 
0 
0 
0 
0 
0 
0 
0 
0 
0 
0 
0 
0 
0 
0 
0 
0 
0 
0 
0 
0 
0 
0 
0 
0 
0 
0 
0 
0 
0 
0 
0 
0 
0 
0 
0 
0 
0 
0 
0 
0 
0 
0 
0 
0 
0 
0 
0 
0 
0 
0 
0 
0 
0 
0 
0 
0 
0 
0 
0 
0 
0 
0 
0 
0 
0 
0 
0 
0 
0 
0 
0 
0 
0 
0 
0 
0 
0 
0 
0 
0 
0 
0 
0 
0 
0 
0 
0 
0 
0 
0 
0 
0 
0 
0 
0 
0 
0 
0 
0 
0 
0 
0 
0 
0 
0 
0 
0 
0 
0 
0 
0 
0 
0 
0 
0 
0 
0 
0 
0 
0 
0 
0 
0 
0 
0 
0 
0 
0 
0 
0 
0 
0 
0 
0 
0 
0 
0 
0 
0 
0 
0 
0 
0 
0 
0 
0 
0 
0 
0 
0 
0 
0 
0 
0 
0 
0 
0 
0 
0 
0 
0 
0 
0 
0 
0 
0 
0 
0 
0 
0 
0 
0 
0 
0 
0 
0 
0 
0 
0 
0 
0 
0 
0 
0 
0 
0 
0 
0 
0 
0 
0 
0 
0 
0 
0 
0 
0 
0 
0 
0 
0 
0 
0 
0 
0 
0 
0 
0 
0 
0 
0 
0 
0 
0 
0 
0 
0 
0 
0 
0 
0 
0 
0 
0 
0 
0 
0 
0 
0 
0 
0 
0 
0 
0 
0 
0 
0 
0 
0 
0 
0 
0 
0 
0 
0 
0 
0 
0 
0 
0 
0 
0 
0 
0 
0 
0 
0 
0 
0 
0 
0 
0 
0 
0 
0 
0 
0 
0 
0 
0 
0 
0 
0 
0 
0 
0 
0 
0 
0 
0 
0 
0 
0 
0 
0 
0 
0 
0 
0 
0 
0 
0 
0 
0 
0 
0 
0 
0 
0 
0 
0 
0 
0 
0 
0 
0 
0 
0 
0 
0 
0 
0 
0 
0 
0 
0 
0 
0 
0 
0 
0 
0 
0 
0 
0 
0 
0 
0 
0 
0 
0 
0 
0 
0 
0 
0 
0 
0 
0 
0 
0 
0 
0 
0 
0 
0 
0 
0 
0 
0 
0 
0 
0 
0 
0 
0 
0 
0 
0 
0 
0 
0 
0 
0 
0 
0 
0 
0 
0 
0 
0 
0 
0 
0 
0 
0 
0 
0 
0 
0 
0 
0 
0 
0 
0 
0 
0 
0 
0 
0 
0 
0 
0 
0 
0 
0 
0 
0 
0 
0 
0 
0 
0 
0 
0 
0 
0 
0 
0 
0 
0 
0 
0 
0 
0 
0 
0 
0 
0 
0 
0 
0 
0 
0 
0 
0 
0 
0 
0 
0 
0 
0 
0 
0 
0 
0 
0 
0 
0 
0 
0 
0 
0 
0 
0 
0 
0 
0 
0 
0 
0 
0 
0 
0 
0 
0 
0 
0 
0 
0 
0 
0 
0 
0 
0 
0 
0 
0 
0 
0 
0 
0 
0 
0 
0 
0 
0 
0 
0 
0 
0 
0 
0 
0 
0 
0 
0 
0 
0 
0 
0 
0 
0 
0 
0 
0 
0 
0 
0 
0 
0 
0 
0 
0 
0 
0 
0 
0 
0 
0 
0 
0 
0 
0 
0 
0 
0 
0 
0 
0 
0 
0 
0 
0 
0 
0 
0 
0 
0 
0 
0 
0 
0 
0 
0 
0 
0 
0 
0 
0 
0 
0 
0 
0 
0 
0 
0 
0 
0 
0 
0 
0 
0 
0 
0 
0 
0 
0 
0 
0 
0 
0 
0 
0 
0 
0 
0 
0 
0 
0 
0 
0 
0 
0 
0 
0 
0 
0 
0 
0 
0 
0 
0 
0 
0 
0 
0 
0 
0 
0 
0 
0 
0 
0 
0 
0 
0 
0 
0 
0 
0 
0 
0 
0 
0 
0 
0 
0 
0 
0 
0 
0 
0 
0 
0 
0 
0 
0 
0 
0 
0 
0 
0 
0 
0 
0 
0 
0 
0 
0 
0 
0 
0 
0 
0 
0 
0 
0 
0 
0 
0 
0 
0 
0 
0 
0 
0 
0 
0 
0 
0 
0 
0 
0 
0 
0 
0 
0 
0 
0 
0 
0 
0 
0 
0 
0 
0 
0 
0 
0 
0 
0 
0 
0 
0 
0 
0 
0 
0 
0 
0 
0 
0 
0 
0 
0 
0 
0 
0 
0 
0 
0 
0 
0 
0 
0 
0 
0 
0 
0 
0 
0 
0 
0 
0 
0 
0 
0 
0 
0 
0 
0 
0 
0 
0 
0 
0 
0 
0 
0 
0 
0 
0 
0 
0 
0 
0 
0 
0 
0 
0 
0 
0 
0 
0 
0 
0 
0 
0 
0 
0 
0 
0 
0 
0 
0 
0 
0 
0 
0 
0 
0 
0 
0 
0 
0 
0 
0 
0 
0 
0 
0 
0 
0 
0 
0 
0 
0 
0 
0 
0 
0 
0 
0 
0 
0 
0 
0 
0 
0 
0 
0 
0 
0 
0 
0 
0 
0 
0 
0 
0 
0 
0 
0 
0 
0 
0 
0 
0 
0 
0 
0 
0 
0 
0 
0 
0 
0 
0 
0 
0 
0 
0 
0 
0 
0 
0 
0 
0 
0 
0 
0 
0 
0 
0 
0 
0 
0 
0 
0 
0 
0 
0 
0 
0 
0 
0 
0 
0 
0 
0 
0 
0 
0 
0 
0 
0 
0 
0 
0 
0 
0 
0 
0 
0 
0 
0 
0 
0 
0 
0 
0 
0 
0 
0 
0 
0 
0 
0 
0 
0 
0 
0 
0 
0 
0 
0 
0 
0 
0 
0 
0 
0 
0 
0 
0 
0 
0 
0 
0 
0 
0 
0 
0 
0 
0 
0 
0 
0 
0 
0 
0 
0 
0 
0 
0 
0 
0 
0 
0 
0 
0 
0 
0 
0 
0 
0 
0 
0 
0 
0 
0 
0 
0 
0 
0 
0 
0 
0 
0 
0 
0 
0 
0 
0 
0 
0 
0 
0 
0 
0 
0 
0 
0 
0 
0 
0 
0 
0 
0 
0 
0 
0 
0 
0 
0 
0 
0 
0 
0 
0 
0 
0 
0 
0 
0 
0 
0 
0 
0 
0 
0 
0 
0 
0 
0 
0 
0 
0 
0 
0 
0 
0 
0 
0 
0 
0 
0 
0 
0 
0 
0 
0 
0 
0 
0 
0 
0 
0 
0 
0 
0 
0 
0 
0 
0 
0 
0 
0 
0 
0 
0 
0 
0 
0 
0 
0 
0 
0 
0 
0 
0 
0 
0 
0 
0 
0 
0 
0 
0 
0 
0 
0 
0 
0 
0 
0 
0 
0 
0 
0 
0 
0 
0 
0 
0 
0 
0 
0 
0 
0 
0 
0 
0 
0 
0 
0 
0 
0 
0 
0 
0 
0 
0 
0 
0 
0 
0 
0 
0 
0 
0 
0 
0 
0 
0 
0 
0 
0 
0 
0 
0 
0 
0 
0 
0 
0 
0 
0 
0 
0 
0 
0 
0 
0 
0 
0 
0 
0 
0 
0 
0 
0 
0 
0 
0 
0 
0 
0 
0 
0 
0 
0 
0 
0 
0 
0 
0 
0 
0 
0 
0 
0 
0 
0 
0 
0 
0 
0 
0 
0 
0 
0 
0 
0 
0 
0 
0 
0 
0 
0 
0 
0 
0 
0 
0 
0 
0 
0 
0 
0 
0 
0 
0 
0 
0 
0 
0 
0 
0 
0 
0 
0 
0 
0 
0 
0 
0 
0 
0 
0 
0 
0 
0 
0 
0 
0 
0 
0 
0 
0 
0 
0 
0 
0 
0 
0 
0 
0 
0 
0 
0 
0 
0 
0 
0 
0 
0 
0 
0 
0 
0 
0 
0 
0 
0 
0 
0 
0 
0 
0 
0 
0 
0 
0 
0 
0 
0 
0 
0 
0 
0 
0 
0 
0 
0 
0 
0 
0 
0 
0 
0 
0 
0 
0 
0 
0 
0 
0 
0 
0 
0 
0 
0 
0 
0 
0 
0 
0 
0 
0 
0 
0 
0 
0 
0 
0 
0 
0 
0 
0 
0 
0 
0 
0 
0 
0 
0 
0 
0 
0 
0 
0 
0 
0 
0 
0 
0 
0 
0 
0 
0 
0 
0 
0 
0 
0 
0 
0 
0 
0 
0 
0 
0 
0 
0 
0 
0 
0 
0 
0 
0 
0 
0 
0 
0 
0 
0 
0 
0 
0 
0 
0 
0 
0 
0 
0 
0 
0 
0 
0 
0 
0 
0 
0 
0 
0 
0 
0 
0 
0 
0 
0 
0 
0 
0 
0 
0 
0 
0 
0 
0 
0 
0 
0 
0 
0 
0 
0 
0 
0 
0 
0 
0 
0 
0 
0 
0 
0 
0 
0 
0 
0 
0 
0 
0 
0 
0 
0 
0 
0 
0 
0 
0 
0 
0 
0 
0 
0 
0 
0 
0 
0 
0 
0 
0 
0 
0 
0 
0 
0 
0 
0 
0 
0 
0 
0 
0 
0 
0 
0 
0 
0 
0 
0 
0 
0 
0 
0 
0 
0 
0 
0 
0 
0 
0 
0 
0 
0 
0 
0 
0 
0 
0 
0 
0 
0 
0 
0 
0 
0 
0 
0 
0 
0 
0 
0 
0 
0 
0 
0 
0 
0 
0 
0 
0 
0 
0 
0 
0 
0 
0 
0 
0 
0 
0 
0 
0 
0 
0 
0 
0 
0 
0 
0 
0 
0 
0 
0 
0 
0 
0 
0 
0 
0 
0 
0 
0 
0 
0 
0 
0 
0 
0 
0 
0 
0 
0 
0 
0 
0 
0 
0 
0 
0 
0 
0 
0 
0 
0 
0 
0 
0 
0 
0 
0 
0 
0 
0 
0 
0 
0 
0 
0 
0 
0 
0 
0 
0 
0 
0 
0 
0 
0 
0 
0 
0 
0 
0 
0 
0 
0 
0 
0 
0 
0 
0 
0 
0 
0 
0 
0 
0 
0 
0 
0 
0 
0 
0 
0 
0 
0 
0 
0 
0 
0 
0 
0 
0 
0 
0 
0 
0 
0 
0 
0 
0 
0 
0 
0 
0 
0 
0 
0 
0 
0 
0 
0 
0 
0 
0 
0 
0 
0 
0 
0 
0 
0 
0 
0 
0 
0 
0 
0 
0 
0 
0 
0 
0 
0 
0 
0 
0 
0 
0 
0 
0 
0 
0 
0 
0 
0 
0 
0 
0 
0 
0 
0 
0 
0 
0 
0 
0 
0 
0 
0 
0 
0 
0 
0 
0 
0 
0 
0 
0 
0 
0 
0 
0 
0 
0 
0 
0 
0 
0 
0 
0 
0 
0 
0 
0 
0 
0 
0 
0 
0 
0 
0 
0 
0 
0 
0 
0 
0 
0 
0 
0 
0 
0 
0 
0 
0 
0 
0 
0 
0 
0 
0 
0 
0 
0 
0 
0 
0 
0 
0 
0 
0 
0 
0 
0 
0 
0 
0 
0 
0 
0 
0 
0 
0 
0 
0 
0 
0 
0 
0 
0 
0 
0 
0 
0 
0 
0 
0 
0 
0 
0 
0 
0 
0 
0 
0 
0 
0 
0 
0 
0 
0 
0 
0 
0 
0 
0 
0 
0 
0 
0 
0 
0 
0 
0 
0 
0 
0 
0 
0 
0 
0 
0 
0 
0 
0 
0 
0 
0 
0 
0 
0 
0 
0 
0 
0 
0 
0 
0 
0 
0 
0 
0 
0 
0 
0 
0 
0 
0 
0 
0 
0 
0 
0 
0 
0 
0 
0 
0 
0 
0 
0 
0 
0 
0 
0 
0 
0 
0 
0 
0 
0 
0 
0 
0 
0 
0 
0 
0 
0 
0 
0 
0 
0 
0 
0 
0 
0 
0 
0 
0 
0 
0 
0 
0 
0 
0 
0 
0 
0 
0 
0 
0 
0 
0 
0 
0 
0 
0 
0 
0 
0 
0 
0 
0 
0 
0 
0 
0 
0 
0 
0 
0 
0 
0 
0 
0 
0 
0 
0 
0 
0 
0 
0 
0 
0 
0 
0 
0 
0 
0 
0 
0 
0 
0 
0 
0 
0 
0 
0 
0 
0 
0 
0 
0 
0 
0 
0 
0 
0 
0 
0 
0 
0 
0 
0 
0 
0 
0 
0 
0 
0 
0 
0 
0 
0 
0 
0 
0 
0 
0 
0 
0 
0 
0 
0 
0 
0 
0 
0 
0 
0 
0 
0 
0 
0 
0 
0 
0 
0 
0 
0 
0 
0 
0 
0 
0 
0 
0 
0 
0 
0 
0 
0 
0 
0 
0 
0 
0 
0 
0 
0 
0 
0 
0 
0 
0 
0 
0 
0 
0 
0 
0 
0 
0 
0 
0 
0 
0 
0 
0 
0 
0 
0 
0 
0 
0 
0 
0 
0 
0 
0 
0 
0 
0 
0 
0 
0 
0 
0 
0 
0 
0 
0 
0 
0 
0 
0 
0 
0 
0 
0 
0 
0 
0 
0 
0 
0 
0 
0 
0 
0 
0 
0 
0 
0 
0 
0 
0 
0 
0 
0 
0 
0 
0 
0 
0 
0 
0 
0 
0 
0 
0 
0 
0 
0 
0 
0 
0 
0 
0 
0 
0 
0 
0 
0 
0 
0 
0 
0 
0 
0 
0 
0 
0 
0 
0 
0 
0 
0 
0 
0 
0 
0 
0 
0 
0 
0 
0 
0 
0 
0 
0 
0 
0 
0 
0 
0 
0 
0 
0 
0 
0 
0 
0 
0 
0 
0 
0 
0 
0 
0 
0 
0 
0 
0 
0 
0 
0 
0 
0 
0 
0 
0 
0 
0 
0 
0 
0 
0 
0 
0 
0 
0 
0 
0 
0 
0 
0 
0 
0 
0 
0 
0 
0 
0 
0 
0 
0 
0 
0 
0 
0 
0 
0 
0 
0 
0 
0 
0 
0 
0 
0 
0 
0 
0 
0 
0 
0 
0 
0 
0 
0 
0 
0 
0 
0 
0 
0 
0 
0 
0 
0 
0 
0 
0 
0 
0 
0 
0 
0 
0 
0 
0 
0 
0 
0 
0 
0 
0 
0 
0 
0 
0 
0 
0 
0 
0 
0 
0 
0 
0 
0 
0 
0 
0 
0 
0 
0 
0 
0 
0 
0 
0 
0 
0 
0 
0 
0 
0 
0 
0 
0 
0 
0 
0 
0 
0 
0 
0 
0 
0 
0 
0 
0 
0 
0 
0 
0 
0 
0 
0 
0 
0 
0 
0 
0 
0 
0 
0 
0 
0 
0 
0 
0 
0 
0 
0 
0 
0 
0 
0 
0 
0 
0 
0 
0 
0 
0 
0 
0 
0 
0 
0 
0 
0 
0 
0 
0 
0 
0 
0 
0 
0 
0 
0 
0 
0 
0 
0 
0 
0 
0 
0 
0 
0 
0 
0 
0 
0 
0 
0 
0 
0 
0 
0 
0 
0 
0 
0 
0 
0 
0 
0 
0 
0 
0 
0 
0 
0 
0 
0 
0 
0 
0 
0 
0 
0 
0 
0 
0 
0 
0 
0 
0 
0 
0 
0 
0 
0 
0 
0 
0 
0 
0 
0 
0 
0 
0 
0 
0 
0 
0 
0 
0 
0 
0 
0 
0 
0 
0 
0 
0 
0 
0 
0 
0 
0 
0 
0 
0 
0 
0 
0 
0 
0 
0 
0 
0 
0 
0 
0 
0 
0 
0 
0 
0 
0 
0 
0 
0 
0 
0 
0 
0 
0 
0 
0 
0 
0 
0 
0 
0 
0 
0 
0 
0 
0 
0 
0 
0 
0 
0 
0 
0 
0 
0 
0 
0 
0 
0 
0 
0 
0 
0 
0 
0 
0 
0 
0 
0 
0 
0 
0 
0 
0 
0 
0 
0 
0 
0 
0 
0 
0 
0 
0 
0 
0 
0 
0 
0 
0 
0 
0 
0 
0 
0 
0 
0 
0 
0 
0 
0 
0 
0 
0 
0 
0 
0 
0 
0 
0 
0 
0 
0 
0 
0 
0 
0 
0 
0 
0 
0 
0 
0 
0 
0 
0 
0 
0 
0 
0 
0 
0 
0 
0 
0 
0 
0 
0 
0 
0 
0 
0 
0 
0 
0 
0 
0 
0 
0 
0 
0 
0 
0 
0 
0 
0 
0 
0 
0 
0 
0 
0 
0 
0 
0 
0 
0 
0 
0 
0 
0 
0 
0 
0 
0 
0 
0 
0 
0 
0 
0 
0 
0 
0 
0 
0 
0 
0 
0 
0 
0 
0 
0 
0 
0 
0 
0 
0 
0 
0 
0 
0 
0 
0 
0 
0 
0 
0 
0 
0 
0 
0 
0 
0 
0 
0 
0 
0 
0 
0 
0 
0 
0 
0 
0 
0 
0 
0 
0 
0 
0 
0 
0 
0 
0 
0 
0 
0 
0 
0 
0 
0 
0 
0 
0 
0 
0 
0 
0 
0 
0 
0 
0 
0 
0 
0 
0 
0 
0 
0 
0 
0 
0 
0 
0 
0 
0 
0 
0 
0 
0 
0 
0 
0 
0 
0 
0 
0 
0 
0 
0 
0 
0 
0 
0 
0 
0 
0 
0 
0 
0 
0 
0 
0 
0 
0 
0 
0 
0 
0 
0 
0 
0 
0 
0 
0 
0 
0 
0 
0 
0 
0 
0 
0 
0 
0 
0 
0 
0 
0 
0 
0 
0 
0 
0 
0 
0 
0 
0 
0 
0 
0 
0 
0 
0 
0 
0 
0 
0 
0 
0 
0 
0 
0 
0 
0 
0 
0 
0 
0 
0 
0 
0 
0 
0 
0 
0 
0 
0 
0 
0 
0 
0 
0 
0 
0 
0 
0 
0 
0 
0 
0 
0 
0 
0 
0 
0 
0 
0 
0 
0 
0 
0 
0 
0 
0 
0 
0 
0 
0 
0 
0 
0 
0 
0 
0 
0 
0 
0 
0 
0 
0 
0 
0 
0 
0 
0 
0 
0 
0 
0 
0 
0 
0 
0 
0 
0 
0 
0 
0 
0 
0 
0 
0 
0 
0 
0 
0 
0 
0 
0 
0 
0 
0 
0 
0 
0 
0 
0 
0 
0 
0 
0 
0 
0 
0 
0 
0 
0 
0 
0 
0 
0 
0 
0 
0 
0 
0 
0 
0 
0 
0 
0 
0 
0 
0 
0 
0 
0 
0 
0 
0 
0 
0 
0 
0 
0 
0 
0 
0 
0 
0 
0 
0 
0 
0 
0 
0 
0 
0 
0 
0 
0 
0 
0 
0 
0 
0 
0 
0 
0 
0 
0 
0 
0 
0 
0 
0 
0 
0 
0 
0 
0 
0 
0 
0 
0 
0 
0 
0 
0 
0 
0 
0 
0 
0 
0 
0 
0 
0 
0 
0 
0 
0 
0 
0 
0 
0 
0 
0 
0 
0 
0 
0 
0 
0 
0 
0 
0 
0 
0 
0 
0 
0 
0 
0 
0 
0 
0 
0 
0 
0 
0 
0 
0 
0 
0 
0 
0 
0 
0 
0 
0 
0 
0 
0 
0 
0 
0 
0 
0 
0 
0 
0 
0 
0 
0 
0 
0 
0 
0 
0 
0 
0 
0 
0 
0 
0 
0 
0 
0 
0 
0 
0 
0 
0 
0 
0 
0 
0 
0 
0 
0 
0 
0 
0 
0 
0 
0 
0 
0 
0 
0 
0 
0 
0 
0 
0 
0 
0 
0 
0 
0 
0 
0 
0 
0 
0 
0 
0 
0 
0 
0 
0 
0 
0 
0 
0 
0 
0 
0 
0 
0 
0 
0 
0 
0 
0 
0 
0 
0 
0 
0 
0 
0 
0 
0 
0 
0 
0 
0 
0 
0 
0 
0 
0 
0 
0 
0 
0 
0 
0 
0 
0 
0 
0 
0 
0 
0 
0 
0 
0 
0 
0 
0 
0 
0 
0 
0 
0 
0 
0 
0 
0 
0 
0 
0 
0 
0 
0 
0 
0 
0 
0 
0 
0 
0 
0 
0 
0 
0 
0 
0 
0 
0 
0 
0 
0 
0 
0 
0 
0 
0 
0 
0 
0 
0 
0 
0 
0 
0 
0 
0 
0 
0 
0 
0 
0 
0 
0 
0 
0 
0 
0 
0 
0 
0 
0 
0 
0 
0 
0 
0 
0 
0 
0 
0 
0 
0 
0 
0 
0 
0 
0 
0 
0 
0 
0 
0 
0 
0 
0 
0 
0 
0 
0 
0 
0 
0 
0 
0 
0 
0 
0 
0 
0 
0 
0 
0 
0 
0 
0 
0 
0 
0 
0 
0 
0 
0 
0 
0 
0 
0 
0 
0 
0 
0 
0 
0 
0 
0 
0 
0 
0 
0 
0 
0 
0 
0 
0 
0 
0 
0 
0 
0 
0 
0 
0 
0 
0 
0 
0 
0 
0 
0 
0 
0 
0 
0 
0 
0 
0 
0 
0 
0 
0 
0 
0 
0 
0 
0 
0 
0 
0 
0 
0 
0 
0 
0 
0 
0 
0 
0 
0 
0 
0 
0 
0 
0 
0 
0 
0 
0 
0 
0 
0 
0 
0 
0 
0 
0 
0 
0 
0 
0 
0 
0 
0 
0 
0 
0 
0 
0 
0 
0 
0 
0 
0 
0 
0 
0 
0 
0 
0 
0 
0 
0 
0 
0 
0 
0 
0 
0 
0 
0 
0 
0 
0 
0 
0 
0 
0 
0 
0 
0 
0 
0 
0 
0 
0 
0 
0 
0 
0 
0 
0 
0 
0 
0 
0 
0 
0 
0 
0 
0 
0 
0 
0 
0 
0 
0 
0 
0 
0 
0 
0 
0 
0 
0 
0 
0 
0 
0 
0 
0 
0 
0 
0 
0 
0 
0 
0 
0 
0 
0 
0 
0 
0 
0 
0 
0 
0 
0 
0 
0 
0 
0 
0 
0 
0 
0 
0 
0 
0 
0 
0 
0 
0 
0 
0 
0 
0 
0 
0 
0 
0 
0 
0 
0 
0 
0 
0 
0 
0 
0 
0 
0 
0 
0 
0 
0 
0 
0 
0 
0 
0 
0 
0 
0 
0 
0 
0 
0 
0 
0 
0 
0 
0 
0 
0 
0 
0 
0 
0 
0 
0 
0 
0 
0 
0 
0 
0 
0 
0 
0 
0 
0 
0 
0 
0 
0 
0 
0 
0 
0 
0 
0 
0 
0 
0 
0 
0 
0 
0 
0 
0 
0 
0 
0 
0 
0 
0 
0 
0 
0 
0 
0 
0 
0 
0 
0 
0 
0 
0 
0 
0 
0 
0 
0 
0 
0 
0 
0 
0 
0 
0 
0 
0 
0 
0 
0 
0 
0 
0 
0 
0 
0 
0 
0 
0 
0 
0 
0 
0 
0 
0 
0 
0 
0 
0 
0 
0 
0 
0 
0 
0 
0 
0 
0 
0 
0 
0 
0 
0 
0 
0 
0 
0 
0 
0 
0 
0 
0 
0 
0 
0 
0 
0 
0 
0 
0 
0 
0 
0 
0 
0 
0 
0 
0 
0 
0 
0 
0 
0 
0 
0 
0 
0 
0 
0 
0 
0 
0 
0 
0 
0 
0 
0 
0 
0 
0 
0 
0 
0 
0 
0 
0 
0 
0 
0 
0 
0 
0 
0 
0 
0 
0 
0 
0 
0 
0 
0 
0 
0 
0 
0 
0 
0 
0 
0 
0 
0 
0 
0 
0 
0 
0 
0 
0 
0 
0 
0 
0 
0 
0 
0 
0 
0 
0 
0 
0 
0 
0 
0 
0 
0 
0 
0 
0 
0 
0 
0 
0 
0 
0 
0 
0 
0 
0 
0 
0 
0 
0 
0 
0 
0 
0 
0 
0 
0 
0 
0 
0 
0 
0 
0 
0 
0 
0 
0 
0 
0 
0 
0 
0 
0 
0 
0 
0 
0 
0 
0 
0 
0 
0 
0 
0 
0 
0 
0 
0 
0 
0 
0 
0 
0 
0 
0 
0 
0 
0 
0 
0 
0 
0 
0 
0 
0 
0 
0 
0 
0 
0 
0 
0 
0 
0 
0 
0 
0 
0 
0 
0 
0 
0 
0 
0 
0 
0 
0 
0 
0 
0 
0 
0 
0 
0 
0 
0 
0 
0 
0 
0 
0 
0 
0 
0 
0 
0 
0 
0 
0 
0 
0 
0 
0 
0 
0 
0 
0 
0 
0 
0 
0 
0 
0 
0 
0 
0 
0 
0 
0 
0 
0 
0 
0 
0 
0 
0 
0 
0 
0 
0 
0 
0 
0 
0 
0 
0 
0 
0 
0 
0 
0 
0 
0 
0 
0 
0 
0 
0 
0 
0 
0 
0 
0 
0 
0 
0 
0 
0 
0 
0 
0 
0 
0 
0 
0 
0 
0 
0 
0 
0 
0 
0 
0 
0 
0 
0 
0 
0 
0 
0 
0 
0 
0 
0 
0 
0 
0 
0 
0 
0 
0 
0 
0 
0 
0 
0 
0 
0 
0 
0 
0 
0 
0 
0 
0 
0 
0 
0 
0 
0 
0 
0 
0 
0 
0 
0 
0 
0 
0 
0 
0 
0 
0 
0 
0 
0 
0 
0 
0 
0 
0 
0 
0 
0 
0 
0 
0 
0 
0 
0 
0 
0 
0 
0 
0 
0 
0 
0 
0 
0 
0 
0 
0 
0 
0 
0 
0 
0 
0 
0 
0 
0 
0 
0 
0 
0 
0 
0 
0 
0 
0 
0 
0 
0 
0 
0 
0 
0 
0 
0 
0 
0 
0 
0 
0 
0 
0 
0 
0 
0 
0 
0 
0 
0 
0 
0 
0 
0 
0 
0 
0 
0 
0 
0 
0 
0 
0 
0 
0 
0 
0 
0 
0 
0 
0 
0 
0 
0 
0 
0 
0 
0 
0 
0 
0 
0 
0 
0 
0 
0 
0 
0 
0 
0 
0 
0 
0 
0 
0 
0 
0 
0 
0 
0 
0 
0 
0 
0 
0 
0 
0 
0 
0 
0 
0 
0 
0 
0 
0 
0 
0 
0 
0 
0 
0 
0 
0 
0 
0 
0 
0 
0 
0 
0 
0 
0 
0 
0 
0 
0 
0 
0 
0 
0 
0 
0 
0 
0 
0 
0 
0 
0 
0 
0 
0 
0 
0 
0 
0 
0 
0 
0 
0 
0 
0 
0 
0 
0 
0 
0 
0 
0 
0 
0 
0 
0 
0 
0 
0 
0 
0 
0 
0 
0 
0 
0 
0 
0 
0 
0 
0 
0 
0 
0 
0 
0 
0 
0 
0 
0 
0 
0 
0 
0 
0 
0 
0 
0 
0 
0 
0 
0 
0 
0 
0 
0 
0 
0 
0 
0 
0 
0 
0 
0 
0 
0 
0 
0 
0 
0 
0 
0 
0 
0 
0 
0 
0 
0 
0 
0 
0 
0 
0 
0 
0 
0 
0 
0 
0 
0 
0 
0 
0 
0 
0 
0 
0 
0 
0 
0 
0 
0 
0 
0 
0 
0 
0 
0 
0 
0 
0 
0 
0 
0 
0 
0 
0 
0 
0 
0 
0 
0 
0 
0 
0 
0 
0 
0 
0 
0 
0 
0 
0 
0 
0 
0 
0 
0 
0 
0 
0 
0 
0 
0 
0 
0 
0 
0 
0 
0 
0 
0 
0 
0 
0 
0 
0 
0 
0 
0 
0 
0 
0 
0 
0 
0 
0 
0 
0 
0 
0 
0 
0 
0 
0 
0 
0 
0 
0 
0 
0 
0 
0 
0 
0 
0 
0 
0 
0 
0 
0 
0 
0 
0 
0 
0 
0 
0 
0 
0 
0 
0 
0 
0 
0 
0 
0 
0 
0 
0 
0 
0 
0 
0 
0 
0 
0 
0 
0 
0 
0 
0 
0 
0 
0 
0 
0 
0 
0 
0 
0 
0 
0 
0 
0 
0 
0 
0 
0 
0 
0 
0 
0 
0 
0 
0 
0 
0 
0 
0 
0 
0 
0 
0 
0 
0 
0 
0 
0 
0 
0 
0 
0 
0 
0 
0 
0 
0 
0 
0 
0 
0 
0 
0 
0 
0 
0 
0 
0 
0 
0 
0 
0 
0 
0 
0 
0 
0 
0 
0 
0 
0 
0 
0 
0 
0 
0 
0 
0 
0 
0 
0 
0 
0 
0 
0 
0 
0 
0 
0 
0 
0 
0 
0 
0 
0 
0 
0 
0 
0 
0 
0 
0 
0 
0 
0 
0 
0 
0 
0 
0 
0 
0 
0 
0 
0 
0 
0 
0 
0 
0 
0 
0 
0 
0 
0 
0 
0 
0 
0 
0 
0 
0 
0 
0 
0 
0 
0 
0 
0 
0 
0 
0 
0 
0 
0 
0 
0 
0 
0 
0 
0 
0 
0 
0 
0 
0 
0 
0 
0 
0 
0 
0 
0 
0 
0 
0 
0 
0 
0 
0 
0 
0 
0 
0 
0 
0 
0 
0 
0 
0 
0 
0 
0 
0 
0 
0 
0 
0 
0 
0 
0 
0 
0 
0 
0 
0 
0 
0 
0 
0 
0 
0 
0 
0 
0 
0 
0 
0 
0 
0 
0 
0 
0 
0 
0 
0 
0 
0 
0 
0 
0 
0 
0 
0 
0 
0 
0 
0 
0 
0 
0 
0 
0 
0 
0 
0 
0 
0 
0 
0 
0 
0 
0 
0 
0 
0 
0 
0 
0 
0 
0 
0 
0 
0 
0 
0 
0 
0 
0 
0 
0 
0 
0 
0 
0 
0 
0 
0 
0 
0 
0 
0 
0 
0 
0 
0 
0 
0 
0 
0 
0 
0 
0 
0 
0 
0 
0 
0 
0 
0 
0 
0 
0 
0 
0 
0 
0 
0 
0 
0 
0 
0 
0 
0 
0 
0 
0 
0 
0 
0 
0 
0 
0 
0 
0 
0 
0 
0 
0 
0 
0 
0 
0 
0 
0 
0 
0 
0 
0 
0 
0 
0 
0 
0 
0 
0 
0 
0 
0 
0 
0 
0 
0 
0 
0 
0 
0 
0 
0 
0 
0 
0 
0 
0 
0 
0 
0 
0 
0 
0 
0 
0 
0 
0 
0 
0 
0 
0 
0 
0 
0 
0 
0 
0 
0 
0 
0 
0 
0 
0 
0 
0 
0 
0 
0 
0 
0 
0 
0 
0 
0 
0 
0 
0 
0 
0 
0 
0 
0 
0 
0 
0 
0 
0 
0 
0 
0 
0 
0 
0 
0 
0 
0 
0 
0 
0 
0 
0 
0 
0 
0 
0 
0 
0 
0 
0 
0 
0 
0 
0 
0 
0 
0 
0 
0 
0 
0 
0 
0 
0 
0 
0 
0 
0 
0 
0 
0 
0 
0 
0 
0 
0 
0 
0 
0 
0 
0 
0 
0 
0 
0 
0 
0 
0 
0 
0 
0 
0 
0 
0 
0 
0 
0 
0 
0 
0 
0 
0 
0 
0 
0 
0 
0 
0 
0 
0 
0 
0 
0 
0 
0 
0 
0 
0 
0 
0 
0 
0 
0 
0 
0 
0 
0 
0 
0 
0 
0 
0 
0 
0 
0 
0 
0 
0 
0 
0 
0 
0 
0 
0 
0 
0 
0 
0 
0 
0 
0 
0 
0 
0 
0 
0 
0 
0 
0 
0 
0 
0 
0 
0 
0 
0 
0 
0 
0 
0 
0 
0 
0 
0 
0 
0 
0 
0 
0 
0 
0 
0 
0 
0 
0 
0 
0 
0 
0 
0 
0 
0 
0 
0 
0 
0 
0 
0 
0 
0 
0 
0 
0 
0 
0 
0 
0 
0 
0 
0 
0 
0 
0 
0 
0 
0 
0 
0 
0 
0 
0 
0 
0 
0 
0 
0 
0 
0 
0 
0 
0 
0 
0 
0 
0 
0 
0 
0 
0 
0 
0 
0 
0 
0 
0 
0 
0 
0 
0 
0 
0 
0 
0 
0 
0 
0 
0 
0 
0 
0 
0 
0 
0 
0 
0 
0 
0 
0 
0 
0 
0 
0 
0 
0 
0 
0 
0 
0 
0 
0 
0 
0 
0 
0 
0 
0 
0 
0 
0 
0 
0 
0 
0 
0 
0 
0 
0 
0 
0 
0 
0 
0 
0 
0 
0 
0 
0 
0 
0 
0 
0 
0 
0 
0 
0 
0 
0 
0 
0 
0 
0 
0 
0 
0 
0 
0 
0 
0 
0 
0 
0 
0 
0 
0 
0 
0 
0 
0 
0 
0 
0 
0 
0 
0 
0 
0 
0 
0 
0 
0 
0 
0 
0 
0 
0 
0 
0 
0 
0 
0 
0 
0 
0 
0 
0 
0 
0 
0 
0 
0 
0 
0 
0 
0 
0 
0 
0 
0 
0 
0 
0 
0 
0 
0 
0 
0 
0 
0 
0 
0 
0 
0 
0 
0 
0 
0 
0 
0 
0 
0 
0 
0 
0 
0 
0 
0 
0 
0 
0 
0 
0 
0 
0 
0 
0 
0 
0 
0 
0 
0 
0 
0 
0 
0 
0 
0 
0 
0 
0 
0 
0 
0 
0 
0 
0 
0 
0 
0 
0 
0 
0 
0 
0 
0 
0 
0 
0 
0 
0 
0 
0 
0 
0 
0 
0 
0 
0 
0 
0 
0 
0 
0 
0 
0 
0 
0 
0 
0 
0 
0 
0 
0 
0 
0 
0 
0 
0 
0 
0 
0 
0 
0 
0 
0 
0 
0 
0 
0 
0 
0 
0 
0 
0 
0 
0 
0 
0 
0 
0 
0 
0 
0 
0 
0 
0 
0 
0 
0 
0 
0 
0 
0 
0 
0 
0 
0 
0 
0 
0 
0 
0 
0 
0 
0 
0 
0 
0 
0 
0 
0 
0 
0 
0 
0 
0 
0 
0 
0 
0 
0 
0 
0 
0 
0 
0 
0 
0 
0 
0 
0 
0 
0 
0 
0 
0 
0 
0 
0 
0 
0 
0 
0 
0 
0 
0 
0 
0 
0 
0 
0 
0 
0 
0 
0 
0 
0 
0 
0 
0 
0 
0 
0 
0 
0 
0 
0 
0 
0 
0 
0 
0 
0 
0 
0 
0 
0 
0 
0 
0 
0 
0 
0 
0 
0 
0 
0 
0 
0 
0 
0 
0 
0 
0 
0 
0 
0 
0 
0 
0 
0 
0 
0 
0 
0 
0 
0 
0 
0 
0 
0 
0 
0 
0 
0 
0 
0 
0 
0 
0 
0 
0 
0 
0 
0 
0 
0 
0 
0 
0 
0 
0 
0 
0 
0 
0 
0 
0 
0 
0 
0 
0 
0 
0 
0 
0 
0 
0 
0 
0 
0 
0 
0 
0 
0 
0 
0 
0 
0 
0 
0 
0 
0 
0 
0 
0 
0 
0 
0 
0 
0 
0 
0 
0 
0 
0 
0 
0 
0 
0 
0 
0 
0 
0 
0 
0 
0 
0 
0 
0 
0 
0 
0 
0 
0 
0 
0 
0 
0 
0 
0 
0 
0 
0 
0 
0 
0 
0 
0 
0 
0 
0 
0 
0 
0 
0 
0 
0 
0 
0 
0 
0 
0 
0 
0 
0 
0 
0 
0 
0 
0 
0 
0 
0 
0 
0 
0 
0 
0 
0 
0 
0 
0 
0 
0 
0 
0 
0 
0 
0 
0 
0 
0 
0 
0 
0 
0 
0 
0 
0 
0 
0 
0 
0 
0 
0 
0 
0 
0 
0 
0 
0 
0 
0 
0 
0 
0 
0 
0 
0 
0 
0 
0 
0 
0 
0 
0 
0 
0 
0 
0 
0 
0 
0 
0 
0 
0 
0 
0 
0 
0 
0 
0 
0 
0 
0 
0 
0 
0 
0 
0 
0 
0 
0 
0 
0 
0 
0 
0 
0 
0 
0 
0 
0 
0 
0 
0 
0 
0 
0 
0 
0 
0 
0 
0 
0 
0 
0 
0 
0 
0 
0 
0 
0 
0 
0 
0 
0 
0 
0 
0 
0 
0 
0 
0 
0 
0 
0 
0 
0 
0 
0 
0 
0 
0 
0 
0 
0 
0 
0 
0 
0 
0 
0 
0 
0 
0 
0 
0 
0 
0 
0 
0 
0 
0 
0 
0 
0 
0 
0 
0 
0 
0 
0 
0 
0 
0 
0 
0 
0 
0 
0 
0 
0 
0 
0 
0 
0 
0 
0 
0 
0 
0 
0 
0 
0 
0 
0 
0 
0 
0 
0 
0 
0 
0 
0 
0 
0 
0 
0 
0 
0 
0 
0 
0 
0 
0 
0 
0 
0 
0 
0 
0 
0 
0 
0 
0 
0 
0 
0 
0 
0 
0 
0 
0 
0 
0 
0 
0 
0 
0 
0 
0 
0 
0 
0 
0 
0 
0 
0 
0 
0 
0 
0 
0 
0 
0 
0 
0 
0 
0 
0 
0 
0 
0 
0 
0 
0 
0 
0 
0 
0 
0 
0 
0 
0 
0 
0 
0 
0 
0 
0 
0 
0 
0 
0 
0 
0 
0 
0 
0 
0 
0 
0 
0 
0 
0 
0 
0 
0 
0 
0 
0 
0 
0 
0 
0 
0 
0 
0 
0 
0 
0 
0 
0 
0 
0 
0 
0 
0 
0 
0 
0 
0 
0 
0 
0 
0 
0 
0 
0 
0 
0 
0 
0 
0 
0 
0 
0 
0 
0 
0 
0 
0 
0 
0 
0 
0 
0 
0 
0 
0 
0 
0 
0 
0 
0 
0 
0 
0 
0 
0 
0 
0 
0 
0 
0 
0 
0 
0 
0 
0 
0 
0 
0 
0 
0 
0 
0 
0 
0 
0 
0 
0 
0 
0 
0 
0 
0 
0 
0 
0 
0 
0 
0 
0 
0 
0 
0 
0 
0 
0 
0 
0 
0 
0 
0 
0 
0 
0 
0 
0 
0 
0 
0 
0 
0 
0 
0 
0 
0 
0 
0 
0 
0 
0 
0 
0 
0 
0 
0 
0 
0 
0 
0 
0 
0 
0 
0 
0 
0 
0 
0 
0 
0 
0 
0 
0 
0 
0 
0 
0 
0 
0 
0 
0 
0 
0 
0 
0 
0 
0 
0 
0 
0 
0 
0 
0 
0 
0 
0 
0 
0 
0 
0 
0 
0 
0 
0 
0 
0 
0 
0 
0 
0 
0 
0 
0 
0 
0 
0 
0 
0 
0 
0 
0 
0 
0 
0 
0 
0 
0 
0 
0 
0 
0 
0 
0 
0 
0 
0 
0 
0 
0 
0 
0 
0 
0 
0 
0 
0 
0 
0 
0 
0 
0 
0 
0 
0 
0 
0 
0 
0 
0 
0 
0 
0 
0 
0 
0 
0 
0 
0 
0 
0 
0 
0 
0 
0 
0 
0 
0 
0 
0 
0 
0 
0 
0 
0 
0 
0 
0 
0 
0 
0 
0 
0 
0 
0 
0 
0 
0 
0 
0 
0 
0 
0 
0 
0 
0 
0 
0 
0 
0 
0 
0 
0 
0 
0 
0 
0 
0 
0 
0 
0 
0 
0 
0 
0 
0 
0 
0 
0 
0 
0 
0 
0 
0 
0 
0 
0 
0 
0 
0 
0 
0 
0 
0 
0 
0 
0 
0 
0 
0 
0 
0 
0 
0 
0 
0 
0 
0 
0 
0 
0 
0 
0 
0 
0 
0 
0 
0 
0 
0 
0 
0 
0 
0 
0 
0 
0 
0 
0 
0 
0 
0 
0 
0 
0 
0 
0 
0 
0 
0 
0 
0 
0 
0 
0 
0 
0 
0 
0 
0 
0 
0 
0 
0 
0 
0 
0 
0 
0 
0 
0 
0 
0 
0 
0 
0 
0 
0 
0 
0 
0 
0 
0 
0 
0 
0 
0 
0 
0 
0 
0 
0 
0 
0 
0 
0 
0 
0 
0 
0 
0 
0 
0 
0 
0 
0 
0 
0 
0 
0 
0 
0 
0 
0 
0 
0 
0 
0 
0 
0 
0 
0 
0 
0 
0 
0 
0 
0 
0 
0 
0 
0 
0 
0 
0 
0 
0 
0 
0 
0 
0 
0 
0 
0 
0 
0 
0 
0 
0 
0 
0 
0 
0 
0 
0 
0 
0 
0 
0 
0 
0 
0 
0 
0 
0 
0 
0 
0 
0 
0 
0 
0 
0 
0 
0 
0 
0 
0 
0 
0 
0 
0 
0 
0 
0 
0 
0 
0 
0 
0 
0 
0 
0 
0 
0 
0 
0 
0 
0 
0 
0 
0 
0 
0 
0 
0 
0 
0 
0 
0 
0 
0 
0 
0 
0 
0 
0 
0 
0 
0 
0 
0 
0 
0 
0 
0 
0 
0 
0 
0 
0 
0 
0 
0 
0 
0 
0 
0 
0 
0 
0 
0 
0 
0 
0 
0 
0 
0 
0 
0 
0 
0 
0 
0 
0 
0 
0 
0 
0 
0 
0 
0 
0 
0 
0 
0 
0 
0 
0 
0 
0 
0 
0 
0 
0 
0 
0 
0 
0 
0 
0 
0 
0 
0 
0 
0 
0 
0 
0 
0 
0 
0 
0 
0 
0 
0 
0 
0 
0 
0 
0 
0 
0 
0 
0 
0 
0 
0 
0 
0 
0 
0 
0 
0 
0 
0 
0 
0 
0 
0 
0 
0 
0 
0 
0 
0 
0 
0 
0 
0 
0 
0 
0 
0 
0 
0 
0 
0 
0 
0 
0 
0 
0 
0 
0 
0 
0 
0 
0 
0 
0 
0 
0 
0 
0 
0 
0 
0 
0 
0 
0 
0 
0 
0 
0 
0 
0 
0 
0 
0 
0 
0 
0 
0 
0 
0 
0 
0 
0 
0 
0 
0 
0 
0 
0 
0 
0 
0 
0 
0 
0 
0 
0 
0 
0 
0 
0 
0 
0 
0 
0 
0 
0 
0 
0 
0 
0 
0 
0 
0 
0 
0 
0 
0 
0 
0 
0 
0 
0 
0 
0 
0 
0 
0 
0 
0 
0 
0 
0 
0 
0 
0 
0 
0 
0 
0 
0 
0 
0 
0 
0 
0 
0 
0 
0 
0 
0 
0 
0 
0 
0 
0 
0 
0 
0 
0 
0 
0 
0 
0 
0 
0 
0 
0 
0 
0 
0 
0 
0 
0 
0 
0 
0 
0 
0 
0 
0 
0 
0 
0 
0 
0 
0 
0 
0 
0 
0 
0 
0 
0 
0 
0 
0 
0 
0 
0 
0 
0 
0 
0 
0 
0 
0 
0 
0 
0 
0 
0 
0 
0 
0 
0 
0 
0 
0 
0 
0 
0 
0 
0 
0 
0 
0 
0 
0 
0 
0 
0 
0 
0 
0 
0 
0 
0 
0 
0 
0 
0 
0 
0 
0 
0 
0 
0 
0 
0 
0 
0 
0 
0 
0 
0 
0 
0 
0 
0 
0 
0 
0 
0 
0 
0 
0 
0 
0 
0 
0 
0 
0 
0 
0 
0 
0 
0 
0 
0 
0 
0 
0 
0 
0 
0 
0 
0 
0 
0 
0 
0 
0 
0 
0 
0 
0 
0 
0 
0 
0 
0 
0 
0 
0 
0 
0 
0 
0 
0 
0 
0 
0 
0 
0 
0 
0 
0 
0 
0 
0 
0 
0 
0 
0 
0 
0 
0 
0 
0 
0 
0 
0 
0 
0 
0 
0 
0 
0 
0 
0 
0 
0 
0 
0 
0 
0 
0 
0 
0 
0 
0 
0 
0 
0 
0 
0 
0 
0 
0 
0 
0 
0 
0 
0 
0 
0 
0 
0 
0 
0 
0 
0 
0 
0 
0 
0 
0 
0 
0 
0 
0 
0 
0 
0 
0 
0 
0 
0 
0 
0 
0 
0 
0 
0 
0 
0 
0 
0 
0 
0 
0 
0 
0 
0 
0 
0 
0 
0 
0 
0 
0 
0 
0 
0 
0 
0 
0 
0 
0 
0 
0 
0 
0 
0 
0 
0 
0 
0 
0 
0 
0 
0 
0 
0 
0 
0 
0 
0 
0 
0 
0 
0 
0 
0 
0 
0 
0 
0 
0 
0 
0 
0 
0 
0 
0 
0 
0 
0 
0 
0 
0 
0 
0 
0 
0 
0 
0 
0 
0 
0 
0 
0 
0 
0 
0 
0 
0 
0 
0 
0 
0 
0 
0 
0 
0 
0 
0 
0 
0 
0 
0 
0 
0 
0 
0 
0 
0 
0 
0 
0 
0 
0 
0 
0 
0 
0 
0 
0 
0 
0 
0 
0 
0 
0 
0 
0 
0 
0 
0 
0 
0 
0 
0 
0 
0 
0 
0 
0 
0 
0 
0 
0 
0 
0 
0 
0 
0 
0 
0 
0 
0 
0 
0 
0 
0 
0 
0 
0 
0 
0 
0 
0 
0 
0 
0 
0 
0 
0 
0 
0 
0 
0 
0 
0 
0 
0 
0 
0 
0 
0 
0 
0 
0 
0 
0 
0 
0 
0 
0 
0 
0 
0 
0 
0 
0 
0 
0 
0 
0 
0 
0 
0 
0 
0 
0 
0 
0 
0 
0 
0 
0 
0 
0 
0 
0 
0 
0 
0 
0 
0 
0 
0 
0 
0 
0 
0 
0 
0 
0 
0 
0 
0 
0 
0 
0 
0 
0 
0 
0 
0 
0 
0 
0 
0 
0 
0 
0 
0 
0 
0 
0 
0 
0 
0 
0 
0 
0 
0 
0 
0 
0 
0 
0 
0 
0 
0 
0 
0 
0 
0 
0 
0 
0 
0 
0 
0 
0 
0 
0 
0 
0 
0 
0 
0 
0 
0 
0 
0 
0 
0 
0 
0 
0 
0 
0 
0 
0 
0 
0 
0 
0 
0 
0 
0 
0 
0 
0 
0 
0 
0 
0 
0 
0 
0 
0 
0 
0 
0 
0 
0 
0 
0 
0 
0 
0 
0 
0 
0 
0 
0 
0 
0 
0 
0 
0 
0 
0 
0 
0 
0 
0 
0 
0 
0 
0 
0 
0 
0 
0 
0 
0 
0 
0 
0 
0 
0 
0 
0 
0 
0 
0 
0 
0 
0 
0 
0 
0 
0 
0 
0 
0 
0 
0 
0 
0 
0 
0 
0 
0 
0 
0 
0 
0 
0 
0 
0 
0 
0 
0 
0 
0 
0 
0 
0 
0 
0 
0 
0 
0 
0 
0 
0 
0 
0 
0 
0 
0 
0 
0 
0 
0 
0 
0 
0 
0 
0 
0 
0 
0 
0 
0 
0 
0 
0 
0 
0 
0 
0 
0 
0 
0 
0 
0 
0 
0 
0 
0 
0 
0 
0 
0 
0 
0 
0 
0 
0 
0 
0 
0 
0 
0 
0 
0 
0 
0 
0 
0 
0 
0 
0 
0 
0 
0 
0 
0 
0 
0 
0 
0 
0 
0 
0 
0 
0 
0 
0 
0 
0 
0 
0 
0 
0 
0 
0 
0 
0 
0 
0 
0 
0 
0 
0 
0 
0 
0 
0 
0 
0 
0 
0 
0 
0 
0 
0 
0 
0 
0 
0 
0 
0 
0 
0 
0 
0 
0 
0 
0 
0 
0 
0 
0 
0 
0 
0 
0 
0 
0 
0 
0 
0 
0 
0 
0 
0 
0 
0 
0 
0 
0 
0 
0 
0 
0 
0 
0 
0 
0 
0 
0 
0 
0 
0 
0 
0 
0 
0 
0 
0 
0 
0 
0 
0 
0 
0 
0 
0 
0 
0 
0 
0 
0 
0 
0 
0 
0 
0 
0 
0 
0 
0 
0 
0 
0 
0 
0 
0 
0 
0 
0 
0 
0 
0 
0 
0 
0 
0 
0 
0 
0 
0 
0 
0 
0 
0 
0 
0 
0 
0 
0 
0 
0 
0 
0 
0 
0 
0 
0 
0 
0 
0 
0 
0 
0 
0 
0 
0 
0 
0 
0 
0 
0 
0 
0 
0 
0 
0 
0 
0 
0 
0 
0 
0 
0 
0 
0 
0 
0 
0 
0 
0 
0 
0 
0 
0 
0 
0 
0 
0 
0 
0 
0 
0 
0 
0 
0 
0 
0 
0 
0 
0 
0 
0 
0 
0 
0 
0 
0 
0 
0 
0 
0 
0 
0 
0 
0 
0 
0 
0 
0 
0 
0 
0 
0 
0 
0 
0 
0 
0 
0 
0 
0 
0 
0 
0 
0 
0 
0 
0 
0 
0 
0 
0 
0 
0 
0 
0 
0 
0 
0 
0 
0 
0 
0 
0 
0 
0 
0 
0 
0 
0 
0 
0 
0 
0 
0 
0 
0 
0 
0 
0 
0 
0 
0 
0 
0 
0 
0 
0 
0 
0 
0 
0 
0 
0 
0 
0 
0 
0 
0 
0 
0 
0 
0 
0 
0 
0 
0 
0 
0 
0 
0 
0 
0 
0 
0 
0 
0 
0 
0 
0 
0 
0 
0 
0 
0 
0 
0 
0 
0 
0 
0 
0 
0 
0 
0 
0 
0 
0 
0 
0 
0 
0 
0 
0 
0 
0 
0 
0 
0 
0 
0 
0 
0 
0 
0 
0 
0 
0 
0 
0 
0 
0 
0 
0 
0 
0 
0 
0 
0 
0 
0 
0 
0 
0 
0 
0 
0 
0 
0 
0 
0 
0 
0 
0 
0 
0 
0 
0 
0 
0 
0 
0 
0 
0 
0 
0 
0 
0 
0 
0 
0 
0 
0 
0 
0 
0 
0 
0 
0 
0 
0 
0 
0 
0 
0 
0 
0 
0 
0 
0 
0 
0 
0 
0 
0 
0 
0 
0 
0 
0 
0 
0 
0 
0 
0 
0 
0 
0 
0 
0 
0 
0 
0 
0 
0 
0 
0 
0 
0 
0 
0 
0 
0 
0 
0 
0 
0 
0 
0 
0 
0 
0 
0 
0 
0 
0 
0 
0 
0 
0 
0 
0 
0 
0 
0 
0 
0 
0 
0 
0 
0 
0 
0 
0 
0 
0 
0 
0 
0 
0 
0 
0 
0 
0 
0 
0 
0 
0 
0 
0 
0 
0 
0 
0 
0 
0 
0 
0 
0 
0 
0 
0 
0 
0 
0 
0 
0 
0 
0 
0 
0 
0 
0 
0 
0 
0 
0 
0 
0 
0 
0 
0 
0 
0 
0 
0 
0 
0 
0 
0 
0 
0 
0 
0 
0 
0 
0 
0 
0 
0 
0 
0 
0 
0 
0 
0 
0 
0 
0 
0 
0 
0 
0 
0 
0 
0 
0 
0 
0 
0 
0 
0 
0 
0 
0 
0 
0 
0 
0 
0 
0 
0 
0 
0 
0 
0 
0 
0 
0 
0 
0 
0 
0 
0 
0 
0 
0 
0 
0 
0 
0 
0 
0 
0 
0 
0 
0 
0 
0 
0 
0 
0 
0 
0 
0 
0 
0 
0 
0 
0 
0 
0 
0 
0 
0 
0 
0 
0 
0 
0 
0 
0 
0 
0 
0 
0 
0 
0 
0 
0 
0 
0 
0 
0 
0 
0 
0 
0 
0 
0 
0 
0 
0 
0 
0 
0 
0 
0 
0 
0 
0 
0 
0 
0 
0 
0 
0 
0 
0 
0 
0 
0 
0 
0 
0 
0 
0 
0 
0 
0 
0 
0 
0 
0 
0 
0 
0 
0 
0 
0 
0 
0 
0 
0 
0 
0 
0 
0 
0 
0 
0 
0 
0 
0 
0 
0 
0 
0 
0 
0 
0 
0 
0 
0 
0 
0 
0 
0 
0 
0 
0 
0 
0 
0 
0 
0 
0 
0 
0 
0 
0 
0 
0 
0 
0 
0 
0 
0 
0 
0 
0 
0 
0 
0 
0 
0 
0 
0 
0 
0 
0 
0 
0 
0 
0 
0 
0 
0 
0 
0 
0 
0 
0 
0 
0 
0 
0 
0 
0 
0 
0 
0 
0 
0 
0 
0 
0 
0 
0 
0 
0 
0 
0 
0 
0 
0 
0 
0 
0 
0 
0 
0 
0 
0 
0 
0 
0 
0 
0 
0 
0 
0 
0 
0 
0 
0 
0 
0 
0 
0 
0 
0 
0 
0 
0 
0 
0 
0 
0 
0 
0 
0 
0 
0 
0 
0 
0 
0 
0 
0 
0 
0 
0 
0 
0 
0 
0 
0 
0 
0 
0 
0 
0 
0 
0 
0 
0 
0 
0 
0 
0 
0 
0 
0 
0 
0 
0 
0 
0 
0 
0 
0 
0 
0 
0 
0 
0 
0 
0 
0 
0 
0 
0 
0 
0 
0 
0 
0 
0 
0 
0 
0 
0 
0 
0 
0 
0 
0 
0 
0 
0 
0 
0 
0 
0 
0 
0 
0 
0 
0 
0 
0 
0 
0 
0 
0 
0 
0 
0 
0 
0 
0 
0 
0 
0 
0 
0 
0 
0 
0 
0 
0 
0 
0 
0 
0 
0 
0 
0 
0 
0 
0 
0 
0 
0 
0 
0 
0 
0 
0 
0 
0 
0 
0 
0 
0 
0 
0 
0 
0 
0 
0 
0 
0 
0 
0 
0 
0 
0 
0 
0 
0 
0 
0 
0 
0 
0 
0 
0 
0 
0 
0 
0 
0 
0 
0 
0 
0 
0 
0 
0 
0 
0 
0 
0 
0 
0 
0 
0 
0 
0 
0 
0 
0 
0 
0 
0 
0 
0 
0 
0 
0 
0 
0 
0 
0 
0 
0 
0 
0 
0 
0 
0 
0 
0 
0 
0 
0 
0 
0 
0 
0 
0 
0 
0 
0 
0 
0 
0 
0 
0 
0 
0 
0 
0 
0 
0 
0 
0 
0 
0 
0 
0 
0 
0 
0 
0 
0 
0 
0 
0 
0 
0 
0 
0 
0 
0 
0 
0 
0 
0 
0 
0 
0 
0 
0 
0 
0 
0 
0 
0 
0 
0 
0 
0 
0 
0 
0 
0 
0 
0 
0 
0 
0 
0 
0 
0 
0 
0 
0 
0 
0 
0 
0 
0 
0 
0 
0 
0 
0 
0 
0 
0 
0 
0 
0 
0 
0 
0 
0 
0 
0 
0 
0 
0 
0 
0 
0 
0 
0 
0 
0 
0 
0 
0 
0 
0 
0 
0 
0 
0 
0 
0 
0 
0 
0 
0 
0 
0 
0 
0 
0 
0 
0 
0 
0 
0 
0 
0 
0 
0 
0 
0 
0 
0 
0 
0 
0 
0 
0 
0 
0 
0 
0 
0 
0 
0 
0 
0 
0 
0 
0 
0 
0 
0 
0 
0 
0 
0 
0 
0 
0 
0 
0 
0 
0 
0 
0 
0 
0 
0 
0 
0 
0 
0 
0 
0 
0 
0 
0 
0 
0 
0 
0 
0 
0 
0 
0 
0 
0 
0 
0 
0 
0 
0 
0 
0 
0 
0 
0 
0 
0 
0 
0 
0 
0 
0 
0 
0 
0 
0 
0 
0 
0 
0 
0 
0 
0 
0 
0 
0 
0 
0 
0 
0 
0 
0 
0 
0 
0 
0 
0 
0 
0 
0 
0 
0 
0 
0 
0 
0 
0 
0 
0 
0 
0 
0 
0 
0 
0 
0 
0 
0 
0 
0 
0 
0 
0 
0 
0 
0 
0 
0 
0 
0 
0 
0 
0 
0 
0 
0 
0 
0 
0 
0 
0 
0 
0 
0 
0 
0 
0 
0 
0 
0 
0 
0 
0 
0 
0 
0 
0 
0 
0 
0 
0 
0 
0 
0 
0 
0 
0 
0 
0 
0 
0 
0 
0 
0 
0 
0 
0 
0 
0 
0 
0 
0 
0 
0 
0 
0 
0 
0 
0 
0 
0 
0 
0 
0 
0 
0 
0 
0 
0 
0 
0 
0 
0 
0 
0 
0 
0 
0 
0 
0 
0 
0 
0 
0 
0 
0 
0 
0 
0 
0 
0 
0 
0 
0 
0 
0 
0 
0 
0 
0 
0 
0 
0 
0 
0 
0 
0 
0 
0 
0 
0 
0 
0 
0 
0 
0 
0 
0 
0 
0 
0 
0 
0 
0 
0 
0 
0 
0 
0 
0 
0 
0 
0 
0 
0 
0 
0 
0 
0 
0 
0 
0 
0 
0 
0 
0 
0 
0 
0 
0 
0 
0 
0 
0 
0 
0 
0 
0 
0 
0 
0 
0 
0 
0 
0 
0 
0 
0 
0 
0 
0 
0 
0 
0 
0 
0 
0 
0 
0 
0 
0 
0 
0 
0 
0 
0 
0 
0 
0 
0 
0 
0 
0 
0 
0 
0 
0 
0 
0 
0 
0 
0 
0 
0 
0 
0 
0 
0 
0 
0 
0 
0 
0 
0 
0 
0 
0 
0 
0 
0 
0 
0 
0 
0 
0 
0 
0 
0 
0 
0 
0 
0 
0 
0 
0 
0 
0 
0 
0 
0 
0 
0 
0 
0 
0 
0 
0 
0 
0 
0 
0 
0 
0 
0 
0 
0 
0 
0 
0 
0 
0 
0 
0 
0 
0 
0 
0 
0 
0 
0 
0 
0 
0 
0 
0 
0 
0 
0 
0 
0 
0 
0 
0 
0 
0 
0 
0 
0 
0 
0 
0 
0 
0 
0 
0 
0 
0 
0 
0 
0 
0 
0 
0 
0 
0 
0 
0 
0 
0 
0 
0 
0 
0 
0 
0 
0 
0 
0 
0 
0 
0 
0 
0 
0 
0 
0 
0 
0 
0 
0 
0 
0 
0 
0 
0 
0 
0 
0 
0 
0 
0 
0 
0 
0 
0 
0 
0 
0 
0 
0 
0 
0 
0 
0 
0 
0 
0 
0 
0 
0 
0 
0 
0 
0 
0 
0 
0 
0 
0 
0 
0 
0 
0 
0 
0 
0 
0 
0 
0 
0 
0 
0 
0 
0 
0 
0 
0 
0 
0 
0 
0 
0 
0 
0 
0 
0 
0 
0 
0 
0 
0 
0 
0 
0 
0 
0 
0 
0 
0 
0 
0 
0 
0 
0 
0 
0 
0 
0 
0 
0 
0 
0 
0 
0 
0 
0 
0 
0 
0 
0 
0 
0 
0 
0 
0 
0 
0 
0 
0 
0 
0 
0 
0 
0 
0 
0 
0 
0 
0 
0 
0 
0 
0 
0 
0 
0 
0 
0 
0 
0 
0 
0 
0 
0 
0 
0 
0 
0 
0 
0 
0 
0 
0 
0 
0 
0 
0 
0 
0 
0 
0 
0 
0 
0 
0 
0 
0 
0 
0 
0 
0 
0 
0 
0 
0 
0 
0 
0 
0 
0 
0 
0 
0 
0 
0 
0 
0 
0 
0 
0 
0 
0 
0 
0 
0 
0 
0 
0 
0 
0 
0 
0 
0 
0 
0 
0 
0 
0 
0 
0 
0 
0 
0 
0 
0 
0 
0 
0 
0 
0 
0 
0 
0 
0 
0 
0 
0 
0 
0 
0 
0 
0 
0 
0 
0 
0 
0 
0 
0 
0 
0 
0 
0 
0 
0 
0 
0 
0 
0 
0 
0 
0 
0 
0 
0 
0 
0 
0 
0 
0 
0 
0 
0 
0 
0 
0 
0 
0 
0 
0 
0 
0 
0 
0 
0 
0 
0 
0 
0 
0 
0 
0 
0 
0 
0 
0 
0 
0 
0 
0 
0 
0 
0 
0 
0 
0 
0 
0 
0 
0 
0 
0 
0 
0 
0 
0 
0 
0 
0 
0 
0 
0 
0 
0 
0 
0 
0 
0 
0 
0 
0 
0 
0 
0 
0 
0 
0 
0 
0 
0 
0 
0 
0 
0 
0 
0 
0 
0 
0 
0 
0 
0 
0 
0 
0 
0 
0 
0 
0 
0 
0 
0 
0 
0 
0 
0 
0 
0 
0 
0 
0 
0 
0 
0 
0 
0 
0 
0 
0 
0 
0 
0 
0 
0 
0 
0 
0 
0 
0 
0 
0 
0 
0 
0 
0 
0 
0 
0 
0 
0 
0 
0 
0 
0 
0 
0 
0 
0 
0 
0 
0 
0 
0 
0 
0 
0 
0 
0 
0 
0 
0 
0 
0 
0 
0 
0 
0 
0 
0 
0 
0 
0 
0 
0 
0 
0 
0 
0 
0 
0 
0 
0 
0 
0 
0 
0 
0 
0 
0 
0 
0 
0 
0 
0 
0 
0 
0 
0 
0 
0 
0 
0 
0 
0 
0 
0 
0 
0 
0 
0 
0 
0 
0 
0 
0 
0 
0 
0 
0 
0 
0 
0 
0 
0 
0 
0 
0 
0 
0 
0 
0 
0 
0 
0 
0 
0 
0 
0 
0 
0 
0 
0 
0 
0 
0 
0 
0 
0 
0 
0 
0 
0 
0 
0 
0 
0 
0 
0 
0 
0 
0 
0 
0 
0 
0 
0 
0 
0 
0 
0 
0 
0 
0 
0 
0 
0 
0 
0 
0 
0 
0 
0 
0 
0 
0 
0 
0 
0 
0 
0 
0 
0 
0 
0 
0 
0 
0 
0 
0 
0 
0 
0 
0 
0 
0 
0 
0 
0 
0 
0 
0 
0 
0 
0 
0 
0 
0 
0 
0 
0 
0 
0 
0 
0 
0 
0 
0 
0 
0 
0 
0 
0 
0 
0 
0 
0 
0 
0 
0 
0 
0 
0 
0 
0 
0 
0 
0 
0 
0 
0 
0 
0 
0 
0 
0 
0 
0 
0 
0 
0 
0 
0 
0 
0 
0 
0 
0 
0 
0 
0 
0 
0 
0 
0 
0 
0 
0 
0 
0 
0 
0 
0 
0 
0 
0 
0 
0 
0 
0 
0 
0 
0 
0 
0 
0 
0 
0 
0 
0 
0 
0 
0 
0 
0 
0 
0 
0 
0 
0 
0 
0 
0 
0 
0 
0 
0 
0 
0 
0 
0 
0 
0 
0 
0 
0 
0 
0 
0 
0 
0 
0 
0 
0 
0 
0 
0 
0 
0 
0 
0 
0 
0 
0 
0 
0 
0 
0 
0 
0 
0 
0 
0 
0 
0 
0 
0 
0 
0 
0 
0 
0 
0 
0 
0 
0 
0 
0 
0 
0 
0 
0 
0 
0 
0 
0 
0 
0 
0 
0 
0 
0 
0 
0 
0 
0 
0 
0 
0 
0 
0 
0 
0 
0 
0 
0 
0 
0 
0 
0 
0 
0 
0 
0 
0 
0 
0 
0 
0 
0 
0 
0 
0 
0 
0 
0 
0 
0 
0 
0 
0 
0 
0 
0 
0 
0 
0 
0 
0 
0 
0 
0 
0 
0 
0 
0 
0 
0 
0 
0 
0 
0 
0 
0 
0 
0 
0 
0 
0 
0 
0 
0 
0 
0 
0 
0 
0 
0 
0 
0 
0 
0 
0 
0 
0 
0 
0 
0 
0 
0 
0 
0 
0 
0 
0 
0 
0 
0 
0 
0 
0 
0 
0 
0 
0 
0 
0 
0 
0 
0 
0 
0 
0 
0 
0 
0 
0 
0 
0 
0 
0 
0 
0 
0 
0 
0 
0 
0 
0 
0 
0 
0 
0 
0 
0 
0 
0 
0 
0 
0 
0 
0 
0 
0 
0 
0 
0 
0 
0 
0 
0 
0 
0 
0 
0 
0 
0 
0 
0 
0 
0 
0 
0 
0 
0 
0 
0 
0 
0 
0 
0 
0 
0 
0 
0 
0 
0 
0 
0 
0 
0 
0 
0 
0 
0 
0 
0 
0 
0 
0 
0 
0 
0 
0 
0 
0 
0 
0 
0 
0 
0 
0 
0 
0 
0 
0 
0 
0 
0 
0 
0 
0 
0 
0 
0 
0 
0 
0 
0 
0 
0 
0 
0 
0 
0 
0 
0 
0 
0 
0 
0 
0 
0 
0 
0 
0 
0 
0 
0 
0 
0 
0 
0 
0 
0 
0 
0 
0 
0 
0 
0 
0 
0 
0 
0 
0 
0 
0 
0 
0 
0 
0 
0 
0 
0 
0 
0 
0 
0 
0 
0 
0 
0 
0 
0 
!IDEND=

