!FILE=Disk 
!KIND=Matrix 
!LABORATORY=Oslo Cyclotron Laboratory (OCL) 
!EXPERIMENT=siri2root 
!COMMENT=none
!TIME=2021-01-12 12:39:45
!CALIBRATION EkeV=6, 0.000000E+00, 1.000000E+00, 0.000000E+00
!PRECISION=16
!DIMENSION=1,0:20999
!CHANNEL=(0:20999)
117.839 
93.3142 
71.7145 
55.167 
45.028 
41.2884 
41.8821 
45.0994 
49.4761 
53.0014 
54.8193 
55.2325 
54.6534 
53.4932 
52.4034 
51.7768 
51.6473 
52.0247 
52.8888 
54.1794 
55.8283 
57.7984 
60.0841 
62.6842 
65.5596 
68.599 
71.6157 
74.3901 
76.7444 
78.6053 
80.025 
81.1595 
82.1984 
83.2808 
84.4507 
85.6484 
86.7375 
87.5795 
88.1073 
88.3514 
88.434 
88.5342 
88.8188 
89.3806 
90.222 
91.2575 
92.3383 
93.3237 
94.1527 
94.8699 
95.6239 
96.6338 
98.0936 
100.07 
102.463 
105.024 
107.43 
109.398 
110.774 
111.558 
111.899 
112.062 
112.343 
112.973 
114.064 
115.588 
117.403 
119.303 
121.084 
122.599 
123.781 
124.652 
125.3 
125.832 
126.325 
126.796 
127.232 
127.609 
127.918 
128.196 
128.555 
129.15 
130.107 
131.482 
133.238 
135.25 
137.331 
139.313 
141.112 
142.73 
144.24 
145.737 
147.267 
148.789 
150.187 
151.341 
152.214 
152.908 
153.639 
154.678 
156.246 
158.406 
161.035 
163.845 
166.473 
168.607 
170.081 
170.901 
171.233 
171.335 
171.473 
171.845 
172.539 
173.524 
174.68 
175.855 
176.934 
177.867 
178.686 
179.481 
180.359 
181.391 
182.599 
183.95 
185.364 
186.755 
188.061 
189.272 
190.432 
191.636 
193.009 
194.676 
196.736 
199.242 
202.188 
205.504 
209.032 
212.528 
215.693 
218.225 
219.888 
220.662 
220.724 
220.182 
219.125 
217.779 
216.405 
215.18 
214.177 
213.367 
212.672 
212.05 
211.511 
211.106 
210.883 
210.847 
210.991 
211.28 
211.577 
211.722 
211.651 
211.323 
210.883 
210.724 
211.072 
212.015 
213.725 
216.294 
219.61 
223.376 
227.175 
230.58 
233.254 
235.018 
235.822 
235.668 
234.772 
233.616 
232.571 
231.758 
231.184 
230.77 
230.404 
230.115 
230.077 
230.391 
231.13 
232.43 
234.321 
236.615 
238.93 
240.688 
241.314 
240.569 
238.511 
235.439 
231.959 
228.872 
226.869 
226.1 
226.07 
226.229 
226.387 
226.385 
225.706 
223.817 
220.797 
217.27 
213.971 
211.49 
210.077 
209.676 
210.206 
211.549 
213.384 
215.309 
216.966 
218.073 
218.451 
218.049 
216.897 
215.13 
213.013 
210.912 
209.181 
208.035 
207.512 
207.43 
207.495 
207.537 
207.353 
206.629 
205.213 
203.235 
201.055 
199.376 
199.009 
200.301 
203.231 
207.613 
212.981 
218.609 
223.699 
227.627 
230.102 
231.114 
230.728 
229.3 
227.508 
225.728 
223.974 
222.218 
220.434 
218.649 
217.047 
216.014 
215.945 
216.986 
219.064 
221.869 
224.812 
227.193 
228.536 
228.739 
227.835 
225.982 
223.611 
221.261 
219.388 
218.241 
217.765 
217.856 
218.227 
218.412 
218.38 
217.999 
216.822 
214.895 
212.7 
210.792 
209.603 
209.279 
209.824 
211.094 
212.427 
212.923 
212.184 
210.224 
207.226 
203.722 
200.601 
198.663 
198.236 
199.355 
201.804 
204.904 
207.773 
209.728 
210.446 
209.857 
208.157 
205.861 
203.491 
201.423 
200.006 
199.39 
199.427 
199.985 
200.912 
201.876 
202.542 
202.719 
202.347 
201.438 
200.027 
198.196 
196.065 
193.785 
191.533 
189.502 
187.875 
186.78 
186.269 
186.344 
186.848 
187.396 
187.683 
187.627 
187.183 
186.316 
185.171 
184.006 
183.019 
182.27 
181.65 
180.909 
179.733 
177.858 
175.142 
171.597 
167.372 
162.722 
157.958 
153.401 
149.374 
146.174 
144.034 
143.078 
143.342 
144.688 
146.673 
148.703 
150.212 
150.818 
150.405 
149.055 
147.064 
144.881 
142.936 
141.526 
140.76 
140.499 
140.468 
140.541 
140.657 
140.69 
140.603 
140.455 
140.311 
140.215 
140.179 
140.202 
140.271 
140.37 
140.501 
140.634 
140.7 
140.664 
140.402 
139.589 
137.937 
135.403 
132.217 
128.854 
125.9 
123.831 
122.758 
122.475 
122.829 
123.514 
123.982 
124 
123.49 
122.381 
120.956 
119.645 
118.719 
118.276 
118.194 
118.235 
118.24 
118.113 
117.774 
117.23 
116.578 
115.954 
115.468 
115.162 
115.002 
114.907 
114.808 
114.677 
114.518 
114.339 
114.145 
113.929 
113.653 
113.259 
112.702 
111.977 
111.126 
110.233 
109.397 
108.705 
108.196 
107.858 
107.625 
107.394 
107.066 
106.611 
106.084 
105.624 
105.371 
105.383 
105.704 
106.362 
107.243 
108.013 
108.29 
107.906 
106.862 
105.207 
103.124 
100.974 
99.2153 
98.1732 
97.9223 
98.4473 
99.6245 
101.047 
102.098 
102.263 
101.36 
99.4702 
96.9008 
94.1831 
91.9077 
90.4928 
90.0801 
90.6785 
92.1955 
94.3417 
96.7267 
99.0102 
100.971 
102.524 
103.676 
104.497 
105.08 
105.5 
105.784 
105.935 
105.953 
105.738 
105.034 
103.6 
101.324 
98.2121 
94.4547 
90.4873 
86.9202 
84.3449 
83.1288 
83.375 
84.8954 
87.1439 
89.4379 
91.1673 
92.0018 
91.9823 
91.208 
89.844 
88.2604 
86.7957 
85.6368 
84.8963 
84.6385 
84.8822 
85.5955 
86.658 
87.839 
88.8194 
89.3256 
89.2562 
88.5392 
87.1077 
85.1165 
82.8805 
80.6543 
78.5581 
76.6014 
74.7167 
72.7961 
70.7557 
68.5711 
66.2771 
63.9485 
61.6626 
59.478 
57.4492 
55.6616 
54.2519 
53.3623 
53.0683 
53.3848 
54.2385 
55.4032 
56.5843 
57.5558 
58.21 
58.5211 
58.4555 
58.1847 
58.0689 
58.1932 
58.4968 
58.9847 
59.5977 
60.2074 
60.6731 
60.906 
60.8818 
60.6307 
60.244 
59.8376 
59.4998 
59.2705 
59.1358 
59.0377 
58.8996 
58.6547 
58.2619 
57.7102 
57.0173 
56.2271 
55.4034 
54.621 
53.9545 
53.4579 
53.1462 
53.0043 
53.0354 
53.1589 
53.2079 
53.1461 
53.0019 
52.7671 
52.462 
52.1449 
51.8912 
51.7542 
51.723 
51.7376 
51.7597 
51.7304 
51.5304 
51.0868 
50.4319 
49.6942 
49.0825 
48.7783 
48.847 
49.3329 
50.2799 
51.592 
53.0603 
54.4706 
55.6801 
56.4767 
56.7058 
56.5954 
56.42 
56.3067 
56.4332 
56.8512 
57.3 
57.5372 
57.5114 
57.1287 
56.2541 
54.9399 
53.4283 
52.0147 
50.9809 
50.4658 
50.4368 
50.8484 
51.6228 
52.5337 
53.2361 
53.4196 
52.9665 
51.8958 
50.2983 
48.3653 
46.3664 
44.597 
43.3238 
42.6655 
42.5701 
42.9837 
43.823 
44.8493 
45.7843 
46.4575 
46.8351 
46.9641 
46.8868 
46.7176 
46.6303 
46.665 
46.7964 
46.9669 
47.0467 
46.9625 
46.6959 
46.2506 
45.7131 
45.2543 
45.0253 
45.077 
45.4036 
45.9427 
46.5318 
46.9611 
47.0771 
46.83 
46.2518 
45.448 
44.572 
43.7681 
43.1385 
42.7317 
42.5534 
42.5958 
42.8138 
43.1128 
43.4163 
43.6818 
43.879 
43.9992 
44.0607 
44.1069 
44.1971 
44.3846 
44.6906 
45.0918 
45.5217 
45.8844 
46.0915 
46.0987 
45.8973 
45.512 
45.0211 
44.535 
44.1611 
43.9734 
44.0442 
44.2737 
44.3568 
44.1771 
43.7614 
43.0883 
42.1696 
41.0586 
39.8379 
38.6278 
37.5859 
36.8763 
36.6117 
36.8263 
37.4884 
38.4828 
39.6153 
40.6698 
41.4732 
41.9525 
42.1624 
42.2169 
42.1719 
42.0764 
42.0192 
42.0141 
41.9964 
41.9083 
41.7416 
41.5565 
41.4488 
41.4828 
41.6901 
42.0075 
42.2456 
42.2782 
41.97 
41.156 
39.9147 
38.4859 
37.1385 
36.1946 
35.9062 
36.3553 
37.4831 
39.0768 
40.7834 
42.2143 
43.102 
43.3758 
43.0438 
42.1957 
41.1053 
40.1198 
39.4775 
39.2647 
39.4813 
40.0065 
40.585 
41.0001 
41.1524 
41.0147 
40.6466 
40.2621 
40.1149 
40.3092 
40.824 
41.5476 
42.1851 
42.3712 
41.9436 
40.9186 
39.408 
37.6567 
36.0028 
34.7838 
34.1643 
34.0961 
34.5184 
35.3358 
36.2861 
37.0507 
37.4517 
37.4876 
37.194 
36.6414 
36.0091 
35.5082 
35.2718 
35.3325 
35.6864 
36.3111 
37.1432 
38.1111 
39.1524 
40.1987 
41.167 
41.9638 
42.4968 
42.7023 
42.5606 
42.0491 
41.1265 
39.7853 
38.0667 
36.0668 
33.9691 
32.0536 
30.6659 
30.0859 
30.4189 
31.6848 
33.7973 
36.3982 
38.9354 
40.8706 
41.9225 
42.1219 
41.5445 
40.318 
38.7689 
37.271 
36.082 
35.326 
34.9821 
34.9329 
35.1104 
35.4803 
35.9518 
36.404 
36.7159 
36.7971 
36.6171 
36.195 
35.6025 
34.965 
34.4261 
34.0944 
34.0139 
34.1906 
34.5997 
35.161 
35.7625 
36.3023 
36.7107 
36.9578 
37.0437 
36.9762 
36.7912 
36.5621 
36.3423 
36.1518 
35.9987 
35.8787 
35.7752 
35.6617 
35.508 
35.2873 
34.9808 
34.5797 
34.0857 
33.5127 
32.8895 
32.2574 
31.6593 
31.1953 
31.0163 
31.2047 
31.7954 
32.8042 
34.1441 
35.5988 
36.8723 
37.6854 
37.8743 
37.3963 
36.3123 
34.8245 
33.2328 
31.8317 
30.8435 
30.3827 
30.474 
31.0372 
31.8774 
32.7961 
33.6538 
34.3538 
34.8392 
35.1009 
35.167 
35.0577 
34.7829 
34.3647 
33.8285 
33.1967 
32.4937 
31.7528 
31.0224 
30.3715 
29.9099 
29.7578 
29.9689 
30.5315 
31.3798 
32.3777 
33.3324 
34.039 
34.388 
34.3991 
34.1073 
33.5692 
32.9258 
32.3159 
31.7997 
31.375 
30.9998 
30.6168 
30.1922 
29.7311 
29.2659 
28.832 
28.4492 
28.1207 
27.8803 
27.799 
27.9147 
28.2553 
28.8747 
29.7866 
30.9188 
32.1185 
33.1844 
33.924 
34.2184 
34.0346 
33.4411 
32.6338 
31.8435 
31.2344 
30.8717 
30.7423 
30.8209 
30.997 
31.0965 
31.0764 
30.9406 
30.673 
30.3472 
30.0816 
29.9496 
29.9714 
30.1134 
30.2693 
30.3266 
30.2459 
30.0464 
29.8125 
29.6622 
29.6539 
29.8593 
30.3815 
31.1879 
32.1221 
33.0102 
33.6834 
34.0236 
33.9939 
33.6194 
33.0092 
32.3738 
31.9449 
31.8666 
32.1771 
32.8125 
33.5649 
34.1294 
34.2647 
33.8903 
33.0596 
31.9601 
30.8864 
30.1178 
29.7433 
29.6636 
29.8014 
30.0834 
30.3699 
30.566 
30.6484 
30.6195 
30.5183 
30.4057 
30.2916 
30.1229 
29.8346 
29.411 
28.9182 
28.4926 
28.2651 
28.2882 
28.5813 
29.1271 
29.7852 
30.3439 
30.6726 
30.7622 
30.6363 
30.3415 
29.9816 
29.6531 
29.39 
29.1583 
28.8748 
28.4607 
27.8932 
27.2236 
26.5672 
26.0677 
25.8314 
25.8914 
26.239 
26.8228 
27.532 
28.2348 
28.8217 
29.2209 
29.42 
29.4556 
29.3532 
29.1273 
28.8149 
28.4667 
28.1333 
27.8564 
27.6587 
27.5385 
27.4669 
27.3905 
27.2563 
27.0467 
26.7935 
26.5733 
26.4631 
26.494 
26.7022 
27.142 
27.7939 
28.5634 
29.3506 
30.0857 
30.7397 
31.31 
31.8001 
32.1991 
32.4493 
32.4652 
32.2047 
31.6792 
30.9483 
30.1271 
29.3584 
28.7624 
28.3959 
28.2618 
28.35 
28.5499 
28.6763 
28.6747 
28.532 
28.2122 
27.7956 
27.4303 
27.2092 
27.1502 
27.246 
27.468 
27.7016 
27.7931 
27.6747 
27.3449 
26.8194 
26.1635 
25.5049 
24.9956 
24.7425 
24.7783 
25.0757 
25.5384 
26.015 
26.3617 
26.4938 
26.3888 
26.0751 
25.7177 
25.5633 
25.7329 
26.2591 
27.1457 
28.2733 
29.3865 
30.1981 
30.5236 
30.312 
29.6873 
28.9895 
28.5439 
28.4776 
28.8078 
29.4437 
30.1021 
30.484 
30.4772 
30.0064 
29.0043 
27.6349 
26.2277 
25.0763 
24.3615 
24.1468 
24.4404 
25.2271 
26.4555 
28.0388 
29.856 
31.7419 
33.4875 
34.8627 
35.6647 
35.775 
35.1624 
33.8715 
32.0547 
29.9529 
27.8308 
25.9285 
24.4207 
23.4017 
22.9038 
22.9305 
23.4051 
24.142 
24.9623 
25.7442 
26.4013 
26.8861 
27.1853 
27.3054 
27.2526 
27.0775 
26.8973 
26.7997 
26.8057 
26.9502 
27.2943 
27.8495 
28.5565 
29.2958 
29.8902 
30.1795 
30.0983 
29.6174 
28.7537 
27.6934 
26.7418 
26.1331 
25.9434 
26.1733 
26.7548 
27.4973 
28.1823 
28.6186 
28.755 
28.732 
28.6571 
28.5763 
28.5498 
28.6022 
28.6978 
28.7633 
28.7589 
28.66 
28.4433 
28.1508 
27.8547 
27.5962 
27.3858 
27.221 
27.0996 
27.0208 
26.9867 
27.0026 
27.094 
27.2946 
27.5921 
27.9202 
28.1856 
28.312 
28.2737 
28.0965 
27.881 
27.7577 
27.7881 
28.0525 
28.6711 
29.594 
30.581 
31.3466 
31.686 
31.5349 
30.8925 
29.8264 
28.559 
27.397 
26.5971 
26.2966 
26.5294 
27.2146 
28.1236 
28.986 
29.5989 
29.8947 
29.924 
29.7283 
29.3464 
28.8628 
28.3514 
27.8389 
27.3096 
26.7291 
26.0825 
25.3833 
24.6649 
23.9722 
23.3545 
22.8582 
22.5311 
22.4171 
22.5342 
22.885 
23.4687 
24.2509 
25.1355 
25.9811 
26.6412 
27.0111 
27.0531 
26.7639 
26.1728 
25.3763 
24.5164 
23.732 
23.1265 
22.748 
22.5991 
22.6687 
22.9027 
23.2023 
23.5214 
23.8887 
24.3615 
24.9895 
25.7769 
26.6686 
27.5619 
28.345 
28.9441 
29.3494 
29.6208 
29.8723 
30.2185 
30.7055 
31.2815 
31.7432 
31.8179 
31.3778 
30.4326 
29.0668 
27.4783 
25.9454 
24.72 
23.9452 
23.6685 
23.8944 
24.5237 
25.3202 
26.0644 
26.6289 
26.9611 
27.0682 
26.9683 
26.7309 
26.5011 
26.3789 
26.3844 
26.5479 
26.9214 
27.5078 
28.2565 
29.1022 
29.9755 
30.8031 
31.5077 
32.014 
32.2704 
32.2609 
31.9907 
31.4935 
30.8517 
30.1779 
29.5773 
29.1195 
28.8257 
28.6674 
28.5745 
28.4601 
28.2548 
27.9323 
27.5173 
27.0776 
26.7298 
26.5999 
26.7415 
27.1557 
27.8264 
28.6755 
29.5389 
30.2193 
30.5826 
30.5927 
30.2539 
29.6057 
28.7602 
27.8621 
27.0294 
26.3294 
25.774 
25.319 
24.887 
24.4214 
23.9228 
23.4793 
23.2249 
23.2289 
23.5616 
24.3086 
25.3889 
26.5706 
27.6104 
28.3181 
28.5944 
28.4163 
27.8703 
27.1769 
26.5546 
26.1255 
25.9194 
25.87 
25.8277 
25.6007 
25.0294 
24.0599 
22.7754 
21.3812 
20.1485 
19.3208 
19.0344 
19.324 
20.1298 
21.2645 
22.4686 
23.5084 
24.2314 
24.576 
24.5343 
24.2213 
23.8985 
23.7569 
23.8343 
24.1357 
24.6484 
25.2991 
25.9939 
26.6749 
27.3238 
27.9426 
28.5348 
29.0884 
29.5571 
29.8567 
29.9087 
29.6846 
29.202 
28.5347 
27.8272 
27.2637 
26.989 
27.0539 
27.4777 
28.2512 
29.2463 
30.2433 
31.0196 
31.4326 
31.4506 
31.0831 
30.3732 
29.4294 
28.374 
27.2884 
26.2086 
25.1499 
24.1463 
23.2786 
22.6698 
22.4232 
22.5738 
23.1157 
23.9768 
24.9493 
25.7466 
26.1573 
26.1157 
25.6808 
25.055 
24.5693 
24.5132 
24.9893 
25.9513 
27.2272 
28.5285 
29.5454 
30.0857 
30.1211 
29.6736 
28.8071 
27.6852 
26.5018 
25.4056 
24.486 
23.7816 
23.2962 
23.0049 
22.8581 
22.7963 
22.7716 
22.7602 
22.7573 
22.7875 
22.9103 
23.179 
23.607 
24.1655 
24.7831 
25.3605 
25.807 
26.0765 
26.1809 
26.1887 
26.2132 
26.3843 
26.8007 
27.4798 
28.3369 
29.1964 
29.8365 
30.0897 
29.9023 
29.2746 
28.2673 
27.0736 
25.9548 
25.1217 
24.6551 
24.5197 
24.6743 
25.0592 
25.5491 
26.0347 
26.4605 
26.8064 
27.0876 
27.3391 
27.5903 
27.8517 
28.1151 
28.3593 
28.5609 
28.7015 
28.7723 
28.7732 
28.7056 
28.5724 
28.3824 
28.1498 
27.8933 
27.6398 
27.4325 
27.3172 
27.3139 
27.4364 
27.6962 
28.0638 
28.4767 
28.8615 
29.1427 
29.2684 
29.2227 
29.0112 
28.6623 
28.2292 
27.7863 
27.4271 
27.2368 
27.3328 
27.6133 
27.6951 
27.4183 
26.8155 
25.9391 
24.9418 
24.0269 
23.4301 
23.3428 
23.8284 
24.8394 
26.1975 
27.5978 
28.7148 
29.3683 
29.5609 
29.3282 
28.7817 
28.211 
27.8813 
27.8795 
28.2384 
28.9417 
29.7801 
30.4148 
30.5843 
30.2023 
29.3221 
28.1221 
26.8608 
25.7607 
24.9476 
24.4536 
24.2598 
24.3449 
24.6261 
24.9416 
25.1972 
25.3967 
25.5787 
25.7958 
26.0934 
26.4902 
26.968 
27.4645 
27.8307 
27.8821 
27.5346 
26.8001 
25.7539 
24.5569 
23.4338 
22.614 
22.2019 
22.1501 
22.409 
22.9112 
23.4828 
23.9379 
24.1789 
24.2348 
24.2146 
24.2009 
24.2753 
24.5485 
25.0856 
25.8783 
26.8636 
27.9386 
28.987 
29.9061 
30.6251 
31.1117 
31.3772 
31.4574 
31.3711 
31.1355 
30.7884 
30.3615 
29.8739 
29.3436 
28.7929 
28.2595 
27.8002 
27.4824 
27.3561 
27.4373 
27.7142 
28.131 
28.569 
28.8654 
28.8857 
28.5839 
27.9873 
27.1987 
26.395 
25.774 
25.473 
25.5311 
25.948 
26.6932 
27.6636 
28.7197 
29.7382 
30.6217 
31.2943 
31.6922 
31.7709 
31.5156 
30.9352 
30.0646 
28.9705 
27.7405 
26.4703 
25.2501 
24.1553 
23.2413 
22.6023 
22.3723 
22.6234 
23.378 
24.6248 
26.2499 
28.0215 
29.6473 
30.8779 
31.6003 
31.8278 
31.5938 
31.0099 
30.3289 
29.7848 
29.4772 
29.3992 
29.5239 
29.8079 
30.1032 
30.2264 
30.0999 
29.7141 
29.0769 
28.2567 
27.3892 
26.6353 
26.1265 
25.9315 
26.0645 
26.4712 
27.024 
27.6054 
28.1493 
28.6215 
29.0033 
29.2714 
29.3998 
29.3759 
29.1427 
28.5885 
27.665 
26.4221 
24.9706 
23.4709 
22.1104 
21.0728 
20.5055 
20.4906 
21.0493 
22.1498 
23.6756 
25.4161 
27.093 
28.4039 
29.1461 
29.282 
28.825 
27.8599 
26.673 
25.6662 
25.1358 
25.1751 
25.7802 
26.8484 
28.081 
29.088 
29.6255 
29.6668 
29.2446 
28.4505 
27.5347 
26.8016 
26.4246 
26.4105 
26.728 
27.3107 
27.9888 
28.5638 
28.9089 
28.9881 
28.8019 
28.3825 
27.8335 
27.3027 
26.9409 
26.8603 
27.0987 
27.6406 
28.4259 
29.342 
30.2358 
30.932 
31.292 
31.2636 
30.8255 
29.9901 
28.9016 
27.8086 
26.9611 
26.4903 
26.3773 
26.5839 
27.0462 
27.6035 
28.0943 
28.4437 
28.6548 
28.7907 
28.9416 
29.1678 
29.4696 
29.7377 
29.7953 
29.5553 
29.0176 
28.2138 
27.2444 
26.2919 
25.5725 
25.2416 
25.347 
25.858 
26.6608 
27.5701 
28.4016 
29.0259 
29.391 
29.5418 
29.5724 
29.5276 
29.4313 
29.3278 
29.2252 
29.0984 
28.9408 
28.7737 
28.6456 
28.6114 
28.6939 
28.8896 
29.181 
29.5331 
29.9045 
30.2603 
30.5796 
30.8541 
31.0805 
31.2378 
31.2884 
31.2136 
31.0041 
30.6394 
30.1079 
29.4212 
28.6178 
27.7714 
26.9899 
26.3981 
26.0884 
26.0904 
26.4033 
26.9898 
27.7363 
28.4881 
29.114 
29.5341 
29.7164 
29.6581 
29.4037 
29.0441 
28.6454 
28.2307 
27.8104 
27.3979 
27.0196 
26.7124 
26.5107 
26.4328 
26.4833 
26.641 
26.852 
27.0673 
27.2689 
27.4683 
27.7 
27.9975 
28.3657 
28.7698 
29.1423 
29.4068 
29.5123 
29.4441 
29.2257 
28.9263 
28.6292 
28.3962 
28.2565 
28.1983 
28.1866 
28.2033 
28.2425 
28.3008 
28.3911 
28.5334 
28.7368 
28.994 
29.2798 
29.5529 
29.7542 
29.8252 
29.7412 
29.5056 
29.1396 
28.6923 
28.2454 
27.907 
27.7707 
27.8738 
28.236 
28.856 
29.6355 
30.3954 
30.9534 
31.189 
31.0666 
30.6259 
29.9941 
29.3515 
28.8624 
28.6054 
28.5658 
28.7188 
29.0277 
29.4031 
29.7448 
29.9889 
30.1216 
30.1593 
30.1126 
29.9896 
29.8106 
29.6011 
29.3884 
29.2048 
29.0808 
29.0219 
29.0086 
29.0319 
29.0761 
29.1004 
29.0808 
29.0023 
28.8461 
28.6259 
28.3902 
28.1881 
28.0436 
27.9465 
27.8622 
27.755 
27.6057 
27.4534 
27.3853 
27.4538 
27.692 
28.1244 
28.6936 
29.2489 
29.6178 
29.6922 
29.4435 
28.914 
28.2377 
27.5925 
27.1148 
26.8571 
26.7779 
26.7773 
26.7611 
26.676 
26.5624 
26.5351 
26.6604 
26.9556 
27.4278 
28.0343 
28.6747 
29.2291 
29.6037 
29.752 
29.6662 
29.3862 
28.9947 
28.5568 
28.1049 
27.7332 
27.6033 
27.8027 
28.3426 
29.2074 
30.2667 
31.2198 
31.7613 
31.7683 
31.1347 
29.7416 
27.7512 
25.5623 
23.5827 
22.1452 
21.394 
21.2831 
21.7577 
22.7386 
24.013 
25.3238 
26.4801 
27.3852 
28.0284 
28.4745 
28.8491 
29.298 
29.932 
30.7844 
31.7965 
32.828 
33.6935 
34.2233 
34.3202 
33.9593 
33.1764 
32.0889 
30.8662 
29.6664 
28.6024 
27.7356 
27.087 
26.6446 
26.3781 
26.2558 
26.254 
26.3646 
26.5839 
26.8996 
27.2954 
27.7572 
28.273 
28.8294 
29.4061 
29.9715 
30.4854 
30.9067 
31.2061 
31.3748 
31.4191 
31.3432 
31.1517 
30.859 
30.4898 
30.0809 
29.6835 
29.3664 
29.1935 
29.1908 
29.3677 
29.7192 
30.1884 
30.691 
31.1479 
31.4975 
31.7031 
31.7505 
31.6371 
31.3667 
30.9543 
30.4329 
29.8567 
29.2983 
28.8354 
28.528 
28.4042 
28.4693 
28.6755 
28.8846 
28.9616 
28.861 
28.5915 
28.1937 
27.7472 
27.3489 
27.0787 
26.977 
27.053 
27.2821 
27.601 
27.9503 
28.3043 
28.6687 
29.0667 
29.5108 
29.995 
30.4878 
30.9176 
31.1881 
31.2272 
31.0124 
30.5662 
29.9623 
29.302 
28.6624 
28.0743 
27.5376 
27.0448 
26.5882 
26.1725 
25.8663 
25.7884 
26.0023 
26.5034 
27.241 
28.097 
28.8981 
29.4773 
29.7396 
29.6608 
29.3287 
28.9737 
28.7921 
28.838 
29.0978 
29.4941 
29.8724 
30.0949 
30.1092 
29.9099 
29.5214 
29.0159 
28.4779 
27.9629 
27.5045 
27.1875 
27.1453 
27.4456 
28.0918 
29.0657 
30.2781 
31.5298 
32.552 
33.1322 
33.1954 
32.7379 
31.8318 
30.7044 
29.658 
28.9366 
28.6676 
28.8789 
29.4707 
30.1934 
30.7863 
31.0928 
31.0633 
30.6833 
29.9673 
29.0389 
28.0909 
27.2858 
26.7128 
26.3835 
26.2398 
26.1725 
26.0737 
25.9496 
25.9165 
26.0449 
26.3792 
27.0005 
27.9371 
29.1053 
30.3356 
31.4416 
32.2904 
32.8337 
33.1108 
33.2182 
33.2494 
33.2552 
33.2491 
33.221 
33.1475 
33.0173 
32.8453 
32.6659 
32.5134 
32.3955 
32.2818 
32.1098 
31.8084 
31.3276 
30.657 
29.8307 
28.9198 
28.0101 
27.1768 
26.4683 
25.9058 
25.4968 
25.2607 
25.2306 
25.4245 
25.8422 
26.4741 
27.283 
28.1857 
29.0631 
29.7999 
30.3248 
30.6303 
30.7746 
30.8643 
31.0053 
31.2548 
31.6053 
31.9343 
32.0521 
31.866 
31.3755 
30.6171 
29.721 
28.9266 
28.4531 
28.3851 
28.7291 
29.4294 
30.3229 
31.2332 
32.0704 
32.8254 
33.5515 
34.3322 
35.2065 
36.1292 
36.9801 
37.5978 
37.8563 
37.7132 
37.1581 
36.2092 
34.9786 
33.6468 
32.3982 
31.3887 
30.7262 
30.4633 
30.6116 
31.1255 
31.8844 
32.7465 
33.5813 
34.2731 
34.7396 
34.9411 
34.8688 
34.5446 
34.0301 
33.3977 
32.7073 
32.0086 
31.3454 
30.7604 
30.2963 
29.9884 
29.8556 
29.9035 
30.1121 
30.4215 
30.7561 
31.0491 
31.2522 
31.3429 
31.287 
31.1406 
31.087 
31.2088 
31.5001 
31.9621 
32.545 
33.1393 
33.5917 
33.7645 
33.6026 
33.104 
32.3086 
31.3438 
30.3986 
29.6542 
29.2355 
29.1966 
29.5483 
30.2743 
31.316 
32.57 
33.8946 
35.1162 
36.0517 
36.5775 
36.6663 
36.3243 
35.6 
34.6506 
33.6896 
32.8889 
32.328 
31.9793 
31.7337 
31.4674 
31.1041 
30.6361 
30.1239 
29.678 
29.4116 
29.3917 
29.636 
30.1242 
30.7916 
31.5507 
32.3274 
33.0742 
33.7649 
34.3773 
34.8801 
35.2308 
35.3941 
35.3582 
35.1415 
34.8042 
34.4368 
34.134 
33.9582 
33.9231 
34.0242 
34.2425 
34.5327 
34.8454 
35.1473 
35.3819 
35.4653 
35.3562 
35.032 
34.4496 
33.5971 
32.5293 
31.3619 
30.2446 
29.3236 
28.7075 
28.4509 
28.5669 
29.0219 
29.7181 
30.5262 
31.3149 
31.9656 
32.4021 
32.6138 
32.6622 
32.6711 
32.794 
33.1492 
33.7511 
34.478 
35.0976 
35.3958 
35.2906 
34.761 
33.8549 
32.8169 
32.0097 
31.6301 
31.626 
31.9201 
32.406 
32.8501 
33.0625 
32.991 
32.7034 
32.395 
32.2529 
32.3375 
32.6652 
33.2208 
33.8679 
34.3893 
34.6176 
34.4949 
33.9763 
33.0076 
31.6644 
30.1553 
28.7347 
27.6488 
27.0589 
27.013 
27.5076 
28.5008 
29.8795 
31.4939 
33.1932 
34.8227 
36.2182 
37.215 
37.6973 
37.629 
37.016 
35.925 
34.5477 
33.1611 
32.0165 
31.2497 
30.8485 
30.7242 
30.824 
31.067 
31.3094 
31.4851 
31.6055 
31.6888 
31.7608 
31.8257 
31.8531 
31.8215 
31.7107 
31.4752 
31.0775 
30.5159 
29.8237 
29.0699 
28.3697 
27.908 
27.871 
28.33 
29.2575 
30.5355 
31.9408 
33.221 
34.1914 
34.7866 
35.0297 
34.9057 
34.5863 
34.4745 
34.7019 
35.2019 
35.8233 
36.2531 
36.3008 
35.8085 
34.6383 
32.9709 
31.1447 
29.4972 
28.3352 
27.7464 
27.6232 
27.8877 
28.4675 
29.1878 
29.877 
30.4604 
30.9687 
31.484 
32.0539 
32.6694 
33.2678 
33.7441 
34.0271 
34.114 
34.0168 
33.7883 
33.56 
33.4433 
33.4695 
33.6135 
33.7668 
33.7872 
33.6159 
33.3386 
33.1374 
33.1204 
33.4401 
34.3393 
35.8041 
37.5486 
39.2018 
40.36 
40.725 
40.2012 
38.8727 
37.0214 
35.0666 
33.4139 
32.3544 
31.9094 
31.8676 
32.09 
32.511 
33.011 
33.5116 
34.0476 
34.7094 
35.5463 
36.5379 
37.593 
38.5404 
39.17 
39.3249 
38.9541 
38.093 
36.8687 
35.4928 
34.1955 
33.1576 
32.4622 
32.0827 
31.941 
31.9965 
32.2045 
32.5044 
32.9285 
33.5743 
34.4995 
35.6921 
37.0452 
38.3356 
39.2742 
39.6442 
39.3767 
38.4865 
37.088 
35.4717 
34.0301 
33.1227 
32.9677 
33.6259 
35.0299 
36.9495 
39.0221 
40.8545 
42.1048 
42.5667 
42.1823 
41.0308 
39.3659 
37.5565 
35.9698 
34.8839 
34.4324 
34.6401 
35.3332 
36.0967 
36.5905 
36.7063 
36.4305 
35.8328 
35.1319 
34.6245 
34.5269 
34.9079 
35.7172 
36.7945 
37.9226 
38.919 
39.6709 
40.1343 
40.3138 
40.2254 
39.8936 
39.355 
38.6251 
37.7036 
36.616 
35.4391 
34.3102 
33.409 
32.8991 
32.8647 
33.3235 
34.2225 
35.3894 
36.5786 
37.5674 
38.2097 
38.4441 
38.2613 
37.7638 
37.2013 
36.8201 
36.7609 
37.0675 
37.7025 
38.5376 
39.3756 
40.0205 
40.361 
40.3919 
40.1329 
39.6244 
38.9658 
38.2686 
37.6109 
37.037 
36.6205 
36.4735 
36.6569 
37.1928 
38.0886 
39.2832 
40.6235 
41.8795 
42.7686 
43.0551 
42.6559 
41.6053 
40.0428 
38.2358 
36.5264 
35.2475 
34.5799 
34.5162 
35.0157 
35.9992 
37.2552 
38.5337 
39.6534 
40.5181 
41.0999 
41.4252 
41.5397 
41.4629 
41.2195 
40.861 
40.4189 
39.9093 
39.3619 
38.8171 
38.3166 
37.892 
37.5566 
37.3036 
37.1086 
36.938 
36.7616 
36.5643 
36.3499 
36.1723 
36.1207 
36.2405 
36.5378 
37.0054 
37.5998 
38.2368 
38.8168 
39.2594 
39.5277 
39.621 
39.548 
39.3551 
39.139 
38.971 
38.8771 
38.8652 
38.9356 
39.0811 
39.2776 
39.4884 
39.6733 
39.7965 
39.8358 
39.7852 
39.6537 
39.4735 
39.3162 
39.2655 
39.3596 
39.5921 
39.9243 
40.2751 
40.5246 
40.5665 
40.3623 
39.9312 
39.3476 
38.7457 
38.2796 
38.0585 
38.1158 
38.4398 
38.9743 
39.6133 
40.2429 
40.7694 
41.129 
41.2966 
41.237 
41.0513 
40.9916 
41.1306 
41.4107 
41.7927 
42.2147 
42.6096 
42.9141 
43.0849 
43.1073 
42.9802 
42.7086 
42.3053 
41.7825 
41.1478 
40.4203 
39.6555 
38.959 
38.4821 
38.358 
38.6342 
39.2861 
40.2206 
41.2742 
42.2613 
43.031 
43.5027 
43.7021 
43.7292 
43.6438 
43.4582 
43.1811 
42.8124 
42.3471 
41.7816 
41.1271 
40.4234 
39.7195 
39.0457 
38.4079 
37.8026 
37.2268 
36.6892 
36.2254 
35.9082 
35.8149 
35.9767 
36.3854 
37.0051 
37.7674 
38.5875 
39.3885 
40.1246 
40.7857 
41.3766 
41.9035 
42.37 
42.7065 
42.771 
42.4831 
41.823 
40.7961 
39.4896 
38.0945 
36.8811 
36.1146 
35.9493 
36.4235 
37.4633 
38.8301 
40.1949 
41.2851 
41.9643 
42.2556 
42.3097 
42.3073 
42.3734 
42.5645 
42.8556 
43.139 
43.2978 
43.2835 
43.0501 
42.5382 
41.7887 
40.9158 
40.0076 
39.1041 
38.2109 
37.3379 
36.5398 
35.978 
35.8631 
36.2915 
37.2567 
38.7038 
40.4866 
42.3572 
44.0196 
45.2202 
45.8199 
45.7836 
45.2085 
44.3626 
43.5477 
42.9753 
42.7012 
42.6443 
42.7395 
42.9329 
43.1212 
43.235 
43.2867 
43.361 
43.5942 
44.1017 
44.9065 
45.914 
46.9315 
47.73 
48.1468 
48.1322 
47.7264 
47.0576 
46.29 
45.5353 
44.8246 
44.1095 
43.2855 
42.2592 
41.0191 
39.6618 
38.3779 
37.4065 
36.9336 
37.024 
37.7066 
38.9842 
40.7079 
42.5888 
44.2979 
45.5584 
46.265 
46.4723 
46.2362 
45.6833 
45.111 
44.7701 
44.7432 
45.0414 
45.6019 
46.2334 
46.69 
46.8046 
46.5269 
45.897 
45.0378 
44.1061 
43.2228 
42.4536 
41.819 
41.3434 
41.0818 
41.0723 
41.3507 
41.9451 
42.8039 
43.8192 
44.8541 
45.7516 
46.3827 
46.7064 
46.7591 
46.569 
46.165 
45.6226 
45.0303 
44.4603 
43.9715 
43.6171 
43.435 
43.4384 
43.6298 
44.0009 
44.5132 
45.1124 
45.7522 
46.4012 
47.043 
47.6694 
48.1748 
48.3535 
48.0919 
47.3465 
46.0664 
44.2799 
42.1735 
40.0972 
38.4557 
37.5176 
37.3496 
37.938 
39.2124 
40.9725 
42.8918 
44.5613 
45.6262 
46.0243 
46.0438 
45.9811 
45.9959 
46.372 
47.3848 
48.9593 
50.7371 
52.3329 
53.4716 
54.0062 
53.8923 
53.1195 
51.7164 
49.8301 
47.7036 
45.6072 
43.8013 
42.5062 
41.8571 
41.8933 
42.5847 
43.8068 
45.3198 
46.815 
47.9876 
48.6433 
48.7377 
48.2819 
47.3367 
46.0735 
44.7169 
43.4623 
42.444 
41.7221 
41.2816 
41.0514 
40.9466 
40.9106 
40.9266 
41.0039 
41.1733 
41.4731 
41.9199 
42.4996 
43.1658 
43.877 
44.4392 
44.6079 
44.4731 
44.2627 
44.1311 
44.3737 
45.1957 
46.371 
47.6249 
48.7732 
49.5765 
49.8639 
49.5806 
48.756 
47.5096 
46.0603 
44.6653 
43.5542 
42.8897 
42.7515 
43.1586 
44.0844 
45.4338 
47.0401 
48.6877 
50.1394 
51.1778 
51.6976 
51.7245 
51.294 
50.4634 
49.3894 
48.2668 
47.2544 
46.4485 
45.8818 
45.55 
45.4381 
45.5367 
45.8369 
46.3218 
46.9695 
47.7364 
48.5452 
49.3042 
49.9453 
50.4459 
50.8089 
51.0285 
51.0877 
50.9765 
50.6832 
50.1943 
49.5192 
48.7215 
47.9423 
47.3768 
47.182 
47.4102 
48.0263 
48.9018 
49.8218 
50.5517 
50.9296 
50.9063 
50.5069 
49.83 
49.04 
48.3036 
47.7464 
47.4309 
47.3623 
47.5333 
47.9211 
48.4513 
49.006 
49.4519 
49.691 
49.6939 
49.4607 
49.0267 
48.5116 
48.0827 
47.8622 
47.8876 
48.1776 
48.7481 
49.5442 
50.4556 
51.3662 
52.1685 
52.7721 
53.1254 
53.2224 
53.0686 
52.6845 
52.1309 
51.4873 
50.818 
50.1602 
49.5294 
48.9402 
48.4285 
48.087 
48.0347 
48.3274 
48.9601 
49.8936 
51.0377 
52.2598 
53.4206 
54.4153 
55.1917 
55.7376 
56.0696 
56.226 
56.2423 
56.1309 
55.887 
55.4906 
54.9031 
54.0842 
53.0226 
51.7509 
50.3503 
48.9554 
47.7409 
46.8857 
46.5106 
46.6517 
47.2545 
48.1465 
49.082 
49.8195 
50.206 
50.2127 
49.8505 
49.1735 
48.3547 
47.6483 
47.2562 
47.2482 
47.6593 
48.5054 
49.657 
50.8838 
51.9729 
52.7773 
53.2436 
53.4182 
53.4326 
53.4165 
53.4481 
53.5909 
53.7824 
53.8321 
53.6304 
53.1459 
52.3778 
51.4344 
50.6392 
50.4007 
50.9042 
52.1317 
53.9547 
56.0871 
58.127 
59.6684 
60.4983 
60.6438 
60.1667 
59.1619 
57.8505 
56.4594 
55.1156 
53.8572 
52.6816 
51.5816 
50.57 
49.6999 
49.0627 
48.7401 
48.7635 
49.14 
49.8476 
50.7854 
51.7942 
52.7091 
53.3917 
53.7741 
53.863 
53.6744 
53.2403 
52.657 
52.0645 
51.6096 
51.3999 
51.472 
51.8614 
52.6214 
53.7254 
55.0573 
56.464 
57.7802 
58.8518 
59.544 
59.7618 
59.4737 
58.6908 
57.4587 
55.8708 
54.0699 
52.2462 
50.6259 
49.4476 
48.8901 
49.0179 
49.848 
51.3425 
53.2964 
55.3682 
57.1964 
58.493 
59.165 
59.2894 
58.9267 
58.1418 
57.1034 
56.0023 
54.9721 
54.0862 
53.3784 
52.8616 
52.534 
52.386 
52.436 
52.6007 
52.6768 
52.5916 
52.3401 
51.8778 
51.2328 
50.5412 
49.9997 
49.7585 
49.8638 
50.2894 
50.9316 
51.612 
52.1644 
52.5228 
52.7558 
53.0585 
53.6958 
54.8779 
56.6303 
58.7424 
60.8044 
62.3364 
63.0026 
62.7011 
61.5706 
60.0382 
58.6645 
57.8456 
57.7083 
58.2548 
59.3902 
60.8205 
62.1622 
63.1188 
63.5457 
63.4108 
62.8098 
61.9932 
61.2161 
60.6351 
60.307 
60.2097 
60.3141 
60.5635 
60.8403 
61.0457 
61.134 
61.0906 
60.9248 
60.6659 
60.3516 
60.0091 
59.6565 
59.3155 
59.0212 
58.8191 
58.7451 
58.8107 
59.0102 
59.316 
59.6721 
60.0225 
60.3443 
60.66 
61.0318 
61.5361 
62.2262 
63.1075 
64.1303 
65.2036 
66.2314 
67.1519 
67.9538 
68.6777 
69.4057 
70.2347 
71.2469 
72.4924 
73.9815 
75.6845 
77.5295 
79.3997 
81.139 
82.5763 
83.5698 
84.0456 
83.9844 
83.4768 
82.7824 
82.2058 
81.9481 
82.0729 
82.6018 
83.5302 
84.7278 
85.9857 
87.1225 
88.021 
88.6373 
88.9986 
89.1807 
89.2634 
89.2953 
89.2931 
89.2434 
89.1092 
88.9361 
88.8611 
88.9574 
89.269 
89.8849 
90.846 
92.0802 
93.4196 
94.6595 
95.6375 
96.2876 
96.6555 
96.867 
97.0011 
97.0296 
96.918 
96.6128 
95.9971 
95.0032 
93.697 
92.2874 
91.1026 
90.442 
90.4323 
91.0882 
92.2982 
93.7071 
94.8339 
95.335 
95.1047 
94.1971 
92.8317 
91.382 
90.1991 
89.4582 
89.1146 
89.0159 
89.078 
89.2018 
89.2455 
89.2523 
89.4366 
89.9949 
90.9889 
92.2854 
93.5944 
94.6145 
95.2043 
95.3845 
95.1985 
94.8227 
94.5705 
94.5734 
94.8763 
95.5209 
96.316 
96.917 
97.0696 
96.6925 
95.8351 
94.6584 
93.3908 
92.2307 
91.2923 
90.5951 
90.0691 
89.5684 
88.9389 
88.1204 
87.197 
86.3943 
85.9536 
85.9783 
86.5903 
87.9702 
90.0452 
92.4896 
94.9473 
97.1167 
98.7834 
99.855 
100.339 
100.181 
99.6767 
99.503 
99.8413 
100.519 
101.4 
102.293 
102.995 
103.343 
103.274 
102.752 
101.777 
100.508 
99.2396 
98.2724 
97.7681 
97.7077 
98.0462 
98.7067 
99.4954 
100.211 
100.759 
101.173 
101.588 
102.15 
102.936 
103.922 
104.984 
105.838 
106.141 
105.746 
104.653 
102.923 
100.76 
98.5611 
96.8159 
95.8458 
95.6965 
96.3317 
97.6322 
99.2588 
100.78 
101.855 
102.304 
102.085 
101.266 
100.052 
98.7069 
97.473 
96.5728 
96.165 
96.3099 
97.1299 
98.8254 
101.407 
104.647 
108.182 
111.564 
114.355 
116.221 
116.993 
116.634 
115.27 
113.217 
110.809 
108.332 
106.071 
104.319 
103.288 
103.04 
103.574 
104.808 
106.453 
108.11 
109.45 
110.307 
110.656 
110.522 
110.084 
109.69 
109.543 
109.663 
110.017 
110.51 
111.06 
111.644 
112.306 
113.112 
114.083 
115.116 
115.958 
116.356 
116.21 
115.44 
113.968 
111.992 
110.015 
108.604 
107.985 
107.966 
108.379 
109.047 
109.589 
109.721 
109.372 
108.65 
107.875 
107.377 
107.272 
107.565 
108.151 
108.718 
108.963 
108.785 
108.265 
107.681 
107.363 
107.451 
108.032 
109.157 
110.584 
111.931 
112.967 
113.651 
114.11 
114.569 
115.208 
116.046 
116.925 
117.536 
117.591 
116.992 
115.798 
114.215 
112.539 
111.012 
109.754 
108.782 
108.083 
107.685 
107.66 
108.053 
108.868 
110.094 
111.648 
113.328 
114.844 
115.902 
116.304 
115.991 
115.029 
113.646 
112.188 
111.028 
110.443 
110.524 
111.324 
112.871 
114.981 
117.283 
119.362 
120.85 
121.515 
121.293 
120.249 
118.61 
116.738 
115.039 
113.879 
113.492 
113.947 
115.178 
116.961 
118.955 
120.813 
122.274 
123.215 
123.63 
123.545 
123.101 
122.57 
122.091 
121.61 
121.013 
120.217 
119.221 
118.129 
117.165 
116.585 
116.534 
117.05 
118.059 
119.328 
120.527 
121.37 
121.69 
121.444 
120.711 
119.727 
118.79 
118.13 
117.834 
117.799 
117.848 
117.901 
117.849 
117.425 
116.411 
114.788 
112.735 
110.62 
108.897 
107.938 
107.92 
108.877 
110.724 
113.176 
115.81 
118.196 
119.97 
120.914 
120.966 
120.13 
118.467 
116.171 
113.53 
110.857 
108.434 
106.454 
105.004 
104.093 
103.693 
103.785 
104.285 
105.004 
105.784 
106.51 
107.047 
107.281 
107.166 
106.676 
105.817 
104.718 
103.597 
102.659 
102.03 
101.723 
101.64 
101.588 
101.333 
100.687 
99.5665 
98.0247 
96.2507 
94.5483 
93.261 
92.6333 
92.7403 
93.6211 
95.3116 
97.6989 
100.519 
103.418 
105.958 
107.662 
108.172 
107.37 
105.348 
102.469 
99.3921 
96.9039 
95.5182 
95.2925 
96.1576 
97.9009 
99.95 
101.7 
102.834 
103.266 
102.991 
102.24 
101.522 
101.201 
101.352 
101.98 
103.037 
104.328 
105.575 
106.533 
107.046 
107.054 
106.552 
105.577 
104.25 
102.753 
101.264 
99.9214 
98.8052 
97.9374 
97.3127 
96.9221 
96.7414 
96.7349 
96.8919 
97.178 
97.4648 
97.6085 
97.5503 
97.2391 
96.6193 
95.7879 
94.9872 
94.4737 
94.419 
94.8745 
95.7997 
97.0687 
98.5182 
100.017 
101.484 
102.879 
104.157 
105.238 
105.997 
106.329 
106.197 
105.604 
104.612 
103.422 
102.311 
101.503 
101.111 
101.187 
101.517 
101.676 
101.571 
101.192 
100.398 
99.2706 
98.1175 
97.2463 
96.8278 
96.9035 
97.4188 
98.2207 
99.1408 
100.078 
100.993 
101.867 
102.652 
103.247 
103.539 
103.478 
103.048 
102.292 
101.396 
100.645 
100.247 
100.269 
100.676 
101.327 
101.972 
102.393 
102.504 
102.296 
101.818 
101.218 
100.67 
100.307 
100.164 
100.172 
100.276 
100.442 
100.642 
100.934 
101.461 
102.361 
103.674 
105.316 
107.087 
108.717 
109.919 
110.488 
110.354 
109.631 
108.608 
107.782 
107.708 
108.649 
110.677 
113.774 
117.689 
122.032 
126.405 
130.519 
134.287 
137.846 
141.511 
145.592 
150.199 
155.154 
160.033 
164.305 
167.537 
169.539 
170.323 
169.938 
168.766 
167.621 
167.004 
166.92 
167.312 
168.071 
168.931 
169.618 
169.993 
170.099 
170.085 
170.103 
170.305 
170.625 
170.763 
170.55 
169.886 
168.589 
166.624 
164.256 
161.999 
160.425 
159.916 
160.582 
162.298 
164.659 
167.096 
169.137 
170.553 
171.407 
171.986 
172.605 
173.431 
174.411 
175.284 
175.741 
175.635 
174.882 
173.47 
171.76 
170.412 
169.985 
170.673 
172.377 
174.733 
177.128 
178.891 
179.559 
178.991 
177.276 
174.756 
172.006 
169.577 
167.788 
166.719 
166.309 
166.5 
167.061 
167.553 
167.729 
167.571 
167.104 
166.406 
165.578 
164.722 
163.939 
163.384 
163.23 
163.551 
164.347 
165.582 
167.155 
168.861 
170.415 
171.518 
172.03 
172.024 
171.571 
170.765 
169.839 
169.032 
168.46 
168.099 
167.831 
167.531 
167.139 
166.678 
166.311 
166.272 
166.671 
167.503 
168.713 
170.16 
171.628 
172.892 
173.803 
174.327 
174.56 
174.708 
175.022 
175.707 
176.845 
178.37 
180.05 
181.359 
181.659 
180.658 
178.388 
175.06 
171.156 
167.391 
164.546 
163.176 
163.451 
165.328 
168.559 
172.603 
176.825 
180.71 
183.944 
186.399 
188.06 
188.993 
189.382 
189.46 
189.327 
188.997 
188.496 
187.849 
187.085 
186.268 
185.504 
184.928 
184.616 
184.562 
184.744 
185.123 
185.523 
185.711 
185.583 
185.008 
183.719 
181.599 
178.762 
175.484 
172.167 
169.284 
167.29 
166.483 
166.951 
168.611 
171.182 
174.257 
177.477 
180.659 
183.839 
187.232 
191.088 
195.49 
200.259 
204.977 
209.062 
211.913 
213.124 
212.572 
210.395 
207.063 
203.315 
199.951 
197.644 
196.573 
196.439 
197.032 
198.141 
199.148 
199.409 
198.706 
197.113 
194.892 
192.501 
190.436 
189.069 
188.584 
189.019 
190.215 
191.778 
193.286 
194.423 
194.998 
194.957 
194.396 
193.595 
192.902 
192.551 
192.611 
193.108 
194.066 
195.393 
196.921 
198.479 
199.884 
200.84 
200.993 
200.176 
198.404 
195.814 
192.725 
189.644 
187.158 
185.657 
185.2 
185.745 
187.126 
188.853 
190.305 
191.1 
191.188 
190.62 
189.518 
188.147 
186.761 
185.48 
184.268 
183.014 
181.663 
180.262 
178.935 
177.852 
177.137 
176.783 
176.69 
176.79 
177.002 
177.18 
177.253 
177.254 
177.27 
177.447 
177.928 
178.781 
179.961 
181.278 
182.379 
182.911 
182.721 
181.788 
180.282 
178.785 
177.94 
178 
179.032 
180.903 
182.796 
183.692 
183.155 
180.641 
175.274 
167.059 
157.021 
146.514 
136.849 
128.997 
123.433 
120.098 
118.495 
117.928 
117.752 
117.527 
117.034 
116.214 
115.123 
113.871 
112.518 
111.062 
109.452 
107.61 
105.503 
103.182 
100.783 
98.5097 
96.5999 
95.2702 
94.6557 
94.7949 
95.6102 
96.8652 
98.2333 
99.3878 
100.09 
100.252 
99.8633 
98.9898 
97.8357 
96.6755 
95.7247 
95.0708 
94.6503 
94.2693 
93.6694 
92.6357 
91.0919 
89.1362 
87.0231 
85.0997 
83.7022 
82.9735 
82.8346 
83.2117 
84.0054 
84.9371 
85.6623 
85.9538 
85.7491 
85.02 
83.7384 
81.9837 
79.9137 
77.6821 
75.4174 
73.2165 
71.1477 
69.2617 
67.6044 
66.2287 
65.1869 
64.5019 
64.149 
64.0408 
64.0024 
63.7839 
63.1423 
61.938 
60.1806 
58.0626 
55.97 
54.3714 
53.5362 
53.4382 
54.0079 
55.1121 
56.3764 
57.308 
57.5378 
56.9432 
55.5855 
53.6714 
51.5127 
49.4161 
47.6069 
46.1887 
45.1347 
44.3125 
43.5471 
42.6922 
41.6776 
40.5266 
39.3661 
38.4237 
37.9165 
37.9331 
38.5311 
39.7442 
41.3913 
43.102 
44.4007 
44.8536 
44.2946 
42.7543 
40.3754 
37.4493 
34.3638 
31.5039 
29.1515 
27.4407 
26.3809 
25.9239 
26.0365 
26.5627 
27.1657 
27.5917 
27.7487 
27.6107 
27.2013 
26.6038 
25.9537 
25.3919 
25.0167 
24.8659 
24.9416 
25.1339 
25.2599 
25.2713 
25.1255 
24.7177 
24.0807 
23.3381 
22.5835 
21.8786 
21.2593 
20.7421 
20.3249 
19.9915 
19.7186 
19.4776 
19.2321 
18.9419 
18.574 
18.1141 
17.5722 
16.9843 
16.4122 
15.9294 
15.6012 
15.4659 
15.5343 
15.7931 
16.2 
16.6912 
17.1945 
17.6325 
17.9306 
18.0374 
17.9372 
17.6324 
17.1509 
16.5705 
15.9995 
15.5332 
15.2234 
15.0697 
15.0212 
14.9878 
14.8673 
14.5781 
14.0801 
13.3826 
12.5452 
11.6768 
10.9171 
10.4011 
10.1724 
10.1714 
10.3535 
10.6702 
10.9961 
11.21 
11.2662 
11.1602 
10.9214 
10.6422 
10.4421 
10.4018 
10.5454 
10.8482 
11.2281 
11.5426 
11.6547 
11.5115 
11.1229 
10.5324 
9.8255 
9.10771 
8.47241 
7.98036 
7.65287 
7.47208 
7.39106 
7.35483 
7.31683 
7.24666 
7.13158 
6.97205 
6.77865 
6.56988 
6.36693 
6.1872 
6.03932 
5.92091 
5.81545 
5.6895 
5.49949 
5.20897 
4.80579 
4.30896 
3.7662 
3.24381 
2.80904 
2.50988 
2.36657 
2.38155 
2.51038 
2.63489 
2.64753 
2.51555 
2.24486 
1.86155 
1.41707 
0.974736 
0.590405 
0.300029 
0.115684 
0.0257776 
0 
0 
0 
0 
0 
0 
0 
0 
0 
0 
0 
0 
0 
0 
0 
0 
0 
0 
0 
0 
0 
0 
0 
0 
0 
0 
0 
0 
0 
0 
0 
0 
0 
0 
0 
0 
0 
0 
0 
0 
0 
0 
0 
0 
0 
0 
0 
0 
0 
0 
0 
0 
0 
0 
0 
0 
0 
0 
0 
0 
0 
0 
0 
0 
0 
0 
0 
0 
0 
0 
0 
0 
0 
0 
0 
0 
0 
0 
0 
0 
0 
0 
0 
0 
0 
0 
0 
0 
0 
0 
0 
0 
0 
0 
0 
0 
0 
0 
0 
0 
0 
0 
0 
0 
0 
0 
0 
0 
0 
0 
0 
0 
0 
0 
0 
0 
0 
0 
0 
0 
0 
0 
0 
0 
0 
0 
0 
0 
0 
0 
0 
0 
0 
0 
0 
0 
0 
0 
0 
0 
0 
0 
0 
0 
0 
0 
0 
0 
0 
0 
0 
0 
0 
0 
0 
0 
0 
0 
0 
0 
0 
0 
0 
0 
0 
0 
0 
0 
0 
0 
0 
0 
0 
0 
0 
0 
0 
0 
0 
0 
0 
0 
0 
0 
0 
0 
0 
0 
0 
0 
0 
0 
0 
0 
0 
0 
0 
0 
0 
0 
0 
0 
0 
0 
0 
0 
0 
0 
0 
0 
0 
0 
0 
0 
0 
0 
0 
0 
0 
0 
0 
0 
0 
0 
0 
0 
0 
0 
0 
0 
0 
0 
0 
0 
0 
0 
0 
0 
0 
0 
0 
0 
0 
0 
0 
0 
0 
0 
0 
0 
0 
0 
0 
0 
0 
0 
0 
0 
0 
0 
0 
0 
0 
0 
0 
0 
0 
0 
0 
0 
0 
0 
0 
0 
0 
0 
0 
0 
0 
0 
0 
0 
0 
0 
0 
0 
0 
0 
0 
0 
0 
0 
0 
0 
0 
0 
0 
0 
0 
0 
0 
0 
0 
0 
0 
0 
0 
0 
0 
0 
0 
0 
0 
0 
0 
0 
0 
0 
0 
0 
0 
0 
0 
0 
0 
0 
0 
0 
0 
0 
0 
0 
0 
0 
0 
0 
0 
0 
0 
0 
0 
0 
0 
0 
0 
0 
0 
0 
0 
0 
0 
0 
0 
0 
0 
0 
0 
0 
0 
0 
0 
0 
0 
0 
0 
0 
0 
0 
0 
0 
0 
0 
0 
0 
0 
0 
0 
0 
0 
0 
0 
0 
0 
0 
0 
0 
0 
0 
0 
0 
0 
0 
0 
0 
0 
0 
0 
0 
0 
0 
0 
0 
0 
0 
0 
0 
0 
0 
0 
0 
0 
0 
0 
0 
0 
0 
0 
0 
0 
0 
0 
0 
0 
0 
0 
0 
0 
0 
0 
0 
0 
0 
0 
0 
0 
0 
0 
0 
0 
0 
0 
0 
0 
0 
0 
0 
0 
0 
0 
0 
0 
0 
0 
0 
0 
0 
0 
0 
0 
0 
0 
0 
0 
0 
0 
0 
0 
0 
0 
0 
0 
0 
0 
0 
0 
0 
0 
0 
0 
0 
0 
0 
0 
0 
0 
0 
0 
0 
0 
0 
0 
0 
0 
0 
0 
0 
0 
0 
0 
0 
0 
0 
0 
0 
0 
0 
0 
0 
0 
0 
0 
0 
0 
0 
0 
0 
0 
0 
0 
0 
0 
0 
0 
0 
0 
0 
0 
0 
0 
0 
0 
0 
0 
0 
0 
0 
0 
0 
0 
0 
0 
0 
0 
0 
0 
0 
0 
0 
0 
0 
0 
0 
0 
0 
0 
0 
0 
0 
0 
0 
0 
0 
0 
0 
0 
0 
0 
0 
0 
0 
0 
0 
0 
0 
0 
0 
0 
0 
0 
0 
0 
0 
0 
0 
0 
0 
0 
0 
0 
0 
0 
0 
0 
0 
0 
0 
0 
0 
0 
0 
0 
0 
0 
0 
0 
0 
0 
0 
0 
0 
0 
0 
0 
0 
0 
0 
0 
0 
0 
0 
0 
0 
0 
0 
0 
0 
0 
0 
0 
0 
0 
0 
0 
0 
0 
0 
0 
0 
0 
0 
0 
0 
0 
0 
0 
0 
0 
0 
0 
0 
0 
0 
0 
0 
0 
0 
0 
0 
0 
0 
0 
0 
0 
0 
0 
0 
0 
0 
0 
0 
0 
0 
0 
0 
0 
0 
0 
0 
0 
0 
0 
0 
0 
0 
0 
0 
0 
0 
0 
0 
0 
0 
0 
0 
0 
0 
0 
0 
0 
0 
0 
0 
0 
0 
0 
0 
0 
0 
0 
0 
0 
0 
0 
0 
0 
0 
0 
0 
0 
0 
0 
0 
0 
0 
0 
0 
0 
0 
0 
0 
0 
0 
0 
0 
0 
0 
0 
0 
0 
0 
0 
0 
0 
0 
0 
0 
0 
0 
0 
0 
0 
0 
0 
0 
0 
0 
0 
0 
0 
0 
0 
0 
0 
0 
0 
0 
0 
0 
0 
0 
0 
0 
0 
0 
0 
0 
0 
0 
0 
0 
0 
0 
0 
0 
0 
0 
0 
0 
0 
0 
0 
0 
0 
0 
0 
0 
0 
0 
0 
0 
0 
0 
0 
0 
0 
0 
0 
0 
0 
0 
0 
0 
0 
0 
0 
0 
0 
0 
0 
0 
0 
0 
0 
0 
0 
0 
0 
0 
0 
0 
0 
0 
0 
0 
0 
0 
0 
0 
0 
0 
0 
0 
0 
0 
0 
0 
0 
0 
0 
0 
0 
0 
0 
0 
0 
0 
0 
0 
0 
0 
0 
0 
0 
0 
0 
0 
0 
0 
0 
0 
0 
0 
0 
0 
0 
0 
0 
0 
0 
0 
0 
0 
0 
0 
0 
0 
0 
0 
0 
0 
0 
0 
0 
0 
0 
0 
0 
0 
0 
0 
0 
0 
0 
0 
0 
0 
0 
0 
0 
0 
0 
0 
0 
0 
0 
0 
0 
0 
0 
0 
0 
0 
0 
0 
0 
0 
0 
0 
0 
0 
0 
0 
0 
0 
0 
0 
0 
0 
0 
0 
0 
0 
0 
0 
0 
0 
0 
0 
0 
0 
0 
0 
0 
0 
0 
0 
0 
0 
0 
0 
0 
0 
0 
0 
0 
0 
0 
0 
0 
0 
0 
0 
0 
0 
0 
0 
0 
0 
0 
0 
0 
0 
0 
0 
0 
0 
0 
0 
0 
0 
0 
0 
0 
0 
0 
0 
0 
0 
0 
0 
0 
0 
0 
0 
0 
0 
0 
0 
0 
0 
0 
0 
0 
0 
0 
0 
0 
0 
0 
0 
0 
0 
0 
0 
0 
0 
0 
0 
0 
0 
0 
0 
0 
0 
0 
0 
0 
0 
0 
0 
0 
0 
0 
0 
0 
0 
0 
0 
0 
0 
0 
0 
0 
0 
0 
0 
0 
0 
0 
0 
0 
0 
0 
0 
0 
0 
0 
0 
0 
0 
0 
0 
0 
0 
0 
0 
0 
0 
0 
0 
0 
0 
0 
0 
0 
0 
0 
0 
0 
0 
0 
0 
0 
0 
0 
0 
0 
0 
0 
0 
0 
0 
0 
0 
0 
0 
0 
0 
0 
0 
0 
0 
0 
0 
0 
0 
0 
0 
0 
0 
0 
0 
0 
0 
0 
0 
0 
0 
0 
0 
0 
0 
0 
0 
0 
0 
0 
0 
0 
0 
0 
0 
0 
0 
0 
0 
0 
0 
0 
0 
0 
0 
0 
0 
0 
0 
0 
0 
0 
0 
0 
0 
0 
0 
0 
0 
0 
0 
0 
0 
0 
0 
0 
0 
0 
0 
0 
0 
0 
0 
0 
0 
0 
0 
0 
0 
0 
0 
0 
0 
0 
0 
0 
0 
0 
0 
0 
0 
0 
0 
0 
0 
0 
0 
0 
0 
0 
0 
0 
0 
0 
0 
0 
0 
0 
0 
0 
0 
0 
0 
0 
0 
0 
0 
0 
0 
0 
0 
0 
0 
0 
0 
0 
0 
0 
0 
0 
0 
0 
0 
0 
0 
0 
0 
0 
0 
0 
0 
0 
0 
0 
0 
0 
0 
0 
0 
0 
0 
0 
0 
0 
0 
0 
0 
0 
0 
0 
0 
0 
0 
0 
0 
0 
0 
0 
0 
0 
0 
0 
0 
0 
0 
0 
0 
0 
0 
0 
0 
0 
0 
0 
0 
0 
0 
0 
0 
0 
0 
0 
0 
0 
0 
0 
0 
0 
0 
0 
0 
0 
0 
0 
0 
0 
0 
0 
0 
0 
0 
0 
0 
0 
0 
0 
0 
0 
0 
0 
0 
0 
0 
0 
0 
0 
0 
0 
0 
0 
0 
0 
0 
0 
0 
0 
0 
0 
0 
0 
0 
0 
0 
0 
0 
0 
0 
0 
0 
0 
0 
0 
0 
0 
0 
0 
0 
0 
0 
0 
0 
0 
0 
0 
0 
0 
0 
0 
0 
0 
0 
0 
0 
0 
0 
0 
0 
0 
0 
0 
0 
0 
0 
0 
0 
0 
0 
0 
0 
0 
0 
0 
0 
0 
0 
0 
0 
0 
0 
0 
0 
0 
0 
0 
0 
0 
0 
0 
0 
0 
0 
0 
0 
0 
0 
0 
0 
0 
0 
0 
0 
0 
0 
0 
0 
0 
0 
0 
0 
0 
0 
0 
0 
0 
0 
0 
0 
0 
0 
0 
0 
0 
0 
0 
0 
0 
0 
0 
0 
0 
0 
0 
0 
0 
0 
0 
0 
0 
0 
0 
0 
0 
0 
0 
0 
0 
0 
0 
0 
0 
0 
0 
0 
0 
0 
0 
0 
0 
0 
0 
0 
0 
0 
0 
0 
0 
0 
0 
0 
0 
0 
0 
0 
0 
0 
0 
0 
0 
0 
0 
0 
0 
0 
0 
0 
0 
0 
0 
0 
0 
0 
0 
0 
0 
0 
0 
0 
0 
0 
0 
0 
0 
0 
0 
0 
0 
0 
0 
0 
0 
0 
0 
0 
0 
0 
0 
0 
0 
0 
0 
0 
0 
0 
0 
0 
0 
0 
0 
0 
0 
0 
0 
0 
0 
0 
0 
0 
0 
0 
0 
0 
0 
0 
0 
0 
0 
0 
0 
0 
0 
0 
0 
0 
0 
0 
0 
0 
0 
0 
0 
0 
0 
0 
0 
0 
0 
0 
0 
0 
0 
0 
0 
0 
0 
0 
0 
0 
0 
0 
0 
0 
0 
0 
0 
0 
0 
0 
0 
0 
0 
0 
0 
0 
0 
0 
0 
0 
0 
0 
0 
0 
0 
0 
0 
0 
0 
0 
0 
0 
0 
0 
0 
0 
0 
0 
0 
0 
0 
0 
0 
0 
0 
0 
0 
0 
0 
0 
0 
0 
0 
0 
0 
0 
0 
0 
0 
0 
0 
0 
0 
0 
0 
0 
0 
0 
0 
0 
0 
0 
0 
0 
0 
0 
0 
0 
0 
0 
0 
0 
0 
0 
0 
0 
0 
0 
0 
0 
0 
0 
0 
0 
0 
0 
0 
0 
0 
0 
0 
0 
0 
0 
0 
0 
0 
0 
0 
0 
0 
0 
0 
0 
0 
0 
0 
0 
0 
0 
0 
0 
0 
0 
0 
0 
0 
0 
0 
0 
0 
0 
0 
0 
0 
0 
0 
0 
0 
0 
0 
0 
0 
0 
0 
0 
0 
0 
0 
0 
0 
0 
0 
0 
0 
0 
0 
0 
0 
0 
0 
0 
0 
0 
0 
0 
0 
0 
0 
0 
0 
0 
0 
0 
0 
0 
0 
0 
0 
0 
0 
0 
0 
0 
0 
0 
0 
0 
0 
0 
0 
0 
0 
0 
0 
0 
0 
0 
0 
0 
0 
0 
0 
0 
0 
0 
0 
0 
0 
0 
0 
0 
0 
0 
0 
0 
0 
0 
0 
0 
0 
0 
0 
0 
0 
0 
0 
0 
0 
0 
0 
0 
0 
0 
0 
0 
0 
0 
0 
0 
0 
0 
0 
0 
0 
0 
0 
0 
0 
0 
0 
0 
0 
0 
0 
0 
0 
0 
0 
0 
0 
0 
0 
0 
0 
0 
0 
0 
0 
0 
0 
0 
0 
0 
0 
0 
0 
0 
0 
0 
0 
0 
0 
0 
0 
0 
0 
0 
0 
0 
0 
0 
0 
0 
0 
0 
0 
0 
0 
0 
0 
0 
0 
0 
0 
0 
0 
0 
0 
0 
0 
0 
0 
0 
0 
0 
0 
0 
0 
0 
0 
0 
0 
0 
0 
0 
0 
0 
0 
0 
0 
0 
0 
0 
0 
0 
0 
0 
0 
0 
0 
0 
0 
0 
0 
0 
0 
0 
0 
0 
0 
0 
0 
0 
0 
0 
0 
0 
0 
0 
0 
0 
0 
0 
0 
0 
0 
0 
0 
0 
0 
0 
0 
0 
0 
0 
0 
0 
0 
0 
0 
0 
0 
0 
0 
0 
0 
0 
0 
0 
0 
0 
0 
0 
0 
0 
0 
0 
0 
0 
0 
0 
0 
0 
0 
0 
0 
0 
0 
0 
0 
0 
0 
0 
0 
0 
0 
0 
0 
0 
0 
0 
0 
0 
0 
0 
0 
0 
0 
0 
0 
0 
0 
0 
0 
0 
0 
0 
0 
0 
0 
0 
0 
0 
0 
0 
0 
0 
0 
0 
0 
0 
0 
0 
0 
0 
0 
0 
0 
0 
0 
0 
0 
0 
0 
0 
0 
0 
0 
0 
0 
0 
0 
0 
0 
0 
0 
0 
0 
0 
0 
0 
0 
0 
0 
0 
0 
0 
0 
0 
0 
0 
0 
0 
0 
0 
0 
0 
0 
0 
0 
0 
0 
0 
0 
0 
0 
0 
0 
0 
0 
0 
0 
0 
0 
0 
0 
0 
0 
0 
0 
0 
0 
0 
0 
0 
0 
0 
0 
0 
0 
0 
0 
0 
0 
0 
0 
0 
0 
0 
0 
0 
0 
0 
0 
0 
0 
0 
0 
0 
0 
0 
0 
0 
0 
0 
0 
0 
0 
0 
0 
0 
0 
0 
0 
0 
0 
0 
0 
0 
0 
0 
0 
0 
0 
0 
0 
0 
0 
0 
0 
0 
0 
0 
0 
0 
0 
0 
0 
0 
0 
0 
0 
0 
0 
0 
0 
0 
0 
0 
0 
0 
0 
0 
0 
0 
0 
0 
0 
0 
0 
0 
0 
0 
0 
0 
0 
0 
0 
0 
0 
0 
0 
0 
0 
0 
0 
0 
0 
0 
0 
0 
0 
0 
0 
0 
0 
0 
0 
0 
0 
0 
0 
0 
0 
0 
0 
0 
0 
0 
0 
0 
0 
0 
0 
0 
0 
0 
0 
0 
0 
0 
0 
0 
0 
0 
0 
0 
0 
0 
0 
0 
0 
0 
0 
0 
0 
0 
0 
0 
0 
0 
0 
0 
0 
0 
0 
0 
0 
0 
0 
0 
0 
0 
0 
0 
0 
0 
0 
0 
0 
0 
0 
0 
0 
0 
0 
0 
0 
0 
0 
0 
0 
0 
0 
0 
0 
0 
0 
0 
0 
0 
0 
0 
0 
0 
0 
0 
0 
0 
0 
0 
0 
0 
0 
0 
0 
0 
0 
0 
0 
0 
0 
0 
0 
0 
0 
0 
0 
0 
0 
0 
0 
0 
0 
0 
0 
0 
0 
0 
0 
0 
0 
0 
0 
0 
0 
0 
0 
0 
0 
0 
0 
0 
0 
0 
0 
0 
0 
0 
0 
0 
0 
0 
0 
0 
0 
0 
0 
0 
0 
0 
0 
0 
0 
0 
0 
0 
0 
0 
0 
0 
0 
0 
0 
0 
0 
0 
0 
0 
0 
0 
0 
0 
0 
0 
0 
0 
0 
0 
0 
0 
0 
0 
0 
0 
0 
0 
0 
0 
0 
0 
0 
0 
0 
0 
0 
0 
0 
0 
0 
0 
0 
0 
0 
0 
0 
0 
0 
0 
0 
0 
0 
0 
0 
0 
0 
0 
0 
0 
0 
0 
0 
0 
0 
0 
0 
0 
0 
0 
0 
0 
0 
0 
0 
0 
0 
0 
0 
0 
0 
0 
0 
0 
0 
0 
0 
0 
0 
0 
0 
0 
0 
0 
0 
0 
0 
0 
0 
0 
0 
0 
0 
0 
0 
0 
0 
0 
0 
0 
0 
0 
0 
0 
0 
0 
0 
0 
0 
0 
0 
0 
0 
0 
0 
0 
0 
0 
0 
0 
0 
0 
0 
0 
0 
0 
0 
0 
0 
0 
0 
0 
0 
0 
0 
0 
0 
0 
0 
0 
0 
0 
0 
0 
0 
0 
0 
0 
0 
0 
0 
0 
0 
0 
0 
0 
0 
0 
0 
0 
0 
0 
0 
0 
0 
0 
0 
0 
0 
0 
0 
0 
0 
0 
0 
0 
0 
0 
0 
0 
0 
0 
0 
0 
0 
0 
0 
0 
0 
0 
0 
0 
0 
0 
0 
0 
0 
0 
0 
0 
0 
0 
0 
0 
0 
0 
0 
0 
0 
0 
0 
0 
0 
0 
0 
0 
0 
0 
0 
0 
0 
0 
0 
0 
0 
0 
0 
0 
0 
0 
0 
0 
0 
0 
0 
0 
0 
0 
0 
0 
0 
0 
0 
0 
0 
0 
0 
0 
0 
0 
0 
0 
0 
0 
0 
0 
0 
0 
0 
0 
0 
0 
0 
0 
0 
0 
0 
0 
0 
0 
0 
0 
0 
0 
0 
0 
0 
0 
0 
0 
0 
0 
0 
0 
0 
0 
0 
0 
0 
0 
0 
0 
0 
0 
0 
0 
0 
0 
0 
0 
0 
0 
0 
0 
0 
0 
0 
0 
0 
0 
0 
0 
0 
0 
0 
0 
0 
0 
0 
0 
0 
0 
0 
0 
0 
0 
0 
0 
0 
0 
0 
0 
0 
0 
0 
0 
0 
0 
0 
0 
0 
0 
0 
0 
0 
0 
0 
0 
0 
0 
0 
0 
0 
0 
0 
0 
0 
0 
0 
0 
0 
0 
0 
0 
0 
0 
0 
0 
0 
0 
0 
0 
0 
0 
0 
0 
0 
0 
0 
0 
0 
0 
0 
0 
0 
0 
0 
0 
0 
0 
0 
0 
0 
0 
0 
0 
0 
0 
0 
0 
0 
0 
0 
0 
0 
0 
0 
0 
0 
0 
0 
0 
0 
0 
0 
0 
0 
0 
0 
0 
0 
0 
0 
0 
0 
0 
0 
0 
0 
0 
0 
0 
0 
0 
0 
0 
0 
0 
0 
0 
0 
0 
0 
0 
0 
0 
0 
0 
0 
0 
0 
0 
0 
0 
0 
0 
0 
0 
0 
0 
0 
0 
0 
0 
0 
0 
0 
0 
0 
0 
0 
0 
0 
0 
0 
0 
0 
0 
0 
0 
0 
0 
0 
0 
0 
0 
0 
0 
0 
0 
0 
0 
0 
0 
0 
0 
0 
0 
0 
0 
0 
0 
0 
0 
0 
0 
0 
0 
0 
0 
0 
0 
0 
0 
0 
0 
0 
0 
0 
0 
0 
0 
0 
0 
0 
0 
0 
0 
0 
0 
0 
0 
0 
0 
0 
0 
0 
0 
0 
0 
0 
0 
0 
0 
0 
0 
0 
0 
0 
0 
0 
0 
0 
0 
0 
0 
0 
0 
0 
0 
0 
0 
0 
0 
0 
0 
0 
0 
0 
0 
0 
0 
0 
0 
0 
0 
0 
0 
0 
0 
0 
0 
0 
0 
0 
0 
0 
0 
0 
0 
0 
0 
0 
0 
0 
0 
0 
0 
0 
0 
0 
0 
0 
0 
0 
0 
0 
0 
0 
0 
0 
0 
0 
0 
0 
0 
0 
0 
0 
0 
0 
0 
0 
0 
0 
0 
0 
0 
0 
0 
0 
0 
0 
0 
0 
0 
0 
0 
0 
0 
0 
0 
0 
0 
0 
0 
0 
0 
0 
0 
0 
0 
0 
0 
0 
0 
0 
0 
0 
0 
0 
0 
0 
0 
0 
0 
0 
0 
0 
0 
0 
0 
0 
0 
0 
0 
0 
0 
0 
0 
0 
0 
0 
0 
0 
0 
0 
0 
0 
0 
0 
0 
0 
0 
0 
0 
0 
0 
0 
0 
0 
0 
0 
0 
0 
0 
0 
0 
0 
0 
0 
0 
0 
0 
0 
0 
0 
0 
0 
0 
0 
0 
0 
0 
0 
0 
0 
0 
0 
0 
0 
0 
0 
0 
0 
0 
0 
0 
0 
0 
0 
0 
0 
0 
0 
0 
0 
0 
0 
0 
0 
0 
0 
0 
0 
0 
0 
0 
0 
0 
0 
0 
0 
0 
0 
0 
0 
0 
0 
0 
0 
0 
0 
0 
0 
0 
0 
0 
0 
0 
0 
0 
0 
0 
0 
0 
0 
0 
0 
0 
0 
0 
0 
0 
0 
0 
0 
0 
0 
0 
0 
0 
0 
0 
0 
0 
0 
0 
0 
0 
0 
0 
0 
0 
0 
0 
0 
0 
0 
0 
0 
0 
0 
0 
0 
0 
0 
0 
0 
0 
0 
0 
0 
0 
0 
0 
0 
0 
0 
0 
0 
0 
0 
0 
0 
0 
0 
0 
0 
0 
0 
0 
0 
0 
0 
0 
0 
0 
0 
0 
0 
0 
0 
0 
0 
0 
0 
0 
0 
0 
0 
0 
0 
0 
0 
0 
0 
0 
0 
0 
0 
0 
0 
0 
0 
0 
0 
0 
0 
0 
0 
0 
0 
0 
0 
0 
0 
0 
0 
0 
0 
0 
0 
0 
0 
0 
0 
0 
0 
0 
0 
0 
0 
0 
0 
0 
0 
0 
0 
0 
0 
0 
0 
0 
0 
0 
0 
0 
0 
0 
0 
0 
0 
0 
0 
0 
0 
0 
0 
0 
0 
0 
0 
0 
0 
0 
0 
0 
0 
0 
0 
0 
0 
0 
0 
0 
0 
0 
0 
0 
0 
0 
0 
0 
0 
0 
0 
0 
0 
0 
0 
0 
0 
0 
0 
0 
0 
0 
0 
0 
0 
0 
0 
0 
0 
0 
0 
0 
0 
0 
0 
0 
0 
0 
0 
0 
0 
0 
0 
0 
0 
0 
0 
0 
0 
0 
0 
0 
0 
0 
0 
0 
0 
0 
0 
0 
0 
0 
0 
0 
0 
0 
0 
0 
0 
0 
0 
0 
0 
0 
0 
0 
0 
0 
0 
0 
0 
0 
0 
0 
0 
0 
0 
0 
0 
0 
0 
0 
0 
0 
0 
0 
0 
0 
0 
0 
0 
0 
0 
0 
0 
0 
0 
0 
0 
0 
0 
0 
0 
0 
0 
0 
0 
0 
0 
0 
0 
0 
0 
0 
0 
0 
0 
0 
0 
0 
0 
0 
0 
0 
0 
0 
0 
0 
0 
0 
0 
0 
0 
0 
0 
0 
0 
0 
0 
0 
0 
0 
0 
0 
0 
0 
0 
0 
0 
0 
0 
0 
0 
0 
0 
0 
0 
0 
0 
0 
0 
0 
0 
0 
0 
0 
0 
0 
0 
0 
0 
0 
0 
0 
0 
0 
0 
0 
0 
0 
0 
0 
0 
0 
0 
0 
0 
0 
0 
0 
0 
0 
0 
0 
0 
0 
0 
0 
0 
0 
0 
0 
0 
0 
0 
0 
0 
0 
0 
0 
0 
0 
0 
0 
0 
0 
0 
0 
0 
0 
0 
0 
0 
0 
0 
0 
0 
0 
0 
0 
0 
0 
0 
0 
0 
0 
0 
0 
0 
0 
0 
0 
0 
0 
0 
0 
0 
0 
0 
0 
0 
0 
0 
0 
0 
0 
0 
0 
0 
0 
0 
0 
0 
0 
0 
0 
0 
0 
0 
0 
0 
0 
0 
0 
0 
0 
0 
0 
0 
0 
0 
0 
0 
0 
0 
0 
0 
0 
0 
0 
0 
0 
0 
0 
0 
0 
0 
0 
0 
0 
0 
0 
0 
0 
0 
0 
0 
0 
0 
0 
0 
0 
0 
0 
0 
0 
0 
0 
0 
0 
0 
0 
0 
0 
0 
0 
0 
0 
0 
0 
0 
0 
0 
0 
0 
0 
0 
0 
0 
0 
0 
0 
0 
0 
0 
0 
0 
0 
0 
0 
0 
0 
0 
0 
0 
0 
0 
0 
0 
0 
0 
0 
0 
0 
0 
0 
0 
0 
0 
0 
0 
0 
0 
0 
0 
0 
0 
0 
0 
0 
0 
0 
0 
0 
0 
0 
0 
0 
0 
0 
0 
0 
0 
0 
0 
0 
0 
0 
0 
0 
0 
0 
0 
0 
0 
0 
0 
0 
0 
0 
0 
0 
0 
0 
0 
0 
0 
0 
0 
0 
0 
0 
0 
0 
0 
0 
0 
0 
0 
0 
0 
0 
0 
0 
0 
0 
0 
0 
0 
0 
0 
0 
0 
0 
0 
0 
0 
0 
0 
0 
0 
0 
0 
0 
0 
0 
0 
0 
0 
0 
0 
0 
0 
0 
0 
0 
0 
0 
0 
0 
0 
0 
0 
0 
0 
0 
0 
0 
0 
0 
0 
0 
0 
0 
0 
0 
0 
0 
0 
0 
0 
0 
0 
0 
0 
0 
0 
0 
0 
0 
0 
0 
0 
0 
0 
0 
0 
0 
0 
0 
0 
0 
0 
0 
0 
0 
0 
0 
0 
0 
0 
0 
0 
0 
0 
0 
0 
0 
0 
0 
0 
0 
0 
0 
0 
0 
0 
0 
0 
0 
0 
0 
0 
0 
0 
0 
0 
0 
0 
0 
0 
0 
0 
0 
0 
0 
0 
0 
0 
0 
0 
0 
0 
0 
0 
0 
0 
0 
0 
0 
0 
0 
0 
0 
0 
0 
0 
0 
0 
0 
0 
0 
0 
0 
0 
0 
0 
0 
0 
0 
0 
0 
0 
0 
0 
0 
0 
0 
0 
0 
0 
0 
0 
0 
0 
0 
0 
0 
0 
0 
0 
0 
0 
0 
0 
0 
0 
0 
0 
0 
0 
0 
0 
0 
0 
0 
0 
0 
0 
0 
0 
0 
0 
0 
0 
0 
0 
0 
0 
0 
0 
0 
0 
0 
0 
0 
0 
0 
0 
0 
0 
0 
0 
0 
0 
0 
0 
0 
0 
0 
0 
0 
0 
0 
0 
0 
0 
0 
0 
0 
0 
0 
0 
0 
0 
0 
0 
0 
0 
0 
0 
0 
0 
0 
0 
0 
0 
0 
0 
0 
0 
0 
0 
0 
0 
0 
0 
0 
0 
0 
0 
0 
0 
0 
0 
0 
0 
0 
0 
0 
0 
0 
0 
0 
0 
0 
0 
0 
0 
0 
0 
0 
0 
0 
0 
0 
0 
0 
0 
0 
0 
0 
0 
0 
0 
0 
0 
0 
0 
0 
0 
0 
0 
0 
0 
0 
0 
0 
0 
0 
0 
0 
0 
0 
0 
0 
0 
0 
0 
0 
0 
0 
0 
0 
0 
0 
0 
0 
0 
0 
0 
0 
0 
0 
0 
0 
0 
0 
0 
0 
0 
0 
0 
0 
0 
0 
0 
0 
0 
0 
0 
0 
0 
0 
0 
0 
0 
0 
0 
0 
0 
0 
0 
0 
0 
0 
0 
0 
0 
0 
0 
0 
0 
0 
0 
0 
0 
0 
0 
0 
0 
0 
0 
0 
0 
0 
0 
0 
0 
0 
0 
0 
0 
0 
0 
0 
0 
0 
0 
0 
0 
0 
0 
0 
0 
0 
0 
0 
0 
0 
0 
0 
0 
0 
0 
0 
0 
0 
0 
0 
0 
0 
0 
0 
0 
0 
0 
0 
0 
0 
0 
0 
0 
0 
0 
0 
0 
0 
0 
0 
0 
0 
0 
0 
0 
0 
0 
0 
0 
0 
0 
0 
0 
0 
0 
0 
0 
0 
0 
0 
0 
0 
0 
0 
0 
0 
0 
0 
0 
0 
0 
0 
0 
0 
0 
0 
0 
0 
0 
0 
0 
0 
0 
0 
0 
0 
0 
0 
0 
0 
0 
0 
0 
0 
0 
0 
0 
0 
0 
0 
0 
0 
0 
0 
0 
0 
0 
0 
0 
0 
0 
0 
0 
0 
0 
0 
0 
0 
0 
0 
0 
0 
0 
0 
0 
0 
0 
0 
0 
0 
0 
0 
0 
0 
0 
0 
0 
0 
0 
0 
0 
0 
0 
0 
0 
0 
0 
0 
0 
0 
0 
0 
0 
0 
0 
0 
0 
0 
0 
0 
0 
0 
0 
0 
0 
0 
0 
0 
0 
0 
0 
0 
0 
0 
0 
0 
0 
0 
0 
0 
0 
0 
0 
0 
0 
0 
0 
0 
0 
0 
0 
0 
0 
0 
0 
0 
0 
0 
0 
0 
0 
0 
0 
0 
0 
0 
0 
0 
0 
0 
0 
0 
0 
0 
0 
0 
0 
0 
0 
0 
0 
0 
0 
0 
0 
0 
0 
0 
0 
0 
0 
0 
0 
0 
0 
0 
0 
0 
0 
0 
0 
0 
0 
0 
0 
0 
0 
0 
0 
0 
0 
0 
0 
0 
0 
0 
0 
0 
0 
0 
0 
0 
0 
0 
0 
0 
0 
0 
0 
0 
0 
0 
0 
0 
0 
0 
0 
0 
0 
0 
0 
0 
0 
0 
0 
0 
0 
0 
0 
0 
0 
0 
0 
0 
0 
0 
0 
0 
0 
0 
0 
0 
0 
0 
0 
0 
0 
0 
0 
0 
0 
0 
0 
0 
0 
0 
0 
0 
0 
0 
0 
0 
0 
0 
0 
0 
0 
0 
0 
0 
0 
0 
0 
0 
0 
0 
0 
0 
0 
0 
0 
0 
0 
0 
0 
0 
0 
0 
0 
0 
0 
0 
0 
0 
0 
0 
0 
0 
0 
0 
0 
0 
0 
0 
0 
0 
0 
0 
0 
0 
0 
0 
0 
0 
0 
0 
0 
0 
0 
0 
0 
0 
0 
0 
0 
0 
0 
0 
0 
0 
0 
0 
0 
0 
0 
0 
0 
0 
0 
0 
0 
0 
0 
0 
0 
0 
0 
0 
0 
0 
0 
0 
0 
0 
0 
0 
0 
0 
0 
0 
0 
0 
0 
0 
0 
0 
0 
0 
0 
0 
0 
0 
0 
0 
0 
0 
0 
0 
0 
0 
0 
0 
0 
0 
0 
0 
0 
0 
0 
0 
0 
0 
0 
0 
0 
0 
0 
0 
0 
0 
0 
0 
0 
0 
0 
0 
0 
0 
0 
0 
0 
0 
0 
0 
0 
0 
0 
0 
0 
0 
0 
0 
0 
0 
0 
0 
0 
0 
0 
0 
0 
0 
0 
0 
0 
0 
0 
0 
0 
0 
0 
0 
0 
0 
0 
0 
0 
0 
0 
0 
0 
0 
0 
0 
0 
0 
0 
0 
0 
0 
0 
0 
0 
0 
0 
0 
0 
0 
0 
0 
0 
0 
0 
0 
0 
0 
0 
0 
0 
0 
0 
0 
0 
0 
0 
0 
0 
0 
0 
0 
0 
0 
0 
0 
0 
0 
0 
0 
0 
0 
0 
0 
0 
0 
0 
0 
0 
0 
0 
0 
0 
0 
0 
0 
0 
0 
0 
0 
0 
0 
0 
0 
0 
0 
0 
0 
0 
0 
0 
0 
0 
0 
0 
0 
0 
0 
0 
0 
0 
0 
0 
0 
0 
0 
0 
0 
0 
0 
0 
0 
0 
0 
0 
0 
0 
0 
0 
0 
0 
0 
0 
0 
0 
0 
0 
0 
0 
0 
0 
0 
0 
0 
0 
0 
0 
0 
0 
0 
0 
0 
0 
0 
0 
0 
0 
0 
0 
0 
0 
0 
0 
0 
0 
0 
0 
0 
0 
0 
0 
0 
0 
0 
0 
0 
0 
0 
0 
0 
0 
0 
0 
0 
0 
0 
0 
0 
0 
0 
0 
0 
0 
0 
0 
0 
0 
0 
0 
0 
0 
0 
0 
0 
0 
0 
0 
0 
0 
0 
0 
0 
0 
0 
0 
0 
0 
0 
0 
0 
0 
0 
0 
0 
0 
0 
0 
0 
0 
0 
0 
0 
0 
0 
0 
0 
0 
0 
0 
0 
0 
0 
0 
0 
0 
0 
0 
0 
0 
0 
0 
0 
0 
0 
0 
0 
0 
0 
0 
0 
0 
0 
0 
0 
0 
0 
0 
0 
0 
0 
0 
0 
0 
0 
0 
0 
0 
0 
0 
0 
0 
0 
0 
0 
0 
0 
0 
0 
0 
0 
0 
0 
0 
0 
0 
0 
0 
0 
0 
0 
0 
0 
0 
0 
0 
0 
0 
0 
0 
0 
0 
0 
0 
0 
0 
0 
0 
0 
0 
0 
0 
0 
0 
0 
0 
0 
0 
0 
0 
0 
0 
0 
0 
0 
0 
0 
0 
0 
0 
0 
0 
0 
0 
0 
0 
0 
0 
0 
0 
0 
0 
0 
0 
0 
0 
0 
0 
0 
0 
0 
0 
0 
0 
0 
0 
0 
0 
0 
0 
0 
0 
0 
0 
0 
0 
0 
0 
0 
0 
0 
0 
0 
0 
0 
0 
0 
0 
0 
0 
0 
0 
0 
0 
0 
0 
0 
0 
0 
0 
0 
0 
0 
0 
0 
0 
0 
0 
0 
0 
0 
0 
0 
0 
0 
0 
0 
0 
0 
0 
0 
0 
0 
0 
0 
0 
0 
0 
0 
0 
0 
0 
0 
0 
0 
0 
0 
0 
0 
0 
0 
0 
0 
0 
0 
0 
0 
0 
0 
0 
0 
0 
0 
0 
0 
0 
0 
0 
0 
0 
0 
0 
0 
0 
0 
0 
0 
0 
0 
0 
0 
0 
0 
0 
0 
0 
0 
0 
0 
0 
0 
0 
0 
0 
0 
0 
0 
0 
0 
0 
0 
0 
0 
0 
0 
0 
0 
0 
0 
0 
0 
0 
0 
0 
0 
0 
0 
0 
0 
0 
0 
0 
0 
0 
0 
0 
0 
0 
0 
0 
0 
0 
0 
0 
0 
0 
0 
0 
0 
0 
0 
0 
0 
0 
0 
0 
0 
0 
0 
0 
0 
0 
0 
0 
0 
0 
0 
0 
0 
0 
0 
0 
0 
0 
0 
0 
0 
0 
0 
0 
0 
0 
0 
0 
0 
0 
0 
0 
0 
0 
0 
0 
0 
0 
0 
0 
0 
0 
0 
0 
0 
0 
0 
0 
0 
0 
0 
0 
0 
0 
0 
0 
0 
0 
0 
0 
0 
0 
0 
0 
0 
0 
0 
0 
0 
0 
0 
0 
0 
0 
0 
0 
0 
0 
0 
0 
0 
0 
0 
0 
0 
0 
0 
0 
0 
0 
0 
0 
0 
0 
0 
0 
0 
0 
0 
0 
0 
0 
0 
0 
0 
0 
0 
0 
0 
0 
0 
0 
0 
0 
0 
0 
0 
0 
0 
0 
0 
0 
0 
0 
0 
0 
0 
0 
0 
0 
0 
0 
0 
0 
0 
0 
0 
0 
0 
0 
0 
0 
0 
0 
0 
0 
0 
0 
0 
0 
0 
0 
0 
0 
0 
0 
0 
0 
0 
0 
0 
0 
0 
0 
0 
0 
0 
0 
0 
0 
0 
0 
0 
0 
0 
0 
0 
0 
0 
0 
0 
0 
0 
0 
0 
0 
0 
0 
0 
0 
0 
0 
0 
0 
0 
0 
0 
0 
0 
0 
0 
0 
0 
0 
0 
0 
0 
0 
0 
0 
0 
0 
0 
0 
0 
0 
0 
0 
0 
0 
0 
0 
0 
0 
0 
0 
0 
0 
0 
0 
0 
0 
0 
0 
0 
0 
0 
0 
0 
0 
0 
0 
0 
0 
0 
0 
0 
0 
0 
0 
0 
0 
0 
0 
0 
0 
0 
0 
0 
0 
0 
0 
0 
0 
0 
0 
0 
0 
0 
0 
0 
0 
0 
0 
0 
0 
0 
0 
0 
0 
0 
0 
0 
0 
0 
0 
0 
0 
0 
0 
0 
0 
0 
0 
0 
0 
0 
0 
0 
0 
0 
0 
0 
0 
0 
0 
0 
0 
0 
0 
0 
0 
0 
0 
0 
0 
0 
0 
0 
0 
0 
0 
0 
0 
0 
0 
0 
0 
0 
0 
0 
0 
0 
0 
0 
0 
0 
0 
0 
0 
0 
0 
0 
0 
0 
0 
0 
0 
0 
0 
0 
0 
0 
0 
0 
0 
0 
0 
0 
0 
0 
0 
0 
0 
0 
0 
0 
0 
0 
0 
0 
0 
0 
0 
0 
0 
0 
0 
0 
0 
0 
0 
0 
0 
0 
0 
0 
0 
0 
0 
0 
0 
0 
0 
0 
0 
0 
0 
0 
0 
0 
0 
0 
0 
0 
0 
0 
0 
0 
0 
0 
0 
0 
0 
0 
0 
0 
0 
0 
0 
0 
0 
0 
0 
0 
0 
0 
0 
0 
0 
0 
0 
0 
0 
0 
0 
0 
0 
0 
0 
0 
0 
0 
0 
0 
0 
0 
0 
0 
0 
0 
0 
0 
0 
0 
0 
0 
0 
0 
0 
0 
0 
0 
0 
0 
0 
0 
0 
0 
0 
0 
0 
0 
0 
0 
0 
0 
0 
0 
0 
0 
0 
0 
0 
0 
0 
0 
0 
0 
0 
0 
0 
0 
0 
0 
0 
0 
0 
0 
0 
0 
0 
0 
0 
0 
0 
0 
0 
0 
0 
0 
0 
0 
0 
0 
0 
0 
0 
0 
0 
0 
0 
0 
0 
0 
0 
0 
0 
0 
0 
0 
0 
0 
0 
0 
0 
0 
0 
0 
0 
0 
0 
0 
0 
0 
0 
0 
0 
0 
0 
0 
0 
0 
0 
0 
0 
0 
0 
0 
0 
0 
0 
0 
0 
0 
0 
0 
0 
0 
0 
0 
0 
0 
0 
0 
0 
0 
0 
0 
0 
0 
0 
0 
0 
0 
0 
0 
0 
0 
0 
0 
0 
0 
0 
0 
0 
0 
0 
0 
0 
0 
0 
0 
0 
0 
0 
0 
0 
0 
0 
0 
0 
0 
0 
0 
0 
0 
0 
0 
0 
0 
0 
0 
0 
0 
0 
0 
0 
0 
0 
0 
0 
0 
0 
0 
0 
0 
0 
0 
0 
0 
0 
0 
0 
0 
0 
0 
0 
0 
0 
0 
0 
0 
0 
0 
0 
0 
0 
0 
0 
0 
0 
0 
0 
0 
0 
0 
0 
0 
0 
0 
0 
0 
0 
0 
0 
0 
0 
0 
0 
0 
0 
0 
0 
0 
0 
0 
0 
0 
0 
0 
0 
0 
0 
0 
0 
0 
0 
0 
0 
0 
0 
0 
0 
0 
0 
0 
0 
0 
0 
0 
0 
0 
0 
0 
0 
0 
0 
0 
0 
0 
0 
0 
0 
0 
0 
0 
0 
0 
0 
0 
0 
0 
0 
0 
0 
0 
0 
0 
0 
0 
0 
0 
0 
0 
0 
0 
0 
0 
0 
0 
0 
0 
0 
0 
0 
0 
0 
0 
0 
0 
0 
0 
0 
0 
0 
0 
0 
0 
0 
0 
0 
0 
0 
0 
0 
0 
0 
0 
0 
0 
0 
0 
0 
0 
0 
0 
0 
0 
0 
0 
0 
0 
0 
0 
0 
0 
0 
0 
0 
0 
0 
0 
0 
0 
0 
0 
0 
0 
0 
0 
0 
0 
0 
0 
0 
0 
0 
0 
0 
0 
0 
0 
0 
0 
0 
0 
0 
0 
0 
0 
0 
0 
0 
0 
0 
0 
0 
0 
0 
0 
0 
0 
0 
0 
0 
0 
0 
0 
0 
0 
0 
0 
0 
0 
0 
0 
0 
0 
0 
0 
0 
0 
0 
0 
0 
0 
0 
0 
0 
0 
0 
0 
0 
0 
0 
0 
0 
0 
0 
0 
0 
0 
0 
0 
0 
0 
0 
0 
0 
0 
0 
0 
0 
0 
0 
0 
0 
0 
0 
0 
0 
0 
0 
0 
0 
0 
0 
0 
0 
0 
0 
0 
0 
0 
0 
0 
0 
0 
0 
0 
0 
0 
0 
0 
0 
0 
0 
0 
0 
0 
0 
0 
0 
0 
0 
0 
0 
0 
0 
0 
0 
0 
0 
0 
0 
0 
0 
0 
0 
0 
0 
0 
0 
0 
0 
0 
0 
0 
0 
0 
0 
0 
0 
0 
0 
0 
0 
0 
0 
0 
0 
0 
0 
0 
0 
0 
0 
0 
0 
0 
0 
0 
0 
0 
0 
0 
0 
0 
0 
0 
0 
0 
0 
0 
0 
0 
0 
0 
0 
0 
0 
0 
0 
0 
0 
0 
0 
0 
0 
0 
0 
0 
0 
0 
0 
0 
0 
0 
0 
0 
0 
0 
0 
0 
0 
0 
0 
0 
0 
0 
0 
0 
0 
0 
0 
0 
0 
0 
0 
0 
0 
0 
0 
0 
0 
0 
0 
0 
0 
0 
0 
0 
0 
0 
0 
0 
0 
0 
0 
0 
0 
0 
0 
0 
0 
0 
0 
0 
0 
0 
0 
0 
0 
0 
0 
0 
0 
0 
0 
0 
0 
0 
0 
0 
0 
0 
0 
0 
0 
0 
0 
0 
0 
0 
0 
0 
0 
0 
0 
0 
0 
0 
0 
0 
0 
0 
0 
0 
0 
0 
0 
0 
0 
0 
0 
0 
0 
0 
0 
0 
0 
0 
0 
0 
0 
0 
0 
0 
0 
0 
0 
0 
0 
0 
0 
0 
0 
0 
0 
0 
0 
0 
0 
0 
0 
0 
0 
0 
0 
0 
0 
0 
0 
0 
0 
0 
0 
0 
0 
0 
0 
0 
0 
0 
0 
0 
0 
0 
0 
0 
0 
0 
0 
0 
0 
0 
0 
0 
0 
0 
0 
0 
0 
0 
0 
0 
0 
0 
0 
0 
0 
0 
0 
0 
0 
0 
0 
0 
0 
0 
0 
0 
0 
0 
0 
0 
0 
0 
0 
0 
0 
0 
0 
0 
0 
0 
0 
0 
0 
0 
0 
0 
0 
0 
0 
0 
0 
0 
0 
0 
0 
0 
0 
0 
0 
0 
0 
0 
0 
0 
0 
0 
0 
0 
0 
0 
0 
0 
0 
0 
0 
0 
0 
0 
0 
0 
0 
0 
0 
0 
0 
0 
0 
0 
0 
0 
0 
0 
0 
0 
0 
0 
0 
0 
0 
0 
0 
0 
0 
0 
0 
0 
0 
0 
0 
0 
0 
0 
0 
0 
0 
0 
0 
0 
0 
0 
0 
0 
0 
0 
0 
0 
0 
0 
0 
0 
0 
0 
0 
0 
0 
0 
0 
0 
0 
0 
0 
0 
0 
0 
0 
0 
0 
0 
0 
0 
0 
0 
0 
0 
0 
0 
0 
0 
0 
0 
0 
0 
0 
0 
0 
0 
0 
0 
0 
0 
0 
0 
0 
0 
0 
0 
0 
0 
0 
0 
0 
0 
0 
0 
0 
0 
0 
0 
0 
0 
0 
0 
0 
0 
0 
0 
0 
0 
0 
0 
0 
0 
0 
0 
0 
0 
0 
0 
0 
0 
0 
0 
0 
0 
0 
0 
0 
0 
0 
0 
0 
0 
0 
0 
0 
0 
0 
0 
0 
0 
0 
0 
0 
0 
0 
0 
0 
0 
0 
0 
0 
0 
0 
0 
0 
0 
0 
0 
0 
0 
0 
0 
0 
0 
0 
0 
0 
0 
0 
0 
0 
0 
0 
0 
0 
0 
0 
0 
0 
0 
0 
0 
0 
0 
0 
0 
0 
0 
0 
0 
0 
0 
0 
0 
0 
0 
0 
0 
0 
0 
0 
0 
0 
0 
0 
0 
0 
0 
0 
0 
0 
0 
0 
0 
0 
0 
0 
0 
0 
0 
0 
0 
0 
0 
0 
0 
0 
0 
0 
0 
0 
0 
0 
0 
0 
0 
0 
0 
0 
0 
0 
0 
0 
0 
0 
0 
0 
0 
0 
0 
0 
0 
0 
0 
0 
0 
0 
0 
0 
0 
0 
0 
0 
0 
0 
0 
0 
0 
0 
0 
0 
0 
0 
0 
0 
0 
0 
0 
0 
0 
0 
0 
0 
0 
0 
0 
0 
0 
0 
0 
0 
0 
0 
0 
0 
0 
0 
0 
0 
0 
0 
0 
0 
0 
0 
0 
0 
0 
0 
0 
0 
0 
0 
0 
0 
0 
0 
0 
0 
0 
0 
0 
0 
0 
0 
0 
0 
0 
0 
0 
0 
0 
0 
0 
0 
0 
0 
0 
0 
0 
0 
0 
0 
0 
0 
0 
0 
0 
0 
0 
0 
0 
0 
0 
0 
0 
0 
0 
0 
0 
0 
0 
0 
0 
0 
0 
0 
0 
0 
0 
0 
0 
0 
0 
0 
0 
0 
0 
0 
0 
0 
0 
0 
0 
0 
0 
0 
0 
0 
0 
0 
0 
0 
0 
0 
0 
0 
0 
0 
0 
0 
0 
0 
0 
0 
0 
0 
0 
0 
0 
0 
0 
0 
0 
0 
0 
0 
0 
0 
0 
0 
0 
0 
0 
0 
0 
0 
0 
0 
0 
0 
0 
0 
0 
0 
0 
0 
0 
0 
0 
0 
0 
0 
0 
0 
0 
0 
0 
0 
0 
0 
0 
0 
0 
0 
0 
0 
0 
0 
0 
0 
0 
0 
0 
0 
0 
0 
0 
0 
0 
0 
0 
0 
0 
0 
0 
0 
0 
0 
0 
0 
0 
0 
0 
0 
0 
0 
0 
0 
0 
0 
0 
0 
0 
0 
0 
0 
0 
0 
0 
0 
0 
0 
0 
0 
0 
0 
0 
0 
0 
0 
0 
0 
0 
0 
0 
0 
0 
0 
0 
0 
0 
0 
0 
0 
0 
0 
0 
0 
0 
0 
0 
0 
0 
0 
0 
0 
0 
0 
0 
0 
0 
0 
0 
0 
0 
0 
0 
0 
0 
0 
0 
0 
0 
0 
0 
0 
0 
0 
0 
0 
0 
0 
0 
0 
0 
0 
0 
0 
0 
0 
0 
0 
0 
0 
0 
0 
0 
0 
0 
0 
0 
0 
0 
0 
0 
0 
0 
0 
0 
0 
0 
0 
0 
0 
0 
0 
0 
0 
0 
0 
0 
0 
0 
0 
0 
0 
0 
0 
0 
0 
0 
0 
0 
0 
0 
0 
0 
0 
0 
0 
0 
0 
0 
0 
0 
0 
0 
0 
0 
0 
0 
0 
0 
0 
0 
0 
0 
0 
0 
0 
0 
0 
0 
0 
0 
0 
0 
0 
0 
0 
0 
0 
0 
0 
0 
0 
0 
0 
0 
0 
0 
0 
0 
0 
0 
0 
0 
0 
0 
0 
0 
0 
0 
0 
0 
0 
0 
0 
0 
0 
0 
0 
0 
0 
0 
0 
0 
0 
0 
0 
0 
0 
0 
0 
0 
0 
0 
0 
0 
0 
0 
0 
0 
0 
0 
0 
0 
0 
0 
0 
0 
0 
0 
0 
0 
0 
0 
0 
0 
0 
0 
0 
0 
0 
0 
0 
0 
0 
0 
0 
0 
0 
0 
0 
0 
0 
0 
0 
0 
0 
0 
0 
0 
0 
0 
0 
0 
0 
0 
0 
0 
0 
0 
0 
0 
0 
0 
0 
0 
0 
0 
0 
0 
0 
0 
0 
0 
0 
0 
0 
0 
0 
0 
0 
0 
0 
0 
0 
0 
0 
0 
0 
0 
0 
0 
0 
0 
0 
0 
0 
0 
0 
0 
0 
0 
0 
0 
0 
0 
0 
0 
0 
0 
0 
0 
0 
0 
0 
0 
0 
0 
0 
0 
0 
0 
0 
0 
0 
0 
0 
0 
0 
0 
0 
0 
0 
0 
0 
0 
0 
0 
0 
0 
0 
0 
0 
0 
0 
0 
0 
0 
0 
0 
0 
0 
0 
0 
0 
0 
0 
0 
0 
0 
0 
0 
0 
0 
0 
0 
0 
0 
0 
0 
0 
0 
0 
0 
0 
0 
0 
0 
0 
0 
0 
0 
0 
0 
0 
0 
0 
0 
0 
0 
0 
0 
0 
0 
0 
0 
0 
0 
0 
0 
0 
0 
0 
0 
0 
0 
0 
0 
0 
0 
0 
0 
0 
0 
0 
0 
0 
0 
0 
0 
0 
0 
0 
0 
0 
0 
0 
0 
0 
0 
0 
0 
0 
0 
0 
0 
0 
0 
0 
0 
0 
0 
0 
0 
0 
0 
0 
0 
0 
0 
0 
0 
0 
0 
0 
0 
0 
0 
0 
0 
0 
0 
0 
0 
0 
0 
0 
0 
0 
0 
0 
0 
0 
0 
0 
0 
0 
0 
0 
0 
0 
0 
0 
0 
0 
0 
0 
0 
0 
0 
0 
0 
0 
0 
0 
0 
0 
0 
0 
0 
0 
0 
0 
0 
0 
0 
0 
0 
0 
0 
0 
0 
0 
0 
0 
0 
0 
0 
0 
0 
0 
0 
0 
0 
0 
0 
0 
0 
0 
0 
0 
0 
0 
0 
0 
0 
0 
0 
0 
0 
0 
0 
0 
0 
0 
0 
0 
0 
0 
0 
0 
0 
0 
0 
0 
0 
0 
0 
0 
0 
0 
0 
0 
0 
0 
0 
0 
0 
0 
0 
0 
0 
0 
0 
0 
0 
0 
0 
0 
0 
0 
0 
0 
0 
0 
0 
0 
0 
0 
0 
0 
0 
0 
0 
0 
0 
0 
0 
0 
0 
0 
0 
0 
0 
0 
0 
0 
0 
0 
0 
0 
0 
0 
0 
0 
0 
0 
0 
0 
0 
0 
0 
0 
0 
0 
0 
0 
0 
0 
0 
0 
0 
0 
0 
0 
0 
0 
0 
0 
0 
0 
0 
0 
0 
0 
0 
0 
0 
0 
0 
0 
0 
0 
0 
0 
0 
0 
0 
0 
0 
0 
0 
0 
0 
0 
0 
0 
0 
0 
0 
0 
0 
0 
0 
0 
0 
0 
0 
0 
0 
0 
0 
0 
0 
0 
0 
0 
0 
0 
0 
0 
0 
0 
0 
0 
0 
0 
0 
0 
0 
0 
0 
0 
0 
0 
0 
0 
0 
0 
0 
0 
0 
0 
0 
0 
0 
0 
0 
0 
0 
0 
0 
0 
0 
0 
0 
0 
0 
0 
0 
0 
0 
0 
0 
0 
0 
0 
0 
0 
0 
0 
0 
0 
0 
0 
0 
0 
0 
0 
0 
0 
0 
0 
0 
0 
0 
0 
0 
0 
0 
0 
0 
0 
0 
0 
0 
0 
0 
0 
0 
0 
0 
0 
0 
0 
0 
0 
0 
0 
0 
0 
0 
0 
0 
0 
0 
0 
0 
0 
0 
0 
0 
0 
0 
0 
0 
0 
0 
0 
0 
0 
0 
0 
0 
0 
0 
0 
0 
0 
0 
0 
0 
0 
0 
0 
0 
0 
0 
0 
0 
0 
0 
0 
0 
0 
0 
0 
0 
0 
0 
0 
0 
0 
0 
0 
0 
0 
0 
0 
0 
0 
0 
0 
0 
0 
0 
0 
0 
0 
0 
0 
0 
0 
0 
0 
0 
0 
0 
0 
0 
0 
0 
0 
0 
0 
0 
0 
0 
0 
0 
0 
0 
0 
0 
0 
0 
0 
0 
0 
0 
0 
0 
0 
0 
0 
0 
0 
0 
0 
0 
0 
0 
0 
0 
0 
0 
0 
0 
0 
0 
0 
0 
0 
0 
0 
0 
0 
0 
0 
0 
0 
0 
0 
0 
0 
0 
0 
0 
0 
0 
0 
0 
0 
0 
0 
0 
0 
0 
0 
0 
0 
0 
0 
0 
0 
0 
0 
0 
0 
0 
0 
0 
0 
0 
0 
0 
0 
0 
0 
0 
0 
0 
0 
0 
0 
0 
0 
0 
0 
0 
0 
0 
0 
0 
0 
0 
0 
0 
0 
0 
0 
0 
0 
0 
0 
0 
0 
0 
0 
0 
0 
0 
0 
0 
0 
0 
0 
0 
0 
0 
0 
0 
0 
0 
0 
0 
0 
0 
0 
0 
0 
0 
0 
0 
0 
0 
0 
0 
0 
0 
0 
0 
0 
0 
0 
0 
0 
0 
0 
0 
0 
0 
0 
0 
0 
0 
0 
0 
0 
0 
0 
0 
0 
0 
0 
0 
0 
0 
0 
0 
0 
0 
0 
0 
0 
0 
0 
0 
0 
0 
0 
0 
0 
0 
0 
0 
0 
0 
0 
0 
0 
0 
0 
0 
0 
0 
0 
0 
0 
0 
0 
0 
0 
0 
0 
0 
0 
0 
0 
0 
0 
0 
0 
0 
0 
0 
0 
0 
0 
0 
0 
0 
0 
0 
0 
0 
0 
0 
0 
0 
0 
0 
0 
0 
0 
0 
0 
0 
0 
0 
0 
0 
0 
0 
0 
0 
0 
0 
0 
0 
0 
0 
0 
0 
0 
0 
0 
0 
0 
0 
0 
0 
0 
0 
0 
0 
0 
0 
0 
0 
0 
0 
0 
0 
0 
0 
0 
0 
0 
0 
0 
0 
0 
0 
0 
0 
0 
0 
0 
0 
0 
0 
0 
0 
0 
0 
0 
0 
0 
0 
0 
0 
0 
0 
0 
0 
0 
0 
0 
0 
0 
0 
0 
0 
0 
0 
0 
0 
0 
0 
0 
0 
0 
0 
0 
0 
0 
0 
0 
0 
0 
0 
0 
0 
0 
0 
0 
0 
0 
0 
0 
0 
0 
0 
0 
0 
0 
0 
0 
0 
0 
0 
0 
0 
0 
0 
0 
0 
0 
0 
0 
0 
0 
0 
0 
0 
0 
0 
0 
0 
0 
0 
0 
0 
0 
0 
0 
0 
0 
0 
0 
0 
0 
0 
0 
0 
0 
0 
0 
0 
0 
0 
0 
0 
0 
0 
0 
0 
0 
0 
0 
0 
0 
0 
0 
0 
0 
0 
0 
0 
0 
0 
0 
0 
0 
0 
0 
0 
0 
0 
0 
0 
0 
0 
0 
0 
0 
0 
0 
0 
0 
0 
0 
0 
0 
0 
0 
0 
0 
0 
0 
0 
0 
0 
0 
0 
0 
0 
0 
0 
0 
0 
0 
0 
0 
0 
0 
0 
0 
0 
0 
0 
0 
0 
0 
0 
0 
0 
0 
0 
0 
0 
0 
0 
0 
0 
0 
0 
0 
0 
0 
0 
0 
0 
0 
0 
0 
0 
0 
0 
0 
0 
0 
0 
0 
0 
0 
0 
0 
0 
0 
0 
0 
0 
0 
0 
0 
0 
0 
0 
0 
0 
0 
0 
0 
0 
0 
0 
0 
0 
0 
0 
0 
0 
0 
0 
0 
0 
0 
0 
0 
0 
0 
0 
0 
0 
0 
0 
0 
0 
0 
0 
0 
0 
0 
0 
0 
0 
0 
0 
0 
0 
0 
0 
0 
0 
0 
0 
0 
0 
0 
0 
0 
0 
0 
0 
0 
0 
0 
0 
0 
0 
0 
0 
0 
0 
0 
0 
0 
0 
0 
0 
0 
0 
0 
0 
0 
0 
0 
0 
0 
0 
0 
0 
0 
0 
0 
0 
0 
0 
0 
0 
0 
0 
0 
0 
0 
0 
0 
0 
0 
0 
0 
0 
0 
0 
0 
0 
0 
0 
0 
0 
0 
0 
0 
0 
0 
0 
0 
0 
0 
0 
0 
0 
0 
0 
0 
0 
0 
0 
0 
0 
0 
0 
0 
0 
0 
0 
0 
0 
0 
0 
0 
0 
0 
0 
0 
0 
0 
0 
0 
0 
0 
0 
0 
0 
0 
0 
0 
0 
0 
0 
0 
0 
0 
0 
0 
0 
0 
0 
0 
0 
0 
0 
0 
0 
0 
0 
0 
0 
0 
0 
0 
0 
0 
0 
0 
0 
0 
0 
0 
0 
0 
0 
0 
0 
0 
0 
0 
0 
0 
0 
0 
0 
0 
0 
0 
0 
0 
0 
0 
0 
0 
0 
0 
0 
0 
0 
0 
0 
0 
0 
0 
0 
0 
0 
0 
0 
0 
0 
0 
0 
0 
0 
0 
0 
0 
0 
0 
0 
0 
0 
0 
0 
0 
0 
0 
0 
0 
0 
0 
0 
0 
0 
0 
0 
0 
0 
0 
0 
0 
0 
0 
0 
0 
0 
0 
0 
0 
0 
0 
0 
0 
0 
0 
0 
0 
0 
0 
0 
0 
0 
0 
0 
0 
0 
0 
0 
0 
0 
0 
0 
0 
0 
0 
0 
0 
0 
0 
0 
0 
0 
0 
0 
0 
0 
0 
0 
0 
0 
0 
0 
0 
0 
0 
0 
0 
0 
0 
0 
0 
0 
0 
0 
0 
0 
0 
0 
0 
0 
0 
0 
0 
0 
0 
0 
0 
0 
0 
0 
0 
0 
0 
0 
0 
0 
0 
0 
0 
0 
0 
0 
0 
0 
0 
0 
0 
0 
0 
0 
0 
0 
0 
0 
0 
0 
0 
0 
0 
0 
0 
0 
0 
0 
0 
0 
0 
0 
0 
0 
0 
0 
0 
0 
0 
0 
0 
0 
0 
0 
0 
0 
0 
0 
0 
0 
0 
0 
0 
0 
0 
0 
0 
0 
0 
0 
0 
0 
0 
0 
0 
0 
0 
0 
0 
0 
0 
0 
0 
0 
0 
0 
0 
0 
0 
0 
0 
0 
0 
0 
0 
0 
0 
0 
0 
0 
0 
0 
0 
0 
0 
0 
0 
0 
0 
0 
0 
0 
0 
0 
0 
0 
0 
0 
0 
0 
0 
0 
0 
0 
0 
0 
0 
0 
0 
0 
0 
0 
0 
0 
0 
0 
0 
0 
0 
0 
0 
0 
0 
0 
0 
0 
0 
0 
0 
0 
0 
0 
0 
0 
0 
0 
0 
0 
0 
0 
0 
0 
0 
0 
0 
0 
0 
0 
0 
0 
0 
0 
0 
0 
0 
0 
0 
0 
0 
0 
0 
0 
0 
0 
0 
0 
0 
0 
0 
0 
0 
0 
0 
0 
0 
0 
0 
0 
0 
0 
0 
0 
0 
0 
0 
0 
0 
0 
0 
0 
0 
0 
0 
0 
0 
0 
0 
0 
0 
0 
0 
0 
0 
0 
0 
0 
0 
0 
0 
0 
0 
0 
0 
0 
0 
0 
0 
0 
0 
0 
0 
0 
0 
0 
0 
0 
0 
0 
0 
0 
0 
0 
0 
0 
0 
0 
0 
0 
0 
0 
0 
0 
0 
0 
0 
0 
0 
0 
0 
0 
0 
0 
0 
0 
0 
0 
0 
0 
0 
0 
0 
0 
0 
0 
0 
0 
0 
0 
0 
0 
0 
0 
0 
0 
0 
0 
0 
0 
0 
0 
0 
0 
0 
0 
0 
0 
0 
0 
0 
0 
0 
0 
0 
0 
0 
0 
0 
0 
0 
0 
0 
0 
0 
0 
0 
0 
0 
0 
0 
0 
0 
0 
0 
0 
0 
0 
0 
0 
0 
0 
0 
0 
0 
0 
0 
0 
0 
0 
0 
0 
0 
0 
0 
0 
0 
0 
0 
0 
0 
0 
0 
0 
0 
0 
0 
0 
0 
0 
0 
0 
0 
0 
0 
0 
0 
0 
0 
0 
0 
0 
0 
0 
0 
0 
0 
0 
0 
0 
0 
0 
0 
0 
0 
0 
0 
0 
0 
0 
0 
0 
0 
0 
0 
0 
0 
0 
0 
0 
0 
0 
0 
0 
0 
0 
0 
0 
0 
0 
0 
0 
0 
0 
0 
0 
0 
0 
0 
0 
0 
0 
0 
0 
0 
0 
0 
0 
0 
0 
0 
0 
0 
0 
0 
0 
0 
0 
0 
0 
0 
0 
0 
0 
0 
0 
0 
0 
0 
0 
0 
0 
0 
0 
0 
0 
0 
0 
0 
0 
0 
0 
0 
0 
0 
0 
0 
0 
0 
0 
0 
0 
0 
0 
0 
0 
0 
0 
0 
0 
0 
0 
0 
0 
0 
0 
0 
0 
0 
0 
0 
0 
0 
0 
0 
0 
0 
0 
0 
0 
0 
0 
0 
0 
0 
0 
0 
0 
0 
0 
0 
0 
0 
0 
0 
0 
0 
0 
0 
0 
0 
0 
0 
0 
0 
0 
0 
0 
0 
0 
0 
0 
0 
0 
0 
0 
0 
0 
0 
0 
0 
0 
0 
0 
0 
0 
0 
0 
0 
0 
0 
0 
0 
0 
0 
0 
0 
0 
0 
0 
0 
0 
0 
0 
0 
0 
0 
0 
0 
0 
0 
0 
0 
0 
0 
0 
0 
0 
0 
0 
0 
0 
0 
0 
0 
0 
0 
0 
0 
0 
0 
0 
0 
0 
0 
0 
0 
0 
0 
0 
0 
0 
0 
0 
0 
0 
0 
0 
0 
0 
0 
0 
0 
0 
0 
0 
0 
0 
0 
0 
0 
0 
0 
0 
0 
0 
0 
0 
0 
0 
0 
0 
0 
0 
0 
0 
0 
0 
0 
0 
0 
0 
0 
0 
0 
0 
0 
0 
0 
0 
0 
0 
0 
0 
0 
0 
0 
0 
0 
0 
0 
0 
0 
0 
0 
0 
0 
0 
0 
0 
0 
0 
0 
0 
0 
0 
0 
0 
0 
0 
0 
0 
0 
0 
0 
0 
0 
0 
0 
0 
0 
0 
0 
0 
0 
0 
0 
0 
0 
0 
0 
0 
0 
0 
0 
0 
0 
0 
0 
0 
0 
0 
0 
0 
0 
0 
0 
0 
0 
0 
0 
0 
0 
0 
0 
0 
0 
0 
0 
0 
0 
0 
0 
0 
0 
0 
0 
0 
0 
0 
0 
0 
0 
0 
0 
0 
0 
0 
0 
0 
0 
0 
0 
0 
0 
0 
0 
0 
0 
0 
0 
0 
0 
0 
0 
0 
0 
0 
0 
0 
0 
0 
0 
0 
0 
0 
0 
0 
0 
0 
0 
0 
0 
0 
0 
0 
0 
0 
0 
0 
0 
0 
0 
0 
0 
0 
0 
0 
0 
0 
0 
0 
0 
0 
0 
0 
0 
0 
0 
0 
0 
0 
0 
0 
0 
0 
0 
0 
0 
0 
0 
0 
0 
0 
0 
0 
0 
0 
0 
0 
0 
0 
0 
0 
0 
0 
0 
0 
0 
0 
0 
0 
0 
0 
0 
0 
0 
0 
0 
0 
0 
0 
0 
0 
0 
0 
0 
0 
0 
0 
0 
0 
0 
0 
0 
0 
0 
0 
0 
0 
0 
0 
0 
0 
0 
0 
0 
0 
0 
0 
0 
0 
0 
0 
0 
0 
0 
0 
0 
0 
0 
0 
0 
0 
0 
0 
0 
0 
0 
0 
0 
0 
0 
0 
0 
0 
0 
0 
0 
0 
0 
0 
0 
0 
0 
0 
0 
0 
0 
0 
0 
0 
0 
0 
0 
0 
0 
0 
0 
0 
0 
0 
0 
0 
0 
0 
0 
0 
0 
0 
0 
0 
0 
0 
0 
0 
0 
0 
0 
0 
0 
0 
0 
0 
0 
0 
0 
0 
0 
0 
0 
0 
0 
0 
0 
0 
0 
0 
0 
0 
0 
0 
0 
0 
0 
0 
0 
0 
0 
0 
0 
0 
0 
0 
0 
0 
0 
0 
0 
0 
0 
0 
0 
0 
0 
0 
0 
0 
0 
0 
0 
0 
0 
0 
0 
0 
0 
0 
0 
0 
0 
0 
0 
0 
0 
0 
0 
0 
0 
0 
0 
0 
0 
0 
0 
0 
0 
0 
0 
0 
0 
0 
0 
0 
0 
0 
0 
0 
0 
0 
0 
0 
0 
0 
0 
0 
0 
0 
0 
0 
0 
0 
0 
0 
0 
0 
0 
0 
0 
0 
0 
0 
0 
0 
0 
0 
0 
0 
0 
0 
0 
0 
0 
0 
0 
0 
0 
0 
0 
0 
0 
0 
0 
0 
0 
0 
0 
0 
0 
0 
0 
0 
0 
0 
0 
0 
0 
0 
0 
0 
0 
0 
0 
0 
0 
0 
0 
0 
0 
0 
0 
0 
0 
0 
0 
0 
0 
0 
0 
0 
0 
0 
0 
0 
0 
0 
0 
0 
0 
0 
0 
0 
0 
0 
0 
0 
0 
0 
0 
0 
0 
0 
0 
0 
0 
0 
0 
0 
0 
0 
0 
0 
0 
0 
0 
0 
0 
0 
0 
0 
0 
0 
0 
0 
0 
0 
0 
0 
0 
0 
0 
0 
0 
0 
0 
0 
0 
0 
0 
0 
0 
0 
0 
0 
0 
0 
0 
0 
0 
0 
0 
0 
0 
0 
0 
0 
0 
0 
0 
0 
0 
0 
0 
0 
0 
0 
0 
0 
0 
0 
0 
0 
0 
0 
0 
0 
0 
0 
0 
0 
0 
0 
0 
0 
0 
0 
0 
0 
0 
0 
0 
0 
0 
0 
0 
0 
0 
0 
0 
0 
0 
0 
0 
0 
0 
0 
0 
0 
0 
0 
0 
0 
0 
0 
0 
0 
0 
0 
0 
0 
0 
0 
0 
0 
0 
0 
0 
0 
0 
0 
0 
0 
0 
0 
0 
0 
0 
0 
0 
0 
0 
0 
0 
0 
0 
0 
0 
0 
0 
0 
0 
0 
0 
0 
0 
0 
0 
0 
0 
0 
0 
0 
0 
0 
0 
0 
0 
0 
0 
0 
0 
0 
0 
0 
0 
0 
0 
0 
0 
0 
0 
0 
0 
0 
0 
0 
0 
0 
0 
0 
0 
0 
0 
0 
0 
0 
0 
0 
0 
0 
0 
0 
0 
0 
0 
0 
0 
0 
0 
0 
0 
0 
0 
0 
0 
0 
0 
0 
0 
0 
0 
0 
0 
0 
0 
0 
0 
0 
0 
0 
0 
0 
0 
0 
0 
0 
0 
0 
0 
0 
0 
0 
0 
0 
0 
0 
0 
0 
0 
0 
0 
0 
0 
0 
0 
0 
0 
0 
0 
0 
0 
0 
0 
0 
0 
0 
0 
0 
0 
0 
0 
0 
0 
0 
0 
0 
0 
0 
0 
0 
0 
0 
0 
0 
0 
0 
0 
0 
0 
0 
0 
0 
0 
0 
0 
0 
0 
0 
0 
0 
0 
0 
0 
0 
0 
0 
0 
0 
0 
0 
0 
0 
0 
0 
0 
0 
0 
0 
0 
0 
0 
0 
0 
0 
0 
0 
0 
0 
0 
0 
0 
0 
0 
0 
0 
0 
0 
0 
0 
0 
0 
0 
0 
0 
0 
0 
0 
0 
0 
0 
0 
0 
0 
0 
0 
0 
0 
0 
0 
0 
0 
0 
0 
0 
0 
0 
0 
0 
0 
0 
0 
0 
0 
0 
0 
0 
0 
0 
0 
0 
0 
0 
0 
0 
0 
0 
0 
0 
0 
0 
0 
0 
0 
0 
0 
0 
0 
0 
0 
0 
0 
0 
0 
0 
0 
0 
0 
0 
0 
0 
0 
0 
0 
0 
0 
0 
0 
0 
0 
0 
0 
0 
0 
0 
0 
0 
0 
0 
0 
0 
0 
0 
0 
0 
0 
0 
0 
0 
0 
0 
0 
0 
0 
0 
0 
0 
0 
0 
0 
0 
0 
0 
0 
0 
0 
0 
0 
0 
0 
0 
0 
0 
0 
0 
0 
0 
0 
0 
0 
0 
0 
0 
0 
0 
0 
0 
0 
0 
0 
0 
0 
0 
0 
0 
0 
0 
0 
0 
0 
0 
0 
0 
0 
0 
0 
0 
0 
0 
0 
0 
0 
0 
0 
0 
0 
0 
0 
0 
0 
0 
0 
0 
0 
0 
0 
0 
0 
0 
0 
0 
0 
0 
0 
0 
0 
0 
0 
0 
0 
0 
0 
0 
0 
0 
0 
0 
0 
0 
0 
0 
0 
0 
0 
0 
0 
0 
0 
0 
0 
0 
0 
0 
0 
0 
0 
0 
0 
0 
0 
0 
0 
0 
0 
0 
0 
0 
0 
0 
0 
0 
0 
0 
0 
0 
0 
0 
0 
0 
0 
0 
0 
0 
0 
0 
0 
0 
0 
0 
0 
0 
0 
0 
0 
0 
0 
0 
0 
0 
0 
0 
0 
0 
0 
0 
0 
0 
0 
0 
0 
0 
0 
0 
0 
0 
0 
0 
0 
0 
0 
0 
0 
0 
0 
0 
0 
0 
0 
0 
0 
0 
0 
0 
0 
0 
0 
0 
0 
0 
0 
0 
0 
0 
0 
0 
0 
0 
0 
0 
0 
0 
0 
0 
0 
0 
0 
0 
0 
0 
0 
0 
0 
0 
0 
0 
0 
0 
0 
0 
0 
0 
0 
0 
0 
0 
0 
0 
0 
0 
0 
0 
0 
0 
0 
0 
0 
0 
0 
0 
0 
0 
0 
0 
0 
0 
0 
0 
0 
0 
0 
0 
0 
0 
0 
0 
0 
0 
0 
0 
0 
0 
0 
0 
0 
0 
0 
0 
0 
0 
0 
0 
0 
0 
0 
0 
0 
0 
0 
0 
0 
0 
0 
0 
0 
0 
0 
0 
0 
0 
0 
0 
0 
0 
0 
0 
0 
0 
0 
0 
0 
0 
0 
0 
0 
0 
0 
0 
0 
0 
0 
0 
0 
0 
0 
0 
0 
0 
0 
0 
0 
0 
0 
0 
0 
0 
0 
0 
0 
0 
0 
0 
0 
0 
0 
0 
0 
0 
0 
0 
0 
0 
0 
0 
0 
0 
0 
0 
0 
0 
0 
0 
0 
0 
0 
0 
0 
0 
0 
0 
0 
0 
0 
0 
0 
0 
0 
0 
0 
0 
0 
0 
0 
0 
0 
0 
0 
0 
0 
0 
0 
0 
0 
0 
0 
0 
0 
0 
0 
0 
0 
0 
0 
0 
0 
0 
0 
0 
0 
0 
0 
0 
0 
0 
0 
0 
0 
0 
0 
0 
0 
0 
0 
0 
0 
0 
0 
0 
0 
0 
0 
0 
0 
0 
0 
0 
0 
0 
0 
0 
0 
0 
0 
0 
0 
0 
0 
0 
0 
0 
0 
0 
0 
0 
0 
0 
0 
0 
0 
0 
0 
0 
0 
0 
0 
0 
0 
0 
0 
0 
0 
0 
0 
0 
0 
0 
0 
0 
0 
0 
0 
0 
0 
0 
0 
0 
0 
0 
0 
0 
0 
0 
0 
0 
0 
0 
0 
0 
0 
0 
0 
0 
0 
0 
0 
0 
0 
0 
0 
0 
0 
0 
0 
0 
0 
0 
0 
0 
0 
0 
0 
0 
0 
0 
0 
0 
0 
0 
0 
0 
0 
0 
0 
0 
0 
0 
0 
0 
0 
0 
0 
0 
0 
0 
0 
0 
0 
0 
0 
0 
0 
0 
0 
0 
0 
0 
0 
0 
0 
0 
0 
0 
0 
0 
0 
0 
0 
0 
0 
0 
0 
0 
0 
0 
0 
0 
0 
0 
0 
0 
0 
0 
0 
0 
0 
0 
0 
0 
0 
0 
0 
0 
0 
0 
0 
0 
0 
0 
0 
0 
0 
0 
0 
0 
0 
0 
0 
0 
0 
0 
0 
0 
0 
0 
0 
0 
0 
0 
0 
0 
0 
0 
0 
0 
0 
0 
0 
0 
0 
0 
0 
0 
0 
0 
0 
0 
0 
0 
0 
0 
0 
0 
0 
0 
0 
0 
0 
0 
0 
0 
0 
0 
0 
0 
0 
0 
0 
0 
0 
0 
0 
0 
0 
0 
0 
0 
0 
0 
0 
0 
0 
0 
0 
0 
0 
0 
0 
0 
0 
0 
0 
0 
0 
0 
0 
0 
0 
0 
0 
0 
0 
0 
0 
0 
0 
0 
0 
0 
0 
0 
0 
0 
0 
0 
0 
0 
0 
0 
0 
0 
0 
0 
0 
0 
0 
0 
0 
0 
0 
0 
0 
0 
0 
0 
0 
0 
0 
0 
0 
0 
0 
0 
0 
0 
0 
0 
0 
0 
0 
0 
0 
0 
0 
0 
0 
0 
0 
0 
0 
0 
0 
0 
0 
0 
0 
0 
0 
0 
0 
0 
0 
0 
0 
0 
0 
0 
0 
0 
0 
0 
0 
0 
0 
0 
0 
0 
0 
0 
0 
0 
0 
0 
0 
0 
0 
0 
0 
0 
0 
0 
0 
0 
0 
0 
0 
0 
0 
0 
0 
0 
0 
0 
0 
0 
0 
0 
0 
0 
0 
0 
0 
0 
0 
0 
0 
0 
0 
0 
0 
0 
0 
0 
0 
0 
0 
0 
0 
0 
0 
0 
0 
0 
0 
0 
0 
0 
0 
0 
0 
0 
0 
0 
0 
0 
0 
0 
0 
0 
0 
0 
0 
0 
0 
0 
0 
0 
0 
0 
0 
0 
0 
0 
0 
0 
0 
0 
0 
0 
0 
0 
0 
0 
0 
0 
0 
0 
0 
0 
0 
0 
0 
0 
0 
0 
0 
0 
0 
0 
0 
0 
0 
0 
0 
0 
0 
0 
0 
0 
0 
0 
0 
0 
0 
0 
0 
0 
0 
0 
0 
0 
0 
0 
0 
0 
0 
0 
0 
0 
0 
0 
0 
0 
0 
0 
0 
0 
0 
0 
0 
0 
0 
0 
0 
0 
0 
0 
0 
0 
0 
0 
0 
0 
0 
0 
0 
0 
0 
0 
0 
0 
0 
0 
0 
0 
0 
0 
0 
0 
0 
0 
0 
0 
0 
0 
0 
0 
0 
0 
0 
0 
0 
0 
0 
0 
0 
0 
0 
0 
0 
0 
0 
0 
0 
0 
0 
0 
0 
0 
0 
0 
0 
0 
0 
0 
0 
0 
0 
0 
0 
0 
0 
0 
0 
0 
0 
0 
0 
0 
0 
0 
0 
0 
0 
0 
0 
0 
0 
0 
0 
0 
0 
0 
0 
0 
0 
0 
0 
0 
0 
0 
0 
0 
0 
0 
0 
0 
0 
0 
0 
0 
0 
0 
0 
0 
0 
0 
0 
0 
0 
0 
0 
0 
0 
0 
0 
0 
0 
0 
0 
0 
0 
0 
0 
0 
0 
0 
0 
0 
0 
0 
0 
0 
0 
0 
0 
0 
0 
0 
0 
0 
0 
0 
0 
0 
0 
0 
0 
0 
0 
0 
0 
0 
0 
0 
0 
0 
0 
0 
0 
0 
0 
0 
0 
0 
0 
0 
0 
0 
0 
0 
0 
0 
0 
0 
0 
0 
0 
0 
0 
0 
0 
0 
0 
0 
0 
0 
0 
0 
0 
0 
0 
0 
0 
0 
0 
0 
0 
0 
0 
0 
0 
0 
0 
0 
0 
0 
0 
0 
0 
0 
0 
0 
0 
0 
0 
0 
0 
0 
0 
0 
0 
0 
0 
0 
0 
0 
0 
0 
0 
0 
0 
0 
0 
0 
0 
0 
0 
0 
0 
0 
0 
0 
0 
0 
0 
0 
0 
0 
0 
0 
0 
0 
0 
0 
0 
0 
0 
0 
0 
0 
0 
0 
0 
0 
0 
0 
0 
0 
0 
0 
0 
0 
0 
0 
0 
0 
0 
0 
0 
0 
0 
0 
0 
0 
0 
0 
0 
0 
0 
0 
0 
0 
0 
0 
0 
0 
0 
0 
0 
0 
0 
0 
0 
0 
0 
0 
0 
0 
0 
0 
0 
0 
0 
0 
0 
0 
0 
0 
0 
0 
0 
0 
0 
0 
0 
0 
0 
0 
0 
0 
0 
0 
0 
0 
0 
0 
0 
0 
0 
0 
0 
0 
0 
0 
0 
0 
0 
0 
0 
0 
0 
0 
0 
0 
0 
0 
0 
0 
0 
0 
0 
0 
0 
0 
0 
0 
0 
0 
0 
0 
0 
0 
0 
0 
0 
0 
0 
0 
0 
0 
0 
0 
0 
0 
0 
0 
0 
0 
0 
0 
0 
0 
0 
0 
0 
0 
0 
0 
0 
0 
0 
0 
0 
0 
0 
0 
0 
0 
0 
0 
0 
0 
0 
0 
0 
0 
0 
0 
0 
0 
0 
0 
0 
0 
0 
0 
0 
0 
0 
0 
0 
0 
0 
0 
0 
0 
0 
0 
0 
0 
0 
0 
0 
0 
0 
0 
0 
0 
0 
0 
0 
0 
0 
0 
0 
0 
0 
0 
0 
0 
0 
0 
0 
0 
0 
0 
0 
0 
0 
0 
0 
0 
0 
0 
0 
0 
0 
0 
0 
0 
0 
0 
0 
0 
0 
0 
0 
0 
0 
0 
0 
0 
0 
0 
0 
0 
0 
0 
0 
0 
0 
0 
0 
0 
0 
0 
0 
0 
0 
0 
0 
0 
0 
0 
0 
0 
0 
0 
0 
0 
0 
0 
0 
0 
0 
0 
0 
0 
0 
0 
0 
0 
0 
0 
0 
0 
0 
0 
0 
0 
0 
0 
0 
0 
0 
0 
0 
0 
0 
0 
0 
0 
0 
0 
0 
0 
0 
0 
0 
0 
0 
0 
0 
0 
0 
0 
0 
0 
0 
0 
0 
0 
0 
0 
0 
0 
0 
0 
0 
0 
0 
0 
0 
0 
0 
0 
0 
0 
0 
0 
0 
0 
0 
0 
0 
0 
0 
0 
0 
0 
0 
0 
0 
0 
0 
0 
0 
0 
0 
0 
0 
0 
0 
0 
0 
0 
0 
0 
0 
0 
0 
0 
0 
0 
0 
0 
0 
0 
0 
0 
0 
0 
0 
0 
0 
0 
0 
0 
0 
0 
0 
0 
0 
0 
0 
0 
0 
0 
0 
0 
0 
0 
0 
0 
0 
0 
0 
0 
0 
0 
0 
0 
0 
0 
0 
0 
0 
0 
0 
0 
0 
0 
0 
0 
0 
0 
0 
0 
0 
0 
0 
0 
0 
0 
0 
0 
0 
0 
0 
0 
0 
0 
0 
0 
0 
0 
0 
0 
0 
0 
0 
0 
0 
0 
0 
0 
0 
0 
0 
0 
0 
0 
0 
0 
0 
0 
0 
0 
0 
0 
0 
0 
0 
0 
0 
0 
0 
0 
0 
0 
0 
0 
0 
0 
0 
0 
0 
0 
0 
0 
0 
0 
0 
0 
0 
0 
0 
0 
0 
0 
0 
0 
0 
0 
0 
0 
0 
0 
0 
0 
0 
0 
0 
0 
0 
0 
0 
0 
0 
0 
0 
0 
0 
0 
0 
0 
0 
0 
0 
0 
0 
0 
0 
0 
0 
0 
0 
0 
0 
0 
0 
0 
0 
0 
0 
0 
0 
0 
0 
0 
0 
0 
0 
0 
0 
0 
0 
0 
0 
0 
0 
0 
0 
0 
0 
0 
0 
0 
0 
0 
0 
0 
0 
0 
0 
0 
0 
0 
0 
0 
0 
0 
0 
0 
0 
0 
0 
0 
0 
0 
0 
0 
0 
0 
0 
0 
0 
0 
0 
0 
0 
0 
0 
0 
0 
0 
0 
0 
0 
0 
0 
0 
0 
0 
0 
0 
0 
0 
0 
0 
0 
0 
0 
0 
0 
0 
0 
0 
0 
0 
0 
0 
0 
0 
0 
0 
0 
0 
0 
0 
0 
0 
0 
0 
0 
0 
0 
0 
0 
0 
0 
0 
0 
0 
0 
0 
0 
0 
0 
0 
0 
0 
0 
0 
0 
0 
0 
0 
0 
0 
0 
0 
0 
0 
0 
0 
0 
0 
0 
0 
0 
0 
0 
0 
0 
0 
0 
0 
0 
0 
0 
0 
0 
0 
0 
0 
0 
0 
0 
0 
0 
0 
0 
0 
0 
0 
0 
0 
0 
0 
0 
0 
0 
0 
0 
0 
0 
0 
0 
0 
0 
0 
0 
0 
0 
0 
0 
0 
0 
0 
0 
0 
0 
0 
0 
0 
0 
0 
0 
0 
0 
0 
0 
0 
0 
0 
0 
0 
0 
0 
0 
0 
0 
0 
0 
0 
0 
0 
0 
0 
0 
0 
0 
0 
0 
0 
0 
0 
0 
0 
0 
0 
0 
0 
0 
0 
0 
0 
0 
0 
0 
0 
0 
0 
0 
0 
0 
0 
0 
0 
0 
0 
0 
0 
0 
0 
0 
0 
0 
0 
0 
0 
0 
0 
0 
0 
0 
0 
0 
0 
0 
0 
0 
0 
0 
0 
0 
0 
0 
0 
0 
0 
0 
0 
0 
0 
0 
0 
0 
0 
0 
0 
0 
0 
0 
0 
0 
0 
0 
0 
0 
0 
0 
0 
0 
0 
0 
0 
0 
0 
0 
0 
0 
0 
0 
0 
0 
0 
0 
0 
0 
0 
0 
0 
0 
0 
0 
0 
0 
0 
0 
0 
0 
0 
0 
0 
0 
0 
0 
0 
0 
0 
0 
0 
0 
0 
0 
0 
0 
0 
0 
0 
0 
0 
0 
0 
0 
0 
0 
0 
0 
0 
0 
0 
0 
0 
0 
0 
0 
0 
0 
0 
0 
0 
0 
0 
0 
0 
0 
0 
0 
0 
0 
0 
0 
0 
0 
0 
0 
0 
0 
0 
0 
0 
0 
0 
0 
0 
0 
0 
0 
0 
0 
0 
0 
0 
0 
0 
0 
0 
0 
0 
0 
0 
0 
0 
0 
0 
0 
0 
0 
0 
0 
0 
0 
0 
0 
0 
0 
0 
0 
0 
0 
0 
0 
0 
0 
0 
0 
0 
0 
0 
0 
0 
0 
0 
0 
0 
0 
0 
0 
0 
0 
0 
0 
0 
0 
0 
0 
0 
0 
0 
0 
0 
0 
0 
0 
0 
0 
0 
0 
0 
0 
0 
0 
0 
0 
0 
0 
0 
0 
0 
0 
0 
0 
0 
0 
0 
0 
0 
0 
0 
0 
0 
0 
0 
0 
0 
0 
0 
0 
0 
0 
0 
0 
0 
0 
0 
0 
0 
0 
0 
0 
0 
0 
0 
0 
0 
0 
0 
0 
0 
0 
0 
0 
0 
0 
0 
0 
0 
0 
0 
0 
0 
0 
0 
0 
0 
0 
0 
0 
0 
0 
0 
0 
0 
0 
0 
0 
0 
0 
0 
0 
0 
0 
0 
0 
0 
0 
0 
0 
0 
0 
0 
0 
0 
0 
0 
0 
0 
0 
0 
0 
0 
0 
0 
0 
0 
0 
0 
0 
0 
0 
0 
0 
0 
0 
0 
0 
0 
0 
0 
0 
0 
0 
0 
0 
0 
0 
0 
0 
0 
0 
0 
0 
0 
0 
0 
0 
0 
0 
0 
0 
0 
0 
0 
0 
0 
0 
0 
0 
0 
0 
0 
0 
0 
0 
0 
0 
0 
0 
0 
0 
0 
0 
0 
0 
0 
0 
0 
0 
0 
0 
0 
0 
0 
0 
0 
0 
0 
0 
0 
0 
0 
0 
0 
0 
0 
0 
0 
0 
0 
0 
0 
0 
0 
0 
0 
0 
0 
0 
0 
0 
0 
0 
0 
0 
0 
0 
0 
0 
0 
0 
0 
0 
0 
0 
0 
0 
0 
0 
0 
0 
0 
0 
0 
0 
0 
0 
0 
0 
0 
0 
0 
0 
0 
0 
0 
0 
0 
0 
0 
0 
0 
0 
0 
0 
0 
0 
0 
0 
0 
0 
0 
0 
0 
0 
0 
0 
0 
0 
0 
0 
0 
0 
0 
0 
0 
0 
0 
0 
0 
0 
0 
0 
0 
0 
0 
0 
0 
0 
0 
0 
0 
0 
0 
0 
0 
0 
0 
0 
0 
0 
0 
0 
0 
0 
0 
0 
0 
0 
0 
0 
0 
0 
0 
0 
0 
0 
0 
0 
0 
0 
0 
0 
0 
0 
0 
0 
0 
0 
0 
0 
0 
0 
0 
0 
0 
0 
0 
0 
0 
0 
0 
0 
0 
0 
0 
0 
0 
0 
0 
0 
0 
0 
0 
0 
0 
0 
0 
0 
0 
0 
0 
0 
0 
0 
0 
0 
0 
0 
0 
0 
0 
0 
0 
0 
0 
0 
0 
0 
0 
0 
0 
0 
0 
0 
0 
0 
0 
0 
0 
0 
0 
0 
0 
0 
0 
0 
0 
0 
0 
0 
0 
0 
0 
0 
0 
0 
0 
0 
0 
0 
0 
0 
0 
0 
0 
0 
0 
0 
0 
0 
0 
0 
0 
0 
0 
0 
0 
0 
0 
0 
0 
0 
0 
0 
0 
0 
0 
0 
0 
0 
0 
0 
0 
0 
0 
0 
0 
0 
0 
0 
0 
0 
0 
0 
0 
0 
0 
0 
0 
0 
0 
0 
0 
0 
0 
0 
0 
0 
0 
0 
0 
0 
0 
0 
0 
0 
0 
0 
0 
0 
0 
0 
0 
0 
0 
0 
0 
0 
0 
0 
0 
0 
0 
0 
0 
0 
0 
0 
0 
0 
0 
0 
0 
0 
0 
0 
0 
0 
0 
0 
0 
0 
0 
0 
0 
0 
0 
0 
0 
0 
0 
0 
0 
0 
0 
0 
0 
0 
0 
0 
0 
0 
0 
0 
0 
0 
0 
0 
0 
0 
0 
0 
0 
0 
0 
0 
0 
0 
0 
0 
0 
0 
0 
0 
0 
0 
0 
0 
0 
0 
0 
0 
0 
0 
0 
0 
0 
0 
0 
0 
0 
0 
0 
0 
0 
0 
0 
0 
0 
0 
0 
0 
0 
0 
0 
0 
0 
0 
0 
0 
0 
0 
0 
0 
0 
0 
0 
0 
0 
0 
0 
0 
0 
0 
0 
0 
0 
0 
0 
0 
0 
0 
0 
0 
0 
0 
0 
0 
0 
0 
0 
0 
0 
0 
0 
0 
0 
0 
0 
0 
0 
0 
0 
0 
0 
0 
0 
0 
0 
0 
0 
0 
0 
0 
0 
0 
0 
0 
0 
0 
0 
0 
0 
0 
0 
0 
0 
0 
0 
0 
0 
0 
0 
0 
0 
0 
0 
0 
0 
0 
0 
0 
0 
0 
0 
0 
0 
0 
0 
0 
0 
0 
0 
0 
0 
0 
0 
0 
0 
0 
0 
0 
0 
0 
0 
0 
0 
0 
0 
0 
0 
0 
0 
0 
0 
0 
0 
0 
0 
0 
0 
0 
0 
0 
0 
0 
0 
0 
0 
0 
0 
0 
0 
0 
0 
0 
0 
0 
0 
0 
0 
0 
0 
0 
0 
0 
0 
0 
0 
0 
0 
0 
0 
0 
0 
0 
0 
0 
0 
0 
0 
0 
0 
0 
0 
0 
0 
0 
0 
0 
0 
0 
0 
0 
0 
0 
0 
0 
0 
0 
0 
0 
0 
0 
0 
0 
0 
0 
0 
0 
0 
0 
0 
0 
0 
0 
0 
0 
0 
0 
0 
0 
0 
0 
0 
0 
0 
0 
0 
0 
0 
0 
0 
0 
0 
0 
0 
0 
0 
0 
0 
0 
0 
0 
0 
0 
0 
0 
0 
0 
0 
0 
0 
0 
0 
0 
0 
0 
0 
0 
0 
0 
0 
0 
0 
0 
0 
0 
0 
0 
0 
0 
0 
0 
0 
0 
0 
0 
0 
0 
0 
0 
0 
0 
0 
0 
0 
0 
0 
0 
0 
0 
0 
0 
0 
0 
0 
0 
0 
0 
0 
0 
0 
0 
0 
0 
0 
0 
0 
0 
0 
0 
0 
0 
0 
0 
0 
0 
0 
0 
0 
0 
0 
0 
0 
0 
0 
0 
0 
0 
0 
0 
0 
0 
0 
0 
0 
0 
0 
0 
0 
0 
0 
0 
0 
0 
0 
0 
0 
0 
0 
0 
0 
0 
0 
0 
0 
0 
0 
0 
0 
0 
0 
0 
0 
0 
0 
0 
0 
0 
0 
0 
0 
0 
0 
0 
0 
0 
0 
0 
0 
0 
0 
0 
0 
0 
0 
0 
0 
0 
0 
0 
0 
0 
0 
0 
0 
0 
0 
0 
0 
0 
0 
0 
0 
0 
0 
0 
0 
0 
0 
0 
0 
0 
0 
0 
0 
0 
0 
0 
0 
0 
0 
0 
0 
0 
0 
0 
0 
0 
0 
0 
0 
0 
0 
0 
0 
0 
0 
0 
0 
0 
0 
0 
0 
0 
0 
0 
0 
0 
0 
0 
0 
0 
0 
0 
0 
0 
0 
0 
0 
0 
0 
0 
0 
0 
0 
0 
0 
0 
0 
0 
0 
0 
0 
0 
0 
0 
0 
0 
0 
0 
0 
0 
0 
0 
0 
0 
0 
0 
0 
0 
0 
0 
0 
0 
0 
0 
0 
0 
0 
0 
0 
0 
0 
0 
0 
0 
0 
0 
0 
0 
0 
0 
0 
0 
0 
0 
0 
0 
0 
0 
0 
0 
0 
0 
0 
0 
0 
0 
0 
0 
0 
0 
0 
0 
0 
0 
0 
0 
0 
0 
0 
0 
0 
0 
0 
0 
0 
0 
0 
0 
0 
0 
0 
0 
0 
0 
0 
0 
0 
0 
0 
0 
0 
0 
0 
0 
0 
0 
0 
0 
0 
0 
0 
0 
0 
0 
0 
0 
0 
0 
0 
0 
0 
0 
0 
0 
0 
0 
0 
0 
0 
0 
0 
0 
0 
0 
0 
0 
0 
0 
0 
0 
0 
0 
0 
0 
0 
0 
0 
0 
0 
0 
0 
0 
0 
0 
0 
0 
0 
0 
0 
0 
0 
0 
0 
0 
0 
0 
0 
0 
0 
0 
0 
0 
0 
0 
0 
0 
0 
0 
0 
0 
0 
0 
0 
0 
0 
0 
0 
0 
0 
0 
0 
0 
0 
0 
0 
0 
0 
0 
0 
0 
0 
0 
0 
0 
0 
0 
0 
0 
0 
0 
0 
0 
0 
0 
0 
0 
0 
0 
0 
0 
0 
0 
0 
0 
0 
0 
0 
0 
0 
0 
0 
0 
0 
0 
0 
0 
0 
0 
0 
0 
0 
0 
0 
0 
0 
0 
0 
0 
0 
0 
0 
0 
0 
0 
0 
0 
0 
0 
0 
0 
0 
0 
0 
0 
0 
0 
0 
0 
0 
0 
0 
0 
0 
0 
0 
0 
0 
0 
0 
0 
0 
0 
0 
0 
0 
0 
0 
0 
0 
0 
0 
0 
0 
0 
0 
0 
0 
0 
0 
0 
0 
0 
0 
0 
0 
0 
0 
0 
0 
0 
0 
0 
0 
0 
0 
0 
0 
0 
0 
0 
0 
0 
0 
0 
0 
0 
0 
0 
0 
0 
0 
0 
0 
0 
0 
0 
0 
0 
0 
0 
0 
0 
0 
0 
0 
0 
0 
0 
0 
0 
0 
0 
0 
0 
0 
0 
0 
0 
0 
0 
0 
0 
0 
0 
0 
0 
0 
0 
0 
0 
0 
0 
0 
0 
0 
0 
0 
0 
0 
0 
0 
0 
0 
0 
0 
0 
0 
0 
0 
0 
0 
0 
0 
0 
0 
0 
0 
0 
0 
0 
0 
0 
0 
0 
0 
0 
0 
0 
0 
0 
0 
0 
0 
0 
0 
0 
0 
0 
0 
0 
0 
0 
0 
0 
0 
0 
0 
0 
0 
0 
0 
0 
0 
0 
0 
0 
0 
0 
0 
0 
0 
0 
0 
0 
0 
0 
0 
0 
0 
0 
0 
0 
0 
0 
0 
0 
0 
0 
0 
0 
0 
0 
0 
0 
0 
0 
0 
0 
0 
0 
0 
0 
0 
0 
0 
0 
0 
0 
0 
0 
0 
0 
0 
0 
0 
0 
0 
0 
0 
0 
0 
0 
0 
0 
0 
0 
0 
0 
0 
0 
0 
0 
0 
0 
0 
0 
0 
0 
0 
0 
0 
0 
0 
0 
0 
0 
0 
0 
0 
0 
0 
0 
0 
0 
0 
0 
0 
0 
0 
0 
0 
0 
0 
0 
0 
0 
0 
0 
0 
0 
0 
0 
0 
0 
0 
0 
0 
0 
0 
0 
0 
0 
0 
0 
0 
0 
0 
0 
0 
0 
0 
0 
0 
0 
0 
0 
0 
0 
0 
0 
0 
0 
0 
0 
0 
0 
0 
0 
0 
0 
0 
0 
0 
0 
0 
0 
0 
0 
0 
0 
0 
0 
0 
0 
0 
0 
0 
0 
0 
0 
0 
0 
0 
0 
0 
0 
0 
0 
0 
0 
0 
0 
0 
0 
0 
0 
0 
0 
0 
0 
0 
0 
0 
0 
0 
0 
0 
0 
0 
0 
0 
0 
0 
0 
0 
0 
0 
0 
0 
0 
0 
0 
0 
0 
0 
0 
0 
0 
0 
0 
0 
0 
0 
0 
0 
0 
0 
0 
0 
0 
0 
0 
0 
0 
0 
0 
0 
0 
0 
0 
0 
0 
0 
0 
0 
0 
0 
0 
0 
0 
0 
0 
0 
0 
0 
0 
0 
0 
0 
0 
0 
0 
0 
0 
0 
0 
0 
0 
0 
0 
0 
0 
0 
0 
0 
0 
0 
0 
0 
0 
0 
0 
0 
0 
0 
0 
0 
0 
0 
0 
0 
0 
0 
0 
0 
0 
0 
0 
0 
0 
0 
0 
0 
0 
0 
0 
0 
0 
0 
0 
0 
0 
0 
0 
0 
0 
0 
0 
0 
0 
0 
0 
0 
0 
0 
0 
0 
0 
0 
0 
0 
0 
0 
0 
0 
0 
0 
0 
0 
0 
0 
0 
0 
0 
0 
0 
0 
0 
0 
0 
0 
0 
0 
0 
0 
0 
0 
0 
0 
0 
0 
0 
0 
0 
0 
0 
0 
0 
0 
0 
0 
0 
0 
0 
0 
0 
0 
0 
0 
0 
0 
0 
0 
0 
0 
0 
0 
0 
0 
0 
0 
0 
0 
0 
0 
0 
0 
0 
0 
0 
0 
0 
0 
0 
0 
0 
0 
0 
0 
0 
0 
0 
0 
0 
0 
0 
0 
0 
0 
0 
0 
0 
0 
0 
0 
0 
0 
0 
0 
0 
0 
0 
0 
0 
0 
0 
0 
0 
0 
0 
0 
0 
0 
0 
0 
0 
0 
0 
0 
0 
0 
0 
0 
0 
0 
0 
0 
0 
0 
0 
0 
0 
0 
0 
0 
0 
0 
0 
0 
0 
0 
0 
0 
0 
0 
0 
0 
0 
0 
0 
0 
0 
0 
0 
0 
0 
0 
0 
0 
0 
0 
0 
0 
0 
0 
0 
0 
0 
0 
0 
0 
0 
0 
0 
0 
0 
0 
0 
0 
0 
0 
0 
0 
0 
0 
0 
0 
0 
0 
0 
0 
0 
0 
0 
0 
0 
0 
0 
0 
0 
0 
0 
0 
0 
0 
0 
0 
0 
0 
0 
0 
0 
0 
0 
0 
0 
0 
0 
0 
0 
0 
0 
0 
0 
0 
0 
0 
0 
0 
0 
0 
0 
0 
0 
0 
0 
0 
0 
0 
0 
0 
0 
0 
0 
0 
0 
0 
0 
0 
0 
0 
0 
0 
0 
0 
0 
0 
0 
0 
0 
0 
0 
0 
0 
0 
0 
0 
0 
0 
0 
0 
0 
0 
0 
0 
0 
0 
0 
0 
0 
0 
0 
0 
0 
0 
0 
0 
0 
0 
0 
0 
0 
0 
0 
0 
0 
0 
0 
0 
0 
0 
0 
0 
0 
0 
0 
0 
0 
0 
0 
0 
0 
0 
0 
0 
0 
0 
0 
0 
0 
0 
0 
0 
0 
0 
0 
0 
0 
0 
0 
0 
0 
0 
0 
0 
0 
0 
0 
0 
0 
0 
0 
0 
0 
0 
0 
0 
0 
0 
0 
0 
0 
0 
0 
0 
0 
0 
0 
0 
0 
0 
0 
0 
0 
0 
0 
0 
0 
0 
0 
0 
0 
0 
0 
0 
0 
0 
0 
0 
0 
0 
0 
0 
0 
0 
0 
0 
0 
0 
0 
0 
0 
0 
0 
0 
0 
0 
0 
0 
0 
0 
0 
0 
0 
0 
0 
0 
0 
0 
0 
0 
0 
0 
0 
0 
0 
0 
0 
0 
0 
0 
0 
0 
0 
0 
0 
0 
0 
0 
0 
0 
0 
0 
0 
0 
0 
0 
0 
0 
0 
0 
0 
0 
0 
0 
0 
0 
0 
0 
0 
0 
0 
0 
0 
0 
0 
0 
0 
0 
0 
0 
0 
0 
0 
0 
0 
0 
0 
0 
0 
0 
0 
0 
0 
0 
0 
0 
0 
0 
0 
0 
0 
0 
0 
0 
0 
0 
0 
0 
0 
0 
0 
0 
0 
0 
0 
0 
0 
0 
0 
0 
0 
0 
0 
0 
0 
0 
0 
0 
0 
0 
0 
0 
0 
0 
0 
0 
0 
0 
0 
0 
0 
0 
0 
0 
0 
0 
0 
0 
0 
0 
0 
0 
0 
0 
0 
0 
0 
0 
0 
0 
0 
0 
0 
0 
0 
0 
0 
0 
0 
0 
0 
0 
0 
0 
0 
0 
0 
0 
0 
0 
0 
0 
0 
0 
0 
0 
0 
0 
0 
0 
0 
0 
0 
0 
0 
0 
0 
0 
0 
0 
0 
0 
0 
0 
0 
0 
0 
0 
0 
0 
0 
0 
0 
0 
0 
0 
0 
0 
0 
0 
0 
0 
0 
0 
0 
0 
0 
0 
0 
0 
0 
0 
0 
0 
0 
0 
0 
0 
0 
0 
0 
0 
0 
0 
0 
0 
0 
0 
0 
0 
0 
0 
0 
0 
0 
0 
0 
0 
0 
0 
0 
0 
0 
0 
0 
0 
0 
0 
0 
0 
0 
0 
0 
0 
0 
0 
0 
0 
0 
0 
0 
0 
0 
0 
0 
0 
0 
0 
0 
0 
0 
0 
0 
0 
0 
0 
0 
0 
0 
0 
0 
0 
0 
0 
0 
0 
0 
0 
0 
0 
0 
0 
0 
0 
0 
0 
0 
0 
0 
0 
0 
0 
0 
0 
0 
0 
0 
0 
0 
0 
0 
0 
0 
0 
0 
0 
0 
0 
0 
0 
0 
0 
0 
0 
0 
0 
0 
0 
0 
0 
0 
0 
0 
0 
0 
0 
0 
0 
0 
0 
0 
0 
0 
0 
0 
0 
0 
0 
0 
0 
0 
0 
0 
0 
0 
0 
0 
0 
0 
0 
0 
0 
0 
0 
0 
0 
0 
0 
0 
0 
0 
0 
0 
0 
0 
0 
0 
0 
0 
0 
0 
0 
0 
0 
0 
0 
0 
0 
0 
0 
0 
0 
0 
0 
0 
0 
0 
0 
0 
0 
0 
0 
0 
0 
0 
0 
0 
0 
0 
0 
0 
0 
0 
0 
0 
0 
0 
0 
0 
0 
0 
0 
0 
0 
0 
0 
0 
0 
0 
0 
0 
0 
0 
0 
0 
0 
0 
0 
0 
0 
0 
0 
0 
0 
0 
0 
0 
0 
0 
0 
0 
0 
0 
0 
0 
0 
0 
0 
0 
0 
0 
0 
0 
0 
0 
0 
0 
0 
0 
0 
0 
0 
0 
0 
0 
0 
0 
0 
0 
0 
0 
0 
0 
0 
0 
0 
0 
0 
0 
0 
0 
0 
0 
0 
0 
0 
0 
0 
0 
0 
0 
0 
0 
0 
0 
0 
0 
0 
0 
0 
0 
0 
0 
0 
0 
0 
0 
0 
0 
0 
0 
0 
0 
0 
0 
0 
0 
0 
0 
0 
0 
0 
0 
0 
0 
0 
0 
0 
0 
0 
0 
0 
0 
0 
0 
0 
0 
0 
0 
0 
0 
0 
0 
0 
0 
0 
0 
0 
0 
0 
0 
0 
0 
0 
0 
0 
0 
0 
0 
0 
0 
0 
0 
0 
0 
0 
0 
0 
0 
0 
0 
0 
0 
0 
0 
0 
0 
0 
0 
0 
0 
0 
0 
0 
0 
0 
0 
0 
0 
0 
0 
0 
0 
0 
0 
0 
0 
0 
0 
0 
0 
0 
0 
0 
0 
0 
0 
0 
0 
0 
0 
0 
0 
0 
0 
0 
0 
0 
0 
0 
0 
0 
0 
0 
0 
0 
0 
0 
0 
0 
0 
0 
0 
0 
0 
0 
0 
0 
0 
0 
0 
0 
0 
0 
0 
0 
0 
0 
0 
0 
0 
0 
0 
0 
0 
0 
0 
0 
0 
0 
0 
0 
0 
0 
0 
0 
0 
0 
0 
0 
0 
0 
0 
0 
0 
0 
0 
0 
0 
0 
0 
0 
0 
0 
0 
0 
0 
0 
0 
0 
0 
0 
0 
0 
0 
0 
0 
0 
0 
0 
0 
0 
0 
0 
0 
0 
0 
0 
0 
0 
0 
0 
0 
0 
0 
0 
0 
0 
0 
0 
0 
0 
0 
0 
0 
0 
0 
0 
0 
0 
0 
0 
0 
0 
0 
0 
0 
0 
0 
0 
0 
0 
0 
0 
0 
0 
0 
0 
0 
0 
0 
0 
0 
0 
0 
0 
0 
0 
0 
0 
0 
0 
0 
0 
0 
0 
0 
0 
0 
0 
0 
0 
0 
0 
0 
0 
0 
0 
0 
0 
0 
0 
0 
0 
0 
0 
0 
0 
0 
0 
0 
0 
0 
0 
0 
0 
0 
0 
0 
0 
0 
0 
0 
0 
0 
0 
0 
0 
0 
0 
0 
0 
0 
0 
0 
0 
0 
0 
0 
0 
0 
0 
0 
0 
0 
0 
0 
0 
0 
0 
0 
0 
0 
0 
0 
0 
0 
0 
0 
0 
0 
0 
0 
0 
0 
0 
0 
0 
0 
0 
0 
0 
0 
0 
0 
0 
0 
0 
0 
0 
0 
0 
0 
0 
0 
0 
0 
0 
0 
0 
0 
0 
0 
0 
0 
0 
0 
0 
0 
0 
0 
0 
0 
0 
0 
0 
0 
0 
0 
0 
0 
0 
0 
0 
0 
0 
0 
0 
0 
0 
0 
0 
0 
0 
0 
0 
0 
0 
0 
0 
0 
0 
0 
0 
0 
0 
0 
0 
0 
0 
0 
0 
0 
0 
0 
0 
0 
0 
0 
0 
0 
0 
0 
0 
0 
0 
0 
0 
0 
0 
0 
0 
0 
0 
0 
0 
0 
0 
0 
0 
0 
0 
0 
0 
0 
0 
0 
0 
0 
0 
0 
0 
0 
0 
0 
0 
0 
0 
0 
0 
0 
0 
0 
0 
0 
0 
0 
0 
0 
0 
0 
0 
0 
0 
0 
0 
0 
0 
0 
0 
0 
0 
0 
0 
0 
0 
0 
0 
0 
0 
0 
0 
0 
0 
0 
0 
0 
0 
0 
0 
0 
0 
0 
0 
0 
0 
0 
0 
0 
0 
0 
0 
0 
0 
0 
0 
0 
0 
0 
0 
0 
0 
0 
0 
0 
0 
0 
0 
0 
0 
0 
0 
0 
0 
0 
0 
0 
0 
0 
0 
0 
0 
0 
0 
0 
0 
0 
0 
0 
0 
0 
0 
0 
0 
0 
0 
0 
0 
0 
0 
0 
0 
0 
0 
0 
0 
0 
0 
0 
0 
0 
0 
0 
0 
0 
0 
0 
0 
0 
0 
0 
0 
0 
0 
0 
0 
0 
0 
0 
0 
0 
0 
0 
0 
0 
0 
0 
0 
0 
0 
0 
0 
0 
0 
0 
0 
0 
0 
0 
0 
0 
0 
0 
0 
0 
0 
0 
0 
0 
0 
0 
0 
0 
0 
0 
0 
0 
0 
0 
0 
0 
0 
0 
0 
0 
0 
0 
0 
0 
0 
0 
0 
0 
0 
0 
0 
0 
0 
0 
0 
0 
0 
0 
0 
0 
0 
0 
0 
0 
0 
0 
0 
0 
0 
0 
0 
0 
0 
0 
0 
0 
0 
0 
0 
0 
0 
0 
0 
0 
0 
0 
0 
0 
0 
0 
0 
0 
0 
0 
0 
0 
0 
0 
0 
0 
0 
0 
0 
0 
0 
0 
0 
0 
0 
0 
0 
0 
0 
0 
0 
0 
0 
0 
0 
0 
0 
0 
0 
0 
0 
0 
0 
0 
0 
0 
0 
0 
0 
0 
0 
0 
0 
0 
0 
0 
0 
0 
0 
0 
0 
0 
0 
0 
0 
0 
0 
0 
0 
0 
0 
0 
0 
0 
0 
0 
0 
0 
0 
0 
0 
0 
0 
0 
0 
0 
0 
0 
0 
0 
0 
0 
0 
0 
0 
0 
0 
0 
0 
0 
0 
0 
0 
0 
0 
0 
0 
0 
0 
0 
0 
0 
0 
0 
0 
0 
0 
0 
0 
0 
0 
0 
0 
0 
0 
0 
0 
0 
0 
0 
0 
0 
0 
0 
0 
0 
0 
0 
0 
0 
0 
0 
0 
0 
0 
0 
0 
0 
0 
0 
0 
0 
0 
0 
0 
0 
0 
0 
0 
0 
0 
0 
0 
0 
0 
0 
0 
0 
0 
0 
0 
0 
0 
0 
0 
0 
0 
0 
0 
0 
0 
0 
0 
0 
0 
0 
0 
0 
0 
0 
0 
0 
0 
0 
0 
0 
0 
0 
0 
0 
0 
0 
0 
0 
0 
0 
0 
0 
0 
0 
0 
0 
0 
0 
0 
0 
0 
0 
0 
0 
0 
0 
0 
0 
0 
0 
0 
0 
0 
0 
0 
0 
0 
0 
0 
0 
0 
0 
0 
0 
0 
0 
0 
0 
0 
0 
0 
0 
0 
0 
0 
0 
0 
0 
0 
0 
0 
0 
0 
0 
0 
0 
0 
0 
0 
0 
0 
0 
0 
0 
0 
0 
0 
0 
0 
0 
0 
0 
0 
0 
0 
0 
0 
0 
0 
0 
0 
0 
0 
0 
0 
0 
0 
0 
0 
0 
0 
0 
0 
0 
0 
0 
0 
0 
0 
0 
0 
0 
0 
0 
0 
0 
0 
0 
0 
0 
0 
0 
0 
0 
0 
0 
0 
0 
0 
0 
0 
0 
0 
0 
0 
0 
0 
0 
0 
0 
0 
0 
0 
0 
0 
0 
0 
0 
0 
0 
0 
0 
0 
0 
0 
0 
0 
0 
0 
0 
0 
0 
0 
0 
0 
0 
0 
0 
0 
0 
0 
0 
0 
0 
0 
0 
0 
0 
0 
0 
0 
0 
0 
0 
0 
0 
0 
0 
0 
0 
0 
0 
0 
0 
0 
0 
0 
0 
0 
0 
0 
0 
0 
0 
0 
0 
0 
0 
0 
0 
0 
0 
0 
0 
0 
0 
0 
0 
0 
0 
0 
0 
0 
0 
0 
0 
0 
0 
0 
0 
0 
0 
0 
0 
0 
0 
0 
0 
0 
0 
0 
0 
0 
0 
0 
0 
0 
0 
0 
0 
0 
0 
0 
0 
0 
0 
0 
0 
0 
0 
0 
0 
0 
0 
0 
0 
0 
0 
0 
0 
0 
0 
0 
0 
0 
0 
0 
0 
0 
0 
0 
0 
0 
0 
0 
0 
0 
0 
0 
0 
0 
0 
0 
0 
0 
0 
0 
0 
0 
0 
0 
0 
0 
0 
0 
0 
0 
0 
0 
0 
0 
0 
0 
0 
0 
0 
0 
0 
0 
0 
0 
0 
0 
0 
0 
0 
0 
0 
0 
0 
0 
0 
0 
0 
0 
0 
0 
0 
0 
0 
0 
0 
0 
0 
0 
0 
0 
0 
0 
0 
0 
0 
0 
0 
0 
0 
0 
0 
0 
0 
0 
0 
0 
0 
0 
0 
0 
0 
0 
0 
0 
0 
0 
0 
0 
0 
0 
0 
0 
0 
0 
0 
0 
0 
0 
0 
0 
0 
0 
0 
0 
0 
0 
0 
0 
0 
0 
0 
0 
0 
0 
0 
0 
0 
0 
0 
0 
0 
0 
0 
0 
0 
0 
0 
0 
0 
0 
0 
0 
0 
0 
0 
0 
0 
0 
0 
0 
0 
0 
0 
0 
0 
0 
0 
0 
0 
0 
0 
0 
0 
0 
0 
0 
0 
0 
0 
0 
0 
0 
0 
0 
0 
0 
0 
0 
0 
0 
0 
0 
0 
0 
0 
0 
0 
0 
0 
0 
0 
0 
0 
0 
0 
0 
0 
0 
0 
0 
0 
0 
0 
0 
0 
0 
0 
0 
0 
0 
0 
0 
0 
0 
0 
0 
0 
0 
0 
0 
0 
0 
0 
0 
0 
0 
0 
0 
0 
0 
0 
0 
0 
0 
0 
0 
0 
0 
0 
0 
0 
0 
0 
0 
0 
0 
0 
0 
0 
0 
0 
0 
0 
0 
0 
0 
0 
0 
0 
0 
0 
0 
0 
0 
0 
0 
0 
0 
0 
0 
0 
0 
0 
0 
0 
0 
0 
0 
0 
0 
0 
0 
0 
0 
0 
0 
0 
0 
0 
0 
0 
0 
0 
0 
0 
0 
0 
0 
0 
0 
0 
0 
0 
0 
0 
0 
0 
0 
0 
0 
0 
0 
0 
0 
0 
0 
0 
0 
0 
0 
0 
0 
0 
0 
0 
0 
0 
0 
0 
0 
0 
0 
0 
0 
0 
0 
0 
0 
0 
0 
0 
0 
0 
0 
0 
0 
0 
0 
0 
0 
0 
0 
0 
0 
0 
0 
0 
0 
0 
0 
0 
0 
0 
0 
0 
0 
0 
0 
0 
0 
0 
0 
0 
0 
0 
0 
0 
0 
0 
0 
0 
0 
0 
0 
0 
0 
0 
0 
0 
0 
0 
0 
0 
0 
0 
0 
0 
0 
0 
0 
0 
0 
0 
0 
0 
0 
0 
0 
0 
0 
0 
0 
0 
0 
0 
0 
0 
0 
0 
0 
0 
0 
0 
0 
0 
0 
0 
0 
0 
0 
0 
0 
!IDEND=

