!FILE=Disk 
!KIND=Matrix 
!LABORATORY=Oslo Cyclotron Laboratory (OCL) 
!EXPERIMENT=siri2root 
!COMMENT=none
!TIME=2021-01-12 12:44:49
!CALIBRATION EkeV=6, 0.000000E+00, 1.000000E+00, 0.000000E+00
!PRECISION=16
!DIMENSION=1,0:20999
!CHANNEL=(0:20999)
86.1624 
73.5741 
62.5393 
54.1606 
48.8164 
46.089 
45.2446 
45.9176 
47.5675 
49.2034 
50.3746 
51.2147 
51.9489 
52.8211 
54.0056 
55.5433 
57.3192 
59.0986 
60.6384 
61.7987 
62.5822 
63.1367 
63.7287 
64.6618 
66.1704 
68.3474 
71.1205 
74.2604 
77.4244 
80.2493 
82.4609 
83.9475 
84.7813 
85.1831 
85.4276 
85.7374 
86.2206 
86.8559 
87.5576 
88.2767 
89.0166 
89.8361 
90.8614 
92.2069 
93.8824 
95.7687 
97.653 
99.3219 
100.646 
101.598 
102.25 
102.739 
103.186 
103.642 
104.103 
104.553 
104.982 
105.4 
105.851 
106.384 
107.015 
107.741 
108.557 
109.46 
110.483 
111.694 
113.154 
114.871 
116.773 
118.687 
120.468 
121.744 
122.111 
121.814 
121.34 
121.042 
121.462 
122.961 
125.229 
127.941 
130.896 
133.726 
136.113 
137.895 
139.115 
140.01 
140.941 
142.244 
144.097 
146.474 
149.158 
151.811 
154.122 
155.937 
157.303 
158.467 
159.812 
161.694 
164.283 
167.504 
171.022 
174.288 
176.713 
178.024 
178.328 
177.744 
176.436 
174.86 
173.677 
173.472 
174.465 
176.651 
179.972 
184.256 
189.196 
194.342 
199.108 
202.811 
204.927 
205.292 
203.895 
200.938 
197.145 
193.585 
191.244 
190.712 
192.146 
195.352 
199.689 
204.264 
208.329 
211.467 
213.588 
214.88 
215.724 
216.51 
217.472 
218.669 
220.007 
221.288 
222.307 
222.958 
223.255 
223.331 
223.405 
223.714 
224.422 
225.547 
226.928 
228.25 
229.111 
229.204 
228.427 
226.88 
224.933 
223.344 
222.934 
224.043 
226.585 
230.154 
233.979 
237.131 
238.999 
239.501 
238.709 
236.865 
234.68 
233.089 
232.771 
233.947 
236.48 
239.941 
243.738 
247.364 
250.503 
253.02 
254.885 
256.096 
256.695 
256.77 
256.362 
255.522 
254.418 
253.284 
252.32 
251.632 
251.222 
250.988 
250.749 
250.299 
249.484 
248.267 
246.752 
245.166 
243.783 
242.816 
242.326 
242.202 
242.198 
242.012 
241.379 
240.167 
238.428 
236.377 
234.29 
232.389 
230.755 
229.321 
227.914 
226.36 
224.591 
222.678 
220.826 
219.325 
218.451 
218.356 
219.075 
220.539 
222.515 
224.672 
226.692 
228.33 
229.419 
229.87 
229.655 
228.666 
226.682 
223.612 
219.586 
214.888 
209.949 
205.295 
201.44 
198.773 
197.486 
197.625 
199.083 
201.566 
204.73 
208.288 
211.992 
215.628 
219.016 
222.044 
224.684 
226.972 
228.953 
230.654 
231.973 
232.7 
232.712 
231.949 
230.427 
228.416 
226.328 
224.511 
223.16 
222.26 
221.605 
220.886 
219.847 
218.404 
216.675 
214.933 
213.464 
212.429 
211.812 
211.438 
211.037 
210.378 
209.371 
208.098 
206.79 
205.768 
205.285 
205.433 
206.279 
207.902 
210.167 
212.689 
214.939 
216.338 
216.465 
215.187 
212.634 
209.283 
205.919 
203.393 
202.288 
202.778 
204.637 
207.148 
209.321 
210.413 
210.179 
208.52 
205.432 
201.438 
197.445 
194.346 
192.695 
192.599 
194.014 
196.749 
200.24 
203.734 
206.595 
208.424 
209.05 
208.456 
206.821 
204.512 
201.849 
199.078 
196.452 
194.239 
192.721 
192.01 
191.963 
192.472 
193.393 
194.289 
194.69 
194.415 
193.303 
191.125 
188.057 
184.754 
182.007 
180.348 
179.881 
180.568 
182.209 
184.193 
185.615 
185.727 
184.272 
181.323 
177.147 
172.233 
167.153 
162.395 
158.277 
154.939 
152.401 
150.593 
149.373 
148.571 
148.042 
147.71 
147.555 
147.58 
147.901 
148.756 
150.259 
152.312 
154.662 
156.92 
158.59 
159.233 
158.677 
156.795 
153.433 
148.754 
143.282 
137.717 
132.778 
129.071 
126.899 
126.236 
127.013 
129.087 
132.018 
135.176 
137.934 
139.786 
140.45 
139.851 
138.146 
135.79 
133.339 
131.226 
129.622 
128.65 
128.39 
128.561 
128.829 
128.995 
128.816 
128.215 
127.47 
126.816 
126.311 
125.962 
125.675 
125.28 
124.617 
123.641 
122.463 
121.333 
120.545 
120.296 
120.641 
121.494 
122.579 
123.504 
123.979 
123.917 
123.296 
122.132 
120.606 
119 
117.563 
116.485 
115.873 
115.756 
116.137 
116.984 
118.198 
119.619 
121.069 
122.382 
123.437 
124.158 
124.516 
124.506 
124.098 
123.193 
121.687 
119.546 
116.818 
113.65 
110.298 
107.071 
104.226 
101.896 
100.103 
98.7791 
97.8086 
97.1017 
96.6628 
96.5715 
96.8814 
97.5941 
98.6743 
100.013 
101.403 
102.602 
103.427 
103.795 
103.699 
103.283 
102.865 
102.671 
102.788 
103.094 
103.252 
103.084 
102.508 
101.397 
99.826 
98.1447 
96.8377 
96.2649 
96.5363 
97.5803 
99.1276 
100.745 
102.04 
102.819 
103.069 
102.833 
102.261 
101.658 
101.23 
100.994 
100.829 
100.487 
99.6678 
98.1419 
95.8738 
93.0678 
90.145 
87.6521 
86.0872 
85.7265 
86.6373 
88.6975 
91.501 
94.4432 
96.9475 
98.6356 
99.4735 
99.6846 
99.4246 
98.8104 
98.0426 
97.2403 
96.4045 
95.4736 
94.3261 
92.8171 
90.8308 
88.3209 
85.3261 
81.9776 
78.4994 
75.1619 
72.1963 
69.7224 
67.721 
66.0436 
64.4626 
62.7724 
60.8803 
58.8386 
56.836 
55.1421 
53.9949 
53.4299 
53.2963 
53.4929 
53.9249 
54.367 
54.6233 
54.6346 
54.3539 
53.7244 
52.8022 
51.7209 
50.6022 
49.5498 
48.6581 
48.0551 
47.8864 
48.2223 
49.0522 
50.3003 
51.7937 
53.2576 
54.3649 
54.8724 
54.703 
53.8908 
52.6012 
51.1406 
49.8279 
48.8897 
48.4345 
48.5895 
49.1007 
49.2685 
48.8761 
48.0866 
47.0122 
45.8456 
44.8431 
44.2359 
44.1306 
44.5415 
45.4032 
46.5133 
47.6066 
48.4821 
49.0532 
49.3093 
49.2604 
48.9619 
48.497 
47.8874 
47.1076 
46.1459 
45.0522 
43.9809 
43.1536 
42.7468 
42.8231 
43.3957 
44.422 
45.7096 
46.98 
48.0062 
48.6683 
48.9293 
48.7869 
48.3275 
47.7427 
47.188 
46.7406 
46.4464 
46.326 
46.3847 
46.5871 
46.7902 
46.8167 
46.5929 
46.1181 
45.4127 
44.5433 
43.6226 
42.7673 
42.0511 
41.4833 
41.0067 
40.5135 
39.899 
39.123 
38.2336 
37.3525 
36.6779 
36.4138 
36.6496 
37.4437 
38.8626 
40.8352 
43.1312 
45.4488 
47.4881 
49.0077 
49.8819 
50.0991 
49.6748 
48.6537 
47.1714 
45.4305 
43.6527 
42.0424 
40.7443 
39.8263 
39.2938 
39.0742 
39.0512 
39.1688 
39.4253 
39.8238 
40.3716 
41.0749 
41.9067 
42.7564 
43.3812 
43.5152 
43.0533 
42.0308 
40.5997 
39.0521 
37.7373 
36.9151 
36.6781 
37.033 
37.908 
39.0723 
40.2045 
41.0171 
41.3376 
41.118 
40.4072 
39.3688 
38.2551 
37.3924 
37.0915 
37.478 
38.5289 
40.1261 
42.0211 
43.8646 
45.2846 
46.0219 
45.9966 
45.2344 
43.8702 
42.1898 
40.5438 
39.2377 
38.4629 
38.1727 
38.1366 
38.2456 
38.4205 
38.4674 
38.3032 
38.0306 
37.8328 
37.8163 
38.1187 
38.9614 
40.3322 
41.9792 
43.5812 
44.7703 
45.2532 
44.9259 
43.7596 
41.7977 
39.3227 
36.7865 
34.63 
33.1813 
32.4871 
32.3448 
32.6207 
33.2292 
33.957 
34.554 
34.8584 
34.8213 
34.4336 
33.7229 
32.8315 
31.9898 
31.4118 
31.215 
31.4266 
31.9768 
32.646 
33.1444 
33.2695 
32.9599 
32.2813 
31.4458 
30.7706 
30.5156 
30.7705 
31.4967 
32.5531 
33.7035 
34.6825 
35.2762 
35.4803 
35.4835 
35.4101 
35.3156 
35.2693 
35.2805 
35.2937 
35.1677 
34.7028 
33.8043 
32.5543 
31.1803 
30.0005 
29.3124 
29.2807 
29.9442 
31.2212 
32.845 
34.4337 
35.6404 
36.258 
36.2295 
35.6149 
34.6039 
33.4626 
32.4502 
31.7753 
31.4886 
31.4892 
31.7069 
32.0796 
32.4662 
32.7325 
32.8128 
32.6908 
32.3743 
31.8917 
31.3005 
30.698 
30.2208 
29.9885 
30.0483 
30.4352 
31.1783 
32.183 
33.2287 
34.0618 
34.4998 
34.4861 
34.0257 
33.1894 
32.1764 
31.2645 
30.6927 
30.5818 
30.9572 
31.7516 
32.7415 
33.5969 
34.0542 
34.0203 
33.4476 
32.3203 
30.8321 
29.3378 
28.1843 
27.5703 
27.5094 
27.9703 
28.8795 
30.0413 
31.2136 
32.1979 
32.8661 
33.1613 
33.0739 
32.6747 
32.1337 
31.6216 
31.2603 
31.0954 
31.0918 
31.2198 
31.4428 
31.6585 
31.766 
31.7296 
31.5219 
31.1107 
30.5367 
29.8975 
29.2767 
28.7169 
28.2184 
27.7441 
27.2387 
26.6663 
26.0308 
25.3953 
24.8988 
24.686 
24.8185 
25.3376 
26.2668 
27.4781 
28.7154 
29.7128 
30.2966 
30.4251 
30.1078 
29.3968 
28.4351 
27.4042 
26.4623 
25.7291 
25.2806 
25.1024 
25.1035 
25.2316 
25.4543 
25.6959 
25.884 
25.9892 
26.026 
26.0387 
26.0743 
26.1631 
26.312 
26.5011 
26.688 
26.8153 
26.8362 
26.7346 
26.5198 
26.2301 
25.9751 
25.8978 
26.0634 
26.4785 
27.1401 
28.0083 
28.9966 
29.9869 
30.8507 
31.4668 
31.7526 
31.6807 
31.2286 
30.3661 
29.1368 
27.6898 
26.2516 
25.0845 
24.3798 
24.1947 
24.5283 
25.3137 
26.3293 
27.2676 
27.8849 
28.0724 
27.811 
27.1554 
26.2835 
25.4511 
24.9074 
24.8207 
25.2435 
26.1377 
27.3686 
28.7118 
29.9112 
30.7404 
31.0653 
30.8495 
30.1587 
29.1852 
28.1673 
27.2995 
26.7071 
26.4443 
26.5177 
26.8688 
27.3846 
27.9883 
28.6525 
29.344 
29.9938 
30.4474 
30.5157 
30.1127 
29.2494 
27.9978 
26.5136 
25.0189 
23.7512 
22.9011 
22.5687 
22.7785 
23.4671 
24.4579 
25.5438 
26.556 
27.3709 
27.9178 
28.1686 
28.1196 
27.8189 
27.3788 
26.9005 
26.4408 
26.03 
25.6773 
25.374 
25.0995 
24.8303 
24.5492 
24.2511 
23.9459 
23.6585 
23.4269 
23.2943 
23.291 
23.4261 
23.6867 
24.0277 
24.3813 
24.6858 
24.9063 
25.0362 
25.0839 
25.0516 
24.9768 
24.9389 
24.9677 
25.08 
25.3269 
25.7319 
26.268 
26.8709 
27.4489 
27.9008 
28.1584 
28.2094 
28.0578 
27.7331 
27.335 
27.0039 
26.8422 
26.882 
27.1096 
27.4552 
27.7739 
27.9257 
27.8564 
27.5311 
26.9274 
26.1456 
25.3724 
24.7641 
24.3968 
24.276 
24.386 
24.6596 
24.9575 
25.1693 
25.2474 
25.1765 
24.9616 
24.6251 
24.2057 
23.7385 
23.2472 
22.7571 
22.3125 
22.011 
21.9769 
22.2692 
22.8842 
23.781 
24.8561 
25.9347 
26.8017 
27.286 
27.32 
26.8961 
26.0629 
24.9757 
23.8555 
22.9149 
22.3156 
22.0723 
22.0666 
22.222 
22.4903 
22.7686 
22.968 
23.0579 
23.0686 
23.0578 
23.0512 
23.0495 
23.0653 
23.1214 
23.2367 
23.426 
23.6955 
24.0354 
24.4137 
24.7676 
25.0057 
25.0478 
24.8654 
24.4758 
23.9453 
23.3922 
22.9509 
22.7 
22.6369 
22.744 
22.985 
23.264 
23.4774 
23.5701 
23.529 
23.4178 
23.3492 
23.3576 
23.4974 
23.8871 
24.5228 
25.2717 
25.9702 
26.4602 
26.6358 
26.4642 
25.9646 
25.2142 
24.3533 
23.5399 
22.8906 
22.4556 
22.2444 
22.2548 
22.4551 
22.7897 
23.2329 
23.7886 
24.4493 
25.164 
25.8203 
26.2628 
26.3645 
26.0829 
25.4497 
24.5841 
23.693 
23.0107 
22.7032 
22.8219 
23.344 
24.1615 
25.0569 
25.7748 
26.14 
26.1033 
25.6508 
24.7814 
23.5789 
22.1783 
20.704 
19.2656 
17.9746 
16.9584 
16.3572 
16.2771 
16.7528 
17.7538 
19.1581 
20.7328 
22.178 
23.2066 
23.6985 
23.7225 
23.3426 
22.6427 
21.8527 
21.2489 
21.01 
21.1885 
21.7501 
22.5667 
23.4228 
24.0786 
24.3579 
24.1996 
23.5795 
22.5083 
21.148 
19.79 
18.7506 
18.2548 
18.3728 
19.1005 
20.3513 
21.8718 
23.3245 
24.4407 
25.1009 
25.3127 
25.1128 
24.6149 
24.0405 
23.5386 
23.1473 
22.8608 
22.6314 
22.3928 
22.0937 
21.7161 
21.2761 
20.8147 
20.3773 
19.9937 
19.6718 
19.4073 
19.1941 
19.0515 
19.0268 
19.1465 
19.43 
19.9149 
20.6187 
21.5105 
22.5108 
23.4979 
24.3335 
24.9026 
25.1446 
25.0462 
24.6659 
24.1476 
23.6259 
23.1721 
22.8089 
22.5133 
22.2308 
21.9071 
21.5126 
21.0487 
20.5491 
20.0775 
19.719 
19.5445 
19.5823 
19.8774 
20.4946 
21.4115 
22.5052 
23.6048 
24.5244 
25.1151 
25.3044 
25.0771 
24.4658 
23.5769 
22.5648 
21.5786 
20.7349 
20.1054 
19.7197 
19.5485 
19.522 
19.6037 
19.7738 
19.9765 
20.1375 
20.2007 
20.1479 
19.9718 
19.6545 
19.1867 
18.5685 
17.8106 
16.9596 
16.1229 
15.5234 
15.4268 
15.9533 
17.0825 
18.6945 
20.5387 
22.2715 
23.5508 
24.2218 
24.3495 
24.0034 
23.2765 
22.4026 
21.6297 
21.1051 
20.8865 
20.978 
21.3103 
21.7499 
22.1958 
22.5944 
22.8808 
22.9835 
22.8704 
22.5379 
21.9887 
21.2743 
20.5305 
19.9369 
19.624 
19.6324 
19.9546 
20.5365 
21.25 
21.9435 
22.5014 
22.8601 
22.9952 
22.9047 
22.6161 
22.1875 
21.6812 
21.1726 
20.7688 
20.5665 
20.6039 
20.9116 
21.5184 
22.3472 
23.2085 
23.8844 
24.2357 
24.2451 
23.9305 
23.3438 
22.6218 
21.9149 
21.3131 
20.8402 
20.4612 
20.0992 
19.6798 
19.1754 
18.6211 
18.103 
17.7194 
17.5321 
17.5579 
17.7501 
17.9871 
18.1595 
18.2257 
18.1541 
17.9954 
17.9225 
18.0358 
18.3664 
18.9616 
19.8113 
20.8058 
21.7686 
22.5382 
23.0327 
23.2424 
23.1824 
22.9142 
22.5497 
22.1493 
21.6889 
21.1127 
20.3996 
19.6031 
18.8892 
18.4715 
18.4539 
18.9153 
19.9197 
21.3156 
22.8132 
24.1512 
25.1477 
25.7401 
25.9535 
25.8246 
25.4602 
25.0433 
24.6437 
24.1912 
23.5748 
22.7025 
21.5575 
20.2192 
18.8519 
17.6618 
16.8304 
16.4144 
16.3496 
16.5887 
17.0808 
17.689 
18.2504 
18.6469 
18.8205 
18.7577 
18.4882 
18.0988 
17.7025 
17.4078 
17.2926 
17.3833 
17.6871 
18.1916 
18.8215 
19.4565 
19.9822 
20.32 
20.4352 
20.3222 
20.0275 
19.6666 
19.3653 
19.2086 
19.2283 
19.4408 
19.8495 
20.3827 
20.9075 
21.2887 
21.4353 
21.3202 
20.9572 
20.4045 
19.7669 
19.1602 
18.6725 
18.3467 
18.1919 
18.2056 
18.3411 
18.5029 
18.6327 
18.7323 
18.838 
19.0123 
19.3248 
19.8233 
20.5112 
21.34 
22.2139 
23.0081 
23.5973 
23.8963 
23.8797 
23.5461 
22.9168 
22.0711 
21.1385 
20.2714 
19.6243 
19.2891 
19.2678 
19.5453 
20.0761 
20.7164 
21.2389 
21.4371 
21.2313 
20.6393 
19.7429 
18.7051 
17.737 
17.0393 
16.7389 
16.8721 
17.4055 
18.2272 
19.1699 
20.0675 
20.7945 
21.2893 
21.5609 
21.6521 
21.5861 
21.4119 
21.2273 
21.0991 
21.0541 
21.1032 
21.2529 
21.52 
21.9147 
22.4275 
23.0198 
23.6092 
24.0726 
24.3027 
24.2589 
23.9114 
23.2322 
22.2914 
21.2505 
20.2824 
19.519 
19.0283 
18.831 
18.9285 
19.2675 
19.7236 
20.1848 
20.5828 
20.875 
21.0475 
21.1144 
21.12 
21.1264 
21.1626 
21.2006 
21.2094 
21.1589 
20.9883 
20.6521 
20.1434 
19.5066 
18.8549 
18.3277 
18.0185 
17.9468 
18.1048 
18.4623 
18.9424 
19.4618 
19.9687 
20.4445 
20.9063 
21.3908 
21.9094 
22.4276 
22.8739 
23.1612 
23.2278 
23.0548 
22.6662 
22.1414 
21.5957 
21.1339 
20.8199 
20.6768 
20.7056 
20.8489 
20.9841 
21.0301 
20.9731 
20.8294 
20.6487 
20.4866 
20.3657 
20.2636 
20.1214 
19.8738 
19.4843 
18.9604 
18.3577 
17.7702 
17.2918 
16.9769 
16.8416 
16.885 
17.0531 
17.2349 
17.3616 
17.4366 
17.5026 
17.6243 
17.8595 
18.2311 
18.7175 
19.2534 
19.7456 
20.1132 
20.331 
20.4465 
20.5703 
20.8231 
21.2555 
21.8083 
22.3134 
22.5886 
22.5545 
22.134 
21.2358 
19.9751 
18.6593 
17.6013 
16.9752 
16.79 
17.0157 
17.587 
18.3428 
19.092 
19.6853 
20.0329 
20.1547 
20.1574 
20.1012 
20.0197 
19.9764 
20.0039 
20.1164 
20.3269 
20.6002 
20.8304 
20.895 
20.7403 
20.3684 
19.8035 
19.1194 
18.4504 
17.9631 
17.7857 
17.9602 
18.4663 
19.2235 
20.0862 
20.8775 
21.4262 
21.6663 
21.6602 
21.4619 
21.1257 
20.7598 
20.444 
20.1953 
19.9872 
19.7665 
19.4817 
19.1055 
18.6412 
18.1236 
17.6166 
17.1979 
16.9393 
16.8865 
17.053 
17.427 
17.9682 
18.6148 
19.3071 
19.9918 
20.5777 
20.9344 
21.0397 
21.0281 
21.0041 
20.9916 
21.0815 
21.3869 
21.8508 
22.3041 
22.6289 
22.7765 
22.7365 
22.5558 
22.357 
22.2469 
22.2564 
22.3814 
22.5529 
22.6431 
22.5804 
22.2951 
21.6881 
20.782 
19.7389 
18.7537 
17.975 
17.4668 
17.2038 
17.1222 
17.191 
17.3781 
17.6423 
17.9931 
18.4483 
18.9859 
19.5526 
20.0677 
20.4348 
20.5771 
20.4655 
20.0881 
19.4512 
18.6372 
17.8026 
17.1363 
16.7898 
16.8193 
17.2543 
18.1013 
19.2326 
20.4155 
21.42 
22.0793 
22.3151 
22.1129 
21.5692 
20.919 
20.416 
20.2341 
20.4349 
20.9975 
21.839 
22.8072 
23.7165 
24.3963 
24.75 
24.7674 
24.4614 
23.8645 
23.0606 
22.1547 
21.241 
20.3975 
19.6866 
19.1542 
18.8254 
18.7075 
18.801 
19.0643 
19.3935 
19.6846 
19.8624 
19.8796 
19.722 
19.403 
18.9692 
18.4982 
18.0792 
17.7972 
17.7096 
17.8343 
18.1582 
18.6391 
19.2163 
19.8347 
20.4559 
21.0568 
21.6167 
22.1001 
22.4496 
22.6099 
22.5582 
22.2694 
21.7078 
20.9041 
19.9776 
19.0979 
18.4484 
18.1644 
18.2932 
18.8545 
19.8427 
21.1349 
22.4982 
23.6603 
24.3879 
24.5624 
24.1585 
23.2412 
22.0232 
20.8135 
19.9011 
19.4651 
19.5559 
20.1207 
20.9862 
21.9004 
22.6171 
22.9735 
22.9206 
22.4401 
21.5301 
20.2943 
18.9332 
17.6831 
16.7744 
16.361 
16.4891 
17.1331 
18.1811 
19.4174 
20.584 
21.4551 
21.8952 
21.8662 
21.4037 
20.623 
19.6912 
18.7743 
18.0126 
17.5059 
17.3059 
17.4255 
17.8277 
18.4033 
19.014 
19.5451 
19.9305 
20.1578 
20.2448 
20.2069 
20.0998 
20.0214 
20.0132 
20.0689 
20.1757 
20.311 
20.4586 
20.6198 
20.8117 
21.0576 
21.373 
21.758 
22.1942 
22.6458 
23.0736 
23.4482 
23.7182 
23.8082 
23.6794 
23.3175 
22.7031 
21.8393 
20.7858 
19.6794 
18.708 
18.0499 
17.815 
18.0342 
18.6557 
19.5229 
20.4246 
21.1644 
21.6023 
21.6786 
21.3828 
20.7418 
19.8461 
18.8354 
17.8614 
17.0585 
16.5174 
16.2766 
16.3418 
16.6402 
16.9976 
17.2576 
17.3472 
17.2471 
16.9811 
16.6281 
16.3009 
16.098 
16.0726 
16.2377 
16.5746 
17.0231 
17.5001 
17.938 
18.3023 
18.5913 
18.8313 
19.0685 
19.3482 
19.695 
20.1062 
20.5507 
20.9692 
21.2827 
21.425 
21.3696 
21.0757 
20.4824 
19.6071 
18.5587 
17.494 
16.5945 
16.0317 
15.9177 
16.2861 
17.1062 
18.274 
19.6277 
20.9948 
22.2223 
23.1953 
23.8415 
24.1274 
24.0452 
23.618 
22.9159 
22.0415 
21.115 
20.2608 
19.5775 
19.1127 
18.8552 
18.7657 
18.822 
18.983 
19.1731 
19.3563 
19.5438 
19.7544 
19.9979 
20.265 
20.525 
20.7221 
20.8004 
20.7362 
20.5154 
20.1308 
19.6269 
19.0888 
18.5948 
18.1958 
17.9096 
17.7218 
17.5959 
17.4984 
17.4203 
17.3736 
17.3699 
17.4248 
17.5558 
17.7559 
18.0039 
18.2782 
18.5552 
18.8177 
19.062 
19.3001 
19.5546 
19.8437 
20.1696 
20.5108 
20.8197 
21.0338 
21.103 
21.0109 
20.7692 
20.4208 
20.0315 
19.6604 
19.3344 
19.0391 
18.724 
18.3313 
17.8371 
17.2699 
16.7038 
16.2689 
16.1079 
16.282 
16.7909 
17.6107 
18.6458 
19.7116 
20.6182 
21.26 
21.6241 
21.7443 
21.6494 
21.3965 
21.0808 
20.7418 
20.3619 
19.921 
19.4131 
18.8535 
18.2821 
17.7638 
17.3639 
17.1181 
17.033 
17.1063 
17.3029 
17.5476 
17.7833 
17.9853 
18.1442 
18.2664 
18.3682 
18.4637 
18.5591 
18.6555 
18.7557 
18.8688 
19.0104 
19.1961 
19.4332 
19.7166 
20.026 
20.3217 
20.5499 
20.6653 
20.6512 
20.4889 
20.1488 
19.6447 
19.0495 
18.4737 
18.0447 
17.8596 
17.9529 
18.3312 
18.969 
19.7549 
20.5138 
21.0701 
21.3075 
21.1913 
20.7494 
20.0856 
19.3761 
18.8159 
18.5426 
18.5989 
18.9828 
19.6419 
20.4121 
21.0226 
21.2205 
20.909 
20.1191 
18.9817 
17.7402 
16.688 
16.0535 
15.9283 
16.324 
17.1789 
18.2955 
19.3973 
20.235 
20.6853 
20.7617 
20.4969 
19.9449 
19.249 
18.5913 
18.1402 
18.013 
18.2478 
18.8218 
19.6466 
20.5547 
21.3291 
21.7735 
21.7848 
21.3402 
20.4967 
19.4393 
18.4293 
17.6949 
17.3638 
17.4688 
17.9384 
18.5719 
19.1424 
19.5088 
19.6263 
19.4968 
19.1656 
18.7437 
18.3958 
18.2826 
18.4724 
18.9571 
19.6839 
20.5327 
21.3199 
21.8365 
21.9312 
21.5562 
20.758 
19.6982 
18.6294 
17.8071 
17.3578 
17.2501 
17.4389 
17.8579 
18.3463 
18.7395 
18.9556 
19.0147 
19.0019 
18.987 
19.0443 
19.2785 
19.7534 
20.4627 
21.3338 
22.2169 
22.9083 
23.2405 
23.1517 
22.6146 
21.634 
20.3624 
19.0689 
18.0256 
17.4104 
17.2685 
17.5926 
18.3296 
19.3269 
20.3786 
21.2953 
21.9355 
22.2612 
22.3265 
22.1693 
21.8305 
21.4246 
21.0939 
20.9334 
20.9718 
21.1901 
21.5129 
21.7823 
21.833 
21.5988 
21.0985 
20.4142 
19.6998 
19.1398 
18.8689 
18.9296 
19.3172 
19.9808 
20.7873 
21.5694 
22.196 
22.6013 
22.7759 
22.7299 
22.5246 
22.2787 
22.0605 
21.8629 
21.6546 
21.4095 
21.1245 
20.8216 
20.5407 
20.3164 
20.153 
20.0143 
19.8314 
19.54 
19.1278 
18.656 
18.2491 
18.0263 
18.035 
18.3057 
18.859 
19.6108 
20.406 
21.114 
21.659 
22.0157 
22.1836 
22.1666 
21.9578 
21.5347 
20.8877 
20.0414 
19.0656 
18.091 
17.2978 
16.8489 
16.823 
17.2345 
18.0315 
19.0441 
20.0279 
20.7557 
21.1238 
21.1662 
20.9227 
20.4528 
19.9198 
19.5387 
19.4716 
19.7725 
20.414 
21.2977 
22.2608 
23.1232 
23.7365 
24.0194 
23.9513 
23.5831 
23.0586 
22.5473 
22.1769 
22.0146 
22.0763 
22.3155 
22.5717 
22.6627 
22.5183 
22.142 
21.5657 
20.871 
20.1792 
19.6061 
19.2239 
19.0602 
19.117 
19.3519 
19.6827 
20.0646 
20.5126 
21.0615 
21.7322 
22.518 
23.3764 
24.2157 
24.9141 
25.3483 
25.4291 
25.1274 
24.4566 
23.4709 
22.2772 
21.029 
19.9094 
19.0996 
18.7222 
18.8143 
19.3578 
20.2696 
21.3843 
22.5 
23.4298 
24.0343 
24.2937 
24.2964 
24.1022 
23.7471 
23.3014 
22.813 
22.2537 
21.5509 
20.682 
19.712 
18.7771 
18.0579 
17.703 
17.7665 
18.2705 
19.2064 
20.4393 
21.7429 
22.8816 
23.6458 
23.9735 
23.9651 
23.6978 
23.2397 
22.7149 
22.1955 
21.68 
21.1512 
20.5967 
20.0333 
19.5296 
19.1854 
19.076 
19.225 
19.6124 
20.1659 
20.7654 
21.2765 
21.5948 
21.674 
21.5064 
21.1189 
20.6006 
20.0845 
19.7026 
19.5425 
19.6305 
19.955 
20.468 
21.0893 
21.7434 
22.3846 
22.9894 
23.5287 
23.9417 
24.1606 
24.1526 
23.855 
23.1718 
22.1134 
20.8155 
19.4749 
18.3107 
17.5044 
17.1037 
17.0342 
17.2439 
17.6841 
18.2336 
18.7682 
19.2268 
19.6193 
20.0062 
20.4523 
20.9915 
21.6186 
22.2911 
22.937 
23.469 
23.8093 
23.9142 
23.7731 
23.4049 
22.8697 
22.2475 
21.5991 
20.9512 
20.3064 
19.6552 
18.9897 
18.3892 
18.021 
17.9884 
18.4002 
19.3803 
20.8519 
22.6015 
24.372 
25.8631 
26.8334 
27.1654 
26.8377 
25.9511 
24.7498 
23.4904 
22.3582 
21.4676 
20.8567 
20.4952 
20.3121 
20.2403 
20.2411 
20.305 
20.4333 
20.6223 
20.8577 
21.1152 
21.3663 
21.5878 
21.7687 
21.9117 
22.0278 
22.1266 
22.2105 
22.2743 
22.3094 
22.3103 
22.2756 
22.2096 
22.1253 
22.0381 
21.9531 
21.8598 
21.7323 
21.5303 
21.2143 
20.771 
20.2241 
19.6396 
19.1409 
18.8598 
18.8533 
19.1521 
19.7606 
20.5571 
21.339 
21.9165 
22.1655 
22.0493 
21.6222 
21.0483 
20.5361 
20.2369 
20.2116 
20.4688 
20.9795 
21.6527 
22.3622 
22.991 
23.4486 
23.6836 
23.6819 
23.4459 
23.0016 
22.4264 
21.8423 
21.3828 
21.1398 
21.1375 
21.3737 
21.8174 
22.3699 
22.8935 
23.261 
23.3903 
23.2573 
22.8814 
22.3292 
21.7064 
21.1307 
20.7111 
20.5188 
20.5751 
20.8772 
21.3953 
22.0436 
22.6943 
23.2124 
23.512 
23.5822 
23.4318 
23.0985 
22.7042 
22.4244 
22.3955 
22.663 
23.198 
23.8978 
24.5961 
25.1064 
25.2868 
25.0904 
24.5414 
23.7268 
22.7877 
21.8799 
21.1402 
20.6632 
20.4935 
20.6413 
21.0796 
21.7307 
22.4935 
23.262 
23.9236 
24.3658 
24.5051 
24.3141 
23.81 
23.0622 
22.2013 
21.3936 
20.7995 
20.4958 
20.4593 
20.6609 
21.057 
21.5301 
21.9381 
22.1893 
22.2589 
22.1506 
21.8895 
21.5452 
21.2072 
20.9533 
20.831 
20.8539 
21.0082 
21.2461 
21.4899 
21.6585 
21.6984 
21.5945 
21.3665 
21.0791 
20.8365 
20.7378 
20.8252 
21.1091 
21.5785 
22.1493 
22.6731 
23.0076 
23.0745 
22.8554 
22.3873 
21.7903 
21.2339 
20.8611 
20.7451 
20.9024 
21.3046 
21.8598 
22.4358 
22.9091 
23.2022 
23.2946 
23.1874 
22.8976 
22.4797 
22.0159 
21.5976 
21.3239 
21.2748 
21.4785 
21.9238 
22.5653 
23.3155 
24.0613 
24.6892 
25.1091 
25.2726 
25.1673 
24.8188 
24.3032 
23.7193 
23.1586 
22.6913 
22.354 
22.1445 
22.0166 
21.9118 
21.786 
21.6581 
21.6287 
21.7751 
22.1454 
22.7752 
23.6178 
24.5271 
25.2718 
25.6339 
25.5226 
24.8722 
23.6333 
21.9817 
20.2891 
18.9408 
18.1612 
17.9605 
18.3 
19.091 
20.1001 
21.0516 
21.7531 
22.143 
22.2513 
22.1035 
21.7281 
21.2027 
20.629 
20.1062 
19.7261 
19.5517 
19.6026 
19.8783 
20.3479 
20.9126 
21.4335 
21.799 
21.966 
21.9884 
21.9673 
21.9557 
21.9946 
22.1458 
22.4255 
22.7718 
23.0479 
23.1178 
22.9321 
22.5193 
21.9831 
21.4901 
21.1774 
21.0935 
21.2405 
21.577 
21.9779 
22.2982 
22.4559 
22.4309 
22.2799 
22.1391 
22.1103 
22.2162 
22.42 
22.6009 
22.6277 
22.4533 
22.1054 
21.6802 
21.319 
21.1278 
21.1396 
21.3253 
21.5536 
21.6466 
21.5265 
21.1963 
20.6905 
20.1088 
19.6168 
19.359 
19.3857 
19.7097 
20.3134 
21.0737 
21.7973 
22.2985 
22.4539 
22.2261 
21.6457 
20.8205 
19.9241 
19.15 
18.6742 
18.6103 
18.9922 
19.7915 
20.908 
22.1821 
23.4393 
24.5121 
25.2355 
25.546 
25.5263 
25.2447 
24.7753 
24.2885 
23.9402 
23.7745 
23.7585 
23.8675 
24.0736 
24.3019 
24.4598 
24.4829 
24.3507 
24.0762 
23.7078 
23.3299 
23.0512 
22.964 
23.101 
23.4464 
23.9359 
24.448 
24.8231 
24.9287 
24.719 
24.2163 
23.5042 
22.7239 
22.031 
21.5523 
21.3561 
21.4599 
21.8331 
22.3851 
22.9957 
23.5478 
23.9196 
24.008 
23.7731 
23.225 
22.411 
21.4286 
20.4197 
19.5484 
18.9644 
18.7587 
18.9569 
19.5019 
20.229 
20.9338 
21.4527 
21.6956 
21.6402 
21.3553 
21.0616 
20.9968 
21.2467 
21.7994 
22.5971 
23.5262 
24.4569 
25.2936 
25.9944 
26.5542 
26.9776 
27.2594 
27.383 
27.3343 
27.0588 
26.4595 
25.5005 
24.2471 
22.8581 
21.5658 
20.616 
20.1779 
20.3031 
20.9369 
21.8927 
22.8818 
23.6139 
23.9567 
23.9662 
23.7023 
23.2446 
22.7899 
22.5087 
22.4421 
22.5777 
22.8697 
23.2198 
23.541 
23.7988 
23.9938 
24.145 
24.2768 
24.3994 
24.5109 
24.6067 
24.6835 
24.7491 
24.8241 
24.8947 
24.9061 
24.8278 
24.6391 
24.2958 
23.7706 
23.0813 
22.2944 
21.5161 
20.8607 
20.4134 
20.2149 
20.2718 
20.5414 
20.9315 
21.3699 
21.8312 
22.3261 
22.8861 
23.522 
24.2078 
24.8872 
25.4782 
25.8795 
26.0052 
25.8248 
25.3499 
24.6278 
23.7477 
22.8228 
21.9656 
21.2668 
20.7839 
20.5419 
20.5466 
20.7918 
21.2591 
21.9204 
22.7356 
23.6409 
24.542 
25.3221 
25.8686 
26.1346 
26.1487 
25.9367 
25.5317 
25.0206 
24.5036 
24.049 
23.6844 
23.3968 
23.1463 
22.894 
22.6215 
22.3346 
22.0623 
21.8526 
21.7487 
21.7671 
21.9207 
22.2227 
22.6437 
23.1087 
23.5251 
23.8015 
23.8743 
23.7233 
23.3612 
22.8315 
22.2036 
21.559 
20.9889 
20.6227 
20.5991 
20.9773 
21.7548 
22.9036 
24.3343 
25.8659 
27.2464 
28.2206 
28.6216 
28.4008 
27.6296 
26.5259 
25.3648 
24.3642 
23.7032 
23.442 
23.4671 
23.6785 
23.996 
24.3014 
24.5486 
24.7966 
25.1343 
25.5938 
26.1313 
26.6499 
27.0316 
27.1915 
27.1032 
26.7884 
26.3237 
25.8318 
25.4393 
25.2283 
25.2191 
25.4094 
25.7717 
26.2126 
26.5901 
26.7868 
26.7595 
26.4713 
25.8778 
25.0405 
24.1304 
23.3395 
22.8177 
22.6375 
22.8155 
23.3004 
23.9466 
24.5752 
25.0354 
25.2344 
25.1462 
24.7958 
24.2618 
23.6515 
23.0626 
22.5708 
22.2278 
22.0557 
22.0509 
22.2078 
22.5149 
22.9345 
23.4118 
23.8928 
24.3365 
24.7226 
25.0536 
25.3488 
25.63 
25.9101 
26.1913 
26.4662 
26.7207 
26.9395 
27.1111 
27.216 
27.226 
27.1272 
26.9111 
26.5581 
26.0523 
25.3932 
24.6022 
23.7334 
22.8731 
22.1269 
21.6028 
21.3779 
21.4776 
21.9047 
22.6361 
23.5858 
24.6207 
25.6004 
26.4046 
26.9531 
27.2102 
27.1705 
26.884 
26.4661 
26.0206 
25.6046 
25.2453 
24.949 
24.7149 
24.5443 
24.4461 
24.4312 
24.5037 
24.6596 
24.8824 
25.1437 
25.4132 
25.6725 
25.918 
26.1529 
26.381 
26.6021 
26.8025 
26.9468 
26.9967 
26.938 
26.7777 
26.5476 
26.3121 
26.1523 
26.1291 
26.2622 
26.5352 
26.8945 
27.2631 
27.5711 
27.7697 
27.8332 
27.7555 
27.5373 
27.179 
26.6872 
26.0866 
25.4338 
24.8206 
24.3609 
24.1445 
24.2027 
24.5387 
25.1242 
25.8581 
26.5974 
27.2158 
27.6303 
27.8043 
27.7323 
27.4537 
27.0534 
26.6068 
26.1653 
25.7771 
25.4862 
25.3257 
25.3109 
25.4449 
25.7205 
26.1145 
26.5932 
27.1229 
27.6703 
28.1916 
28.5819 
28.6999 
28.4794 
27.9191 
27.0378 
25.911 
24.6955 
23.5982 
22.8162 
22.4734 
22.6054 
23.1744 
24.0537 
25.0509 
25.9625 
26.6109 
26.887 
26.759 
26.2556 
25.4867 
24.6528 
24 
23.7194 
23.8776 
24.495 
25.5489 
26.8629 
28.151 
29.1384 
29.672 
29.7465 
29.3895 
28.6593 
27.707 
26.7153 
25.8294 
25.1399 
24.6808 
24.4319 
24.3509 
24.418 
24.5906 
24.7786 
24.9224 
25.009 
25.0428 
25.0461 
25.0418 
25.0411 
25.0574 
25.0875 
25.1002 
25.0765 
25.0007 
24.8429 
24.5936 
24.2847 
23.9807 
23.7559 
23.6624 
23.7159 
23.9104 
24.2192 
24.5933 
24.9858 
25.3736 
25.7627 
26.183 
26.6667 
27.2207 
27.8137 
28.3762 
28.7808 
28.8847 
28.6252 
28.0155 
27.1272 
26.1032 
25.1247 
24.3467 
23.8548 
23.6765 
23.8138 
24.2055 
24.7153 
25.2347 
25.7247 
26.203 
26.7236 
27.3061 
27.9033 
28.4028 
28.6816 
28.6854 
28.3873 
27.7919 
27.0302 
26.2822 
25.7629 
25.6004 
25.6514 
25.7538 
25.8425 
25.8688 
25.7247 
25.3214 
24.8442 
24.5626 
24.5693 
24.915 
25.6325 
26.5552 
27.3597 
27.7836 
27.7328 
27.1546 
26.0225 
24.5237 
23.0185 
21.8694 
21.3155 
21.4278 
22.1453 
23.2571 
24.4372 
25.3638 
25.871 
25.9792 
25.7348 
25.2126 
24.5987 
24.1025 
23.8526 
23.8853 
24.1708 
24.6154 
25.0967 
25.521 
25.8459 
26.0846 
26.2902 
26.5193 
26.8008 
27.1262 
27.4514 
27.7082 
27.845 
27.8516 
27.7315 
27.5055 
27.2394 
27.0229 
26.9219 
26.9575 
27.1457 
27.5082 
28.0287 
28.6559 
29.3203 
29.929 
30.3708 
30.5542 
30.4441 
30.0204 
29.2767 
28.2938 
27.2298 
26.2613 
25.547 
25.1866 
25.2093 
25.6027 
26.3137 
27.2413 
28.2619 
29.2483 
30.0777 
30.6433 
30.9176 
30.9582 
30.8057 
30.5017 
30.1544 
29.8775 
29.7309 
29.6988 
29.7171 
29.7307 
29.6492 
29.3389 
28.7393 
27.9128 
27.0157 
26.2473 
25.767 
25.6435 
25.8875 
26.4653 
27.271 
28.1633 
29.0249 
29.7828 
30.4029 
30.8701 
31.1725 
31.2999 
31.2489 
31.0202 
30.6264 
30.1243 
29.6395 
29.3191 
29.2067 
29.2088 
29.235 
29.2241 
29.0306 
28.5134 
27.6948 
26.7324 
25.7983 
25.0031 
24.3927 
23.962 
23.6613 
23.4104 
23.1329 
22.868 
22.7659 
22.9173 
23.3587 
24.1175 
25.1328 
26.2295 
27.1836 
27.8224 
28.0698 
27.9162 
27.4787 
27.0184 
26.7373 
26.6987 
26.9131 
27.3548 
27.9437 
28.5708 
29.1355 
29.5513 
29.7582 
29.7354 
29.4592 
28.8941 
28.0701 
27.1108 
26.1949 
25.504 
25.1579 
25.1913 
25.5555 
26.099 
26.6205 
26.9591 
27.0371 
26.8387 
26.3958 
25.811 
25.2262 
24.7661 
24.4964 
24.4221 
24.5321 
24.8073 
25.2114 
25.7128 
26.294 
26.9397 
27.6217 
28.2922 
28.8904 
29.3646 
29.6933 
29.8935 
30.0173 
30.1325 
30.2937 
30.519 
30.7834 
31.006 
31.0863 
30.9803 
30.6913 
30.2446 
29.7019 
29.1553 
28.6929 
28.3642 
28.1675 
28.0522 
27.9366 
27.7434 
27.4324 
27.0127 
26.5506 
26.1726 
26.0019 
26.0872 
26.4817 
27.2633 
28.3922 
29.6988 
30.972 
32.0083 
32.6576 
32.9205 
32.9319 
32.7761 
32.4973 
32.1817 
31.8896 
31.5926 
31.2127 
30.7252 
30.196 
29.7829 
29.6634 
29.9121 
30.5123 
31.3824 
32.3624 
33.244 
33.8131 
33.9162 
33.5039 
32.6087 
31.3524 
29.9512 
28.668 
27.7481 
27.3441 
27.4991 
28.1414 
29.0548 
29.9618 
30.6395 
30.9704 
30.9265 
30.5779 
30.1104 
29.7077 
29.4568 
29.3505 
29.3107 
29.2481 
29.1155 
28.9253 
28.7454 
28.6551 
28.6893 
28.887 
29.3046 
29.9119 
30.587 
31.1903 
31.6099 
31.7874 
31.7096 
31.4219 
31.041 
30.6915 
30.4566 
30.3762 
30.4589 
30.691 
31.0275 
31.4023 
31.748 
32.0059 
32.1386 
32.1351 
31.9957 
31.7399 
31.4853 
31.4162 
31.6223 
32.1088 
32.857 
33.7642 
34.6177 
35.1932 
35.4215 
35.4331 
35.3887 
35.3526 
35.3669 
35.5164 
35.766 
35.9172 
35.8321 
35.3439 
34.2234 
32.5273 
30.6288 
28.9658 
27.8666 
27.4839 
27.8508 
28.8665 
30.2496 
31.6733 
32.8995 
33.8016 
34.3499 
34.5645 
34.4673 
34.1283 
33.6784 
33.1907 
32.6745 
32.1457 
31.6412 
31.2169 
30.9297 
30.8142 
30.881 
31.1004 
31.3808 
31.6085 
31.7065 
31.6507 
31.4415 
31.1059 
30.7235 
30.3979 
30.2095 
30.1982 
30.3736 
30.7259 
31.2219 
31.808 
32.4187 
32.9839 
33.4423 
33.7541 
33.9028 
33.8653 
33.7222 
33.6596 
33.7328 
33.9247 
34.2465 
34.656 
35.055 
35.3475 
35.4947 
35.532 
35.5504 
35.6453 
35.8652 
36.1894 
36.5055 
36.6632 
36.586 
36.16 
35.2115 
33.7688 
32.0722 
30.4018 
28.9958 
28.012 
27.5245 
27.5463 
28.0185 
28.8113 
29.8056 
30.9164 
32.0625 
33.1558 
34.0999 
34.798 
35.172 
35.1818 
34.8184 
34.102 
33.1048 
31.9516 
30.8024 
29.8355 
29.2201 
29.0685 
29.4147 
30.2261 
31.3858 
32.703 
33.9753 
35.0527 
35.8613 
36.384 
36.6418 
36.7144 
36.7091 
36.6753 
36.6203 
36.5545 
36.4806 
36.3904 
36.2712 
36.1161 
35.9228 
35.6856 
35.3968 
35.0536 
34.6685 
34.2774 
33.934 
33.6894 
33.5727 
33.6062 
33.7256 
33.7822 
33.7264 
33.5593 
33.2612 
32.8778 
32.5476 
32.4224 
32.5631 
32.9531 
33.5207 
34.1321 
34.6285 
34.9101 
34.9708 
34.827 
34.5217 
34.1719 
33.9038 
33.7659 
33.7317 
33.7789 
33.8663 
33.9058 
33.8562 
33.7221 
33.5133 
33.2717 
33.076 
32.9956 
33.0531 
33.2402 
33.5138 
33.7566 
33.8274 
33.6646 
33.2796 
32.734 
32.153 
31.7049 
31.5296 
31.6796 
32.1688 
32.9758 
33.9668 
34.9288 
35.6582 
36.0428 
36.0765 
35.7785 
35.1892 
34.4143 
33.5881 
32.8351 
32.2633 
31.9444 
31.902 
32.137 
32.6238 
33.2782 
33.9741 
34.5841 
35.007 
35.188 
35.113 
34.8122 
34.3747 
33.9168 
33.5509 
33.3579 
33.3644 
33.6067 
34.1534 
35.0236 
36.1744 
37.5298 
38.9801 
40.3884 
41.6061 
42.4972 
42.988 
43.0797 
42.7867 
42.1424 
41.2459 
40.2356 
39.2394 
38.3779 
37.7715 
37.4855 
37.5975 
37.9434 
38.0526 
37.7719 
37.2108 
36.4519 
35.6223 
34.8576 
34.2702 
33.9182 
33.8041 
33.9157 
34.2011 
34.5501 
34.8796 
35.1666 
35.4276 
35.7103 
36.0612 
36.4925 
36.9697 
37.4245 
37.7939 
38.0591 
38.2608 
38.4858 
38.8229 
39.3143 
39.9351 
40.5821 
41.0488 
41.116 
40.6966 
39.817 
38.5885 
37.2122 
35.9163 
34.8863 
34.2327 
33.9999 
34.1936 
34.7534 
35.5361 
36.3878 
37.1703 
37.7532 
38.0517 
38.0402 
37.7393 
37.2296 
36.6603 
36.2057 
35.9898 
36.0509 
36.3423 
36.7215 
37.0206 
37.1598 
37.1765 
37.1482 
37.1107 
37.1505 
37.4636 
38.1895 
39.3037 
40.6272 
41.8656 
42.7279 
43.0436 
42.7672 
41.9836 
40.9379 
39.9267 
39.1676 
38.7501 
38.6185 
38.6164 
38.5698 
38.3465 
37.8843 
37.2035 
36.3931 
35.5717 
34.8446 
34.2824 
33.9417 
33.8758 
34.1103 
34.6552 
35.5134 
36.655 
38.0005 
39.4102 
40.6908 
41.6325 
42.0862 
42.0056 
41.407 
40.3865 
39.1608 
37.9996 
37.1142 
36.5891 
36.4053 
36.5251 
36.8198 
37.06 
37.148 
37.142 
37.1085 
37.1639 
37.5203 
38.337 
39.6233 
41.2387 
42.8941 
44.2347 
45.0044 
45.1306 
44.6158 
43.5529 
42.252 
41.1376 
40.4812 
40.3117 
40.5935 
41.218 
41.8723 
42.2368 
42.1944 
41.6606 
40.5499 
39.035 
37.5107 
36.3846 
35.9315 
36.2341 
37.2528 
38.8143 
40.5899 
42.2058 
43.3677 
43.925 
43.8419 
43.2044 
42.2501 
41.2457 
40.3843 
39.7826 
39.4896 
39.512 
39.7976 
40.2336 
40.7132 
41.1485 
41.4297 
41.4502 
41.1664 
40.5871 
39.7575 
38.7706 
37.7578 
36.8653 
36.226 
35.9234 
35.9816 
36.3791 
37.0401 
37.842 
38.651 
39.3521 
39.872 
40.1895 
40.338 
40.3988 
40.4767 
40.6568 
40.9637 
41.3445 
41.6795 
41.85 
41.8077 
41.5282 
41.0126 
40.3747 
39.7917 
39.3967 
39.2494 
39.3578 
39.6376 
39.9032 
40.0201 
39.959 
39.7451 
39.4641 
39.2288 
39.1081 
39.0879 
39.1076 
39.1342 
39.1234 
38.9578 
38.5374 
37.8848 
37.1324 
36.4597 
36.0404 
35.9915 
36.3495 
37.0927 
38.1488 
39.409 
40.7602 
42.1023 
43.346 
44.3955 
45.1621 
45.6223 
45.8168 
45.7646 
45.5928 
45.5314 
45.6198 
45.7571 
45.8458 
45.8266 
45.6036 
45.0232 
44.0878 
42.9713 
41.8931 
41.0614 
40.5943 
40.4994 
40.7585 
41.3248 
42.069 
42.8307 
43.5048 
43.9581 
44.0923 
44.027 
43.9305 
43.8801 
43.9392 
44.2027 
44.7146 
45.4653 
46.443 
47.5891 
48.7899 
49.8833 
50.677 
51.0181 
50.8505 
50.1555 
48.9557 
47.4133 
45.791 
44.3344 
43.2007 
42.4284 
41.9353 
41.5447 
41.0707 
40.4141 
39.6068 
38.8455 
38.3906 
38.3686 
38.9197 
40.2367 
42.2357 
44.6017 
47.0065 
49.1303 
50.6782 
51.4531 
51.395 
50.5071 
48.8659 
46.7132 
44.4214 
42.3911 
40.9612 
40.3271 
40.5412 
41.5116 
42.9618 
44.5274 
45.8847 
46.817 
47.2909 
47.4135 
47.2647 
46.9131 
46.4815 
46.055 
45.6649 
45.3277 
45.0486 
44.8295 
44.6707 
44.5674 
44.5017 
44.4396 
44.3387 
44.1649 
43.9107 
43.6023 
43.2948 
43.0708 
43.0098 
43.1427 
43.4654 
43.9573 
44.5753 
45.2635 
45.9677 
46.6381 
47.154 
47.3356 
47.0888 
46.3923 
45.2619 
43.821 
42.3175 
41.0632 
40.2979 
40.1051 
40.4893 
41.3804 
42.5599 
43.7407 
44.7002 
45.342 
45.7104 
45.9486 
46.2025 
46.5522 
47.0103 
47.5325 
48.0369 
48.4502 
48.7245 
48.8444 
48.8377 
48.7345 
48.5572 
48.3212 
48.0187 
47.6371 
47.1725 
46.6375 
46.0616 
45.4759 
44.901 
44.351 
43.8479 
43.4362 
43.1845 
43.1533 
43.3637 
43.7963 
44.3755 
44.9655 
45.4155 
45.6243 
45.5625 
45.2573 
44.8857 
44.7186 
44.8916 
45.4517 
46.4259 
47.7034 
49.0076 
49.9874 
50.3833 
50.1138 
49.1998 
47.7706 
46.1245 
44.6457 
43.6875 
43.4737 
44.0694 
45.4056 
47.2397 
49.1779 
50.7861 
51.7649 
52.0391 
51.6186 
50.6096 
49.3636 
48.372 
47.9086 
47.9128 
48.2869 
48.8803 
49.3515 
49.425 
49.0273 
48.2628 
47.5472 
47.4063 
48.0617 
49.4583 
51.3357 
53.1991 
54.481 
54.8031 
54.0573 
52.3933 
50.3004 
48.4723 
47.428 
47.335 
48.1953 
49.8521 
51.8127 
53.4222 
54.2698 
54.3116 
53.6042 
52.301 
50.8135 
49.6364 
49.0924 
49.2764 
50.1538 
51.5663 
53.2068 
54.7127 
55.7601 
56.1447 
55.8066 
54.7915 
53.2767 
51.5612 
49.9724 
48.8741 
48.4417 
48.4946 
48.859 
49.3296 
49.5751 
49.464 
48.999 
48.2283 
47.3625 
46.6846 
46.3882 
46.5332 
47.1151 
48.0765 
49.264 
50.4854 
51.5797 
52.4422 
53.0291 
53.3567 
53.467 
53.38 
53.1147 
52.7072 
52.1758 
51.5393 
50.8657 
50.2825 
49.9322 
49.9003 
50.2074 
50.8 
51.5058 
52.0893 
52.3821 
52.3331 
52.0055 
51.642 
51.5412 
51.8253 
52.4634 
53.3143 
54.1169 
54.6196 
54.7076 
54.3645 
53.6805 
53.0129 
52.8096 
53.2561 
54.3157 
55.8124 
57.4056 
58.6893 
59.3967 
59.4835 
58.9786 
57.9724 
56.6913 
55.3802 
54.1824 
53.1404 
52.2489 
51.5098 
50.9769 
50.732 
50.8266 
51.3975 
52.6438 
54.5299 
56.7458 
58.8564 
60.4083 
61.0932 
60.8182 
59.66 
57.9071 
56.0584 
54.6676 
54.0167 
54.018 
54.559 
55.4737 
56.3443 
56.7891 
56.6895 
56.1048 
55.2659 
54.5922 
54.467 
55.0255 
56.2138 
57.8231 
59.4824 
60.768 
61.3801 
61.2262 
60.3406 
58.8848 
57.1717 
55.545 
54.2569 
53.4204 
53.0382 
53.0834 
53.4133 
53.7491 
53.9285 
53.9718 
53.9678 
54.0336 
54.2964 
54.8399 
55.6655 
56.6789 
57.6832 
58.4368 
58.7674 
58.6224 
58.069 
57.3203 
56.6723 
56.3472 
56.418 
56.911 
57.8219 
58.9945 
60.1652 
61.0361 
61.3525 
61.0184 
60.0491 
58.5205 
56.6012 
54.5537 
52.7103 
51.4417 
51.0393 
51.6027 
53.0784 
55.2519 
57.7177 
59.9668 
61.5262 
62.1077 
61.6315 
60.2622 
58.4802 
56.8855 
55.9078 
55.7063 
56.2943 
57.545 
59.0556 
60.279 
60.8223 
60.5638 
59.5407 
57.9497 
56.1958 
54.7358 
53.8901 
53.7887 
54.4526 
55.83 
57.7484 
59.9424 
62.1184 
63.9907 
65.3172 
65.9837 
66.015 
65.4478 
64.3429 
62.8683 
61.2337 
59.6085 
58.1008 
56.7648 
55.6251 
54.6986 
54.0014 
53.5441 
53.3309 
53.3634 
53.6145 
54.0214 
54.5341 
55.1341 
55.8173 
56.5837 
57.4299 
58.3473 
59.3245 
60.3481 
61.3998 
62.4514 
63.4714 
64.4402 
65.36 
66.2728 
67.2819 
68.5331 
70.1554 
72.2083 
74.6602 
77.3771 
80.1248 
82.6287 
84.669 
86.1494 
87.1182 
87.7458 
88.2566 
88.8398 
89.5859 
90.4667 
91.3461 
92.0307 
92.4146 
92.5365 
92.3559 
91.9733 
91.8281 
92.1757 
93.0601 
94.5426 
96.5522 
98.7891 
100.76 
101.988 
102.227 
101.423 
99.6865 
97.3736 
94.9865 
92.982 
91.6724 
91.2023 
91.5962 
92.7063 
94.1947 
95.7405 
97.1268 
98.2067 
98.912 
99.2681 
99.3609 
99.239 
98.9238 
98.4612 
97.8997 
97.2811 
96.6555 
96.0927 
95.7089 
95.6318 
95.9158 
96.5582 
97.5341 
98.7742 
100.154 
101.511 
102.669 
103.486 
103.921 
104.033 
103.866 
103.465 
102.952 
102.469 
102.109 
101.899 
101.797 
101.699 
101.477 
101.025 
100.307 
99.3735 
98.3532 
97.4222 
96.7517 
96.4492 
96.5452 
96.999 
97.6865 
98.45 
99.1682 
99.7876 
100.331 
100.873 
101.48 
102.17 
102.9 
103.583 
104.128 
104.492 
104.696 
104.821 
104.967 
105.196 
105.502 
105.792 
105.944 
105.898 
105.59 
104.943 
104.026 
103.007 
101.995 
101.006 
99.9577 
98.7249 
97.2376 
95.5339 
93.7873 
92.4121 
91.9036 
92.4805 
94.0888 
96.4592 
99.0855 
101.39 
102.942 
103.55 
103.186 
102.148 
101.106 
100.557 
100.611 
101.28 
102.502 
104.008 
105.437 
106.527 
107.174 
107.444 
107.516 
107.567 
107.694 
107.917 
108.144 
108.219 
108.064 
107.678 
107.08 
106.341 
105.585 
104.93 
104.419 
104.042 
103.803 
103.732 
103.848 
104.175 
104.755 
105.593 
106.612 
107.626 
108.396 
108.745 
108.617 
108.024 
107.05 
105.918 
105.003 
104.669 
105.065 
106.168 
107.867 
109.925 
112.024 
113.862 
115.24 
116.102 
116.53 
116.66 
116.557 
116.293 
115.961 
115.549 
115.017 
114.403 
113.804 
113.378 
113.27 
113.534 
114.143 
114.983 
115.853 
116.531 
116.895 
116.96 
116.76 
116.348 
115.844 
115.356 
114.928 
114.562 
114.238 
113.929 
113.616 
113.293 
112.951 
112.569 
112.107 
111.527 
110.806 
109.945 
108.974 
107.962 
107.014 
106.313 
106.076 
106.401 
107.301 
108.769 
110.721 
112.984 
115.298 
117.361 
118.888 
119.734 
119.925 
119.504 
118.546 
117.268 
115.952 
114.838 
114.084 
113.756 
113.868 
114.385 
115.225 
116.299 
117.535 
118.842 
120.086 
121.009 
121.307 
120.844 
119.627 
117.728 
115.368 
112.975 
111.09 
110.099 
110.087 
111.032 
112.794 
114.955 
116.978 
118.454 
119.253 
119.475 
119.222 
118.618 
117.89 
117.181 
116.508 
115.863 
115.233 
114.614 
114.133 
114.031 
114.437 
115.352 
116.727 
118.4 
120.088 
121.488 
122.397 
122.73 
122.478 
121.783 
120.973 
120.318 
119.916 
119.73 
119.597 
119.27 
118.536 
117.333 
115.794 
114.219 
112.981 
112.352 
112.417 
113.145 
114.39 
115.877 
117.314 
118.493 
119.318 
119.751 
119.77 
119.361 
118.507 
117.202 
115.484 
113.465 
111.356 
109.466 
108.145 
107.647 
108.049 
109.332 
111.358 
113.794 
116.223 
118.304 
119.849 
120.809 
121.274 
121.4 
121.257 
120.86 
120.24 
119.406 
118.374 
117.22 
116.08 
115.108 
114.42 
114.052 
113.985 
114.205 
114.699 
115.443 
116.42 
117.608 
118.95 
120.316 
121.498 
122.258 
122.431 
121.967 
120.927 
119.507 
117.986 
116.602 
115.471 
114.561 
113.712 
112.694 
111.313 
109.501 
107.351 
105.095 
103.032 
101.423 
100.4 
99.9434 
99.8599 
99.896 
99.911 
99.8345 
99.6283 
99.3802 
99.2422 
99.2883 
99.6045 
100.31 
101.325 
102.368 
103.102 
103.266 
102.774 
101.665 
100.088 
98.3035 
96.6339 
95.3864 
94.7348 
94.6847 
95.2065 
96.2263 
97.5302 
98.8396 
99.9232 
100.64 
100.934 
100.798 
100.334 
99.7817 
99.3602 
99.17 
99.2383 
99.5102 
99.8089 
99.94 
99.8262 
99.4527 
98.8425 
98.127 
97.5101 
97.1656 
97.0942 
97.1319 
97.1787 
97.1982 
97.012 
96.3992 
95.3991 
94.2524 
93.1898 
92.4259 
92.1334 
92.3782 
93.1789 
94.5022 
96.15 
97.7909 
99.0793 
99.8133 
99.9899 
99.6486 
98.8742 
97.8827 
96.9088 
96.0952 
95.4858 
95.0345 
94.6356 
94.199 
93.7999 
93.6548 
93.8912 
94.547 
95.6251 
96.9973 
98.3788 
99.3704 
99.6269 
99.0253 
97.6181 
95.6045 
93.3323 
91.1925 
89.4948 
88.3808 
87.7994 
87.6124 
87.7471 
88.0824 
88.3922 
88.5732 
88.6663 
88.7542 
88.9444 
89.3321 
89.955 
90.773 
91.6749 
92.506 
93.1179 
93.4223 
93.3074 
92.9337 
92.8137 
93.1374 
93.821 
94.8031 
95.9105 
96.8369 
97.2872 
97.1415 
96.3259 
94.7989 
92.799 
90.7995 
89.3025 
88.6628 
88.9937 
90.3004 
92.476 
95.1466 
97.7363 
99.6465 
100.562 
100.551 
99.7273 
98.2535 
96.5309 
94.9324 
93.848 
93.5367 
93.7137 
93.9966 
94.1743 
93.9632 
93.2747 
92.464 
91.8406 
91.4757 
91.3563 
91.3633 
91.2855 
90.8695 
89.999 
88.8104 
87.7036 
87.1282 
87.2932 
88.5257 
91.3223 
95.5808 
100.581 
105.526 
109.832 
113.287 
116.091 
118.782 
122.045 
126.438 
132.165 
138.991 
146.294 
153.263 
159.182 
163.637 
166.541 
168.11 
168.798 
169.124 
169.449 
169.897 
170.455 
171.082 
171.751 
172.473 
173.306 
174.299 
175.451 
176.642 
177.525 
177.696 
176.999 
175.489 
173.404 
171.213 
169.47 
168.521 
168.389 
169.014 
170.262 
171.802 
173.272 
174.45 
175.258 
175.748 
176.017 
176.1 
175.998 
175.683 
175.087 
174.178 
173.038 
171.848 
170.844 
170.235 
170.132 
170.559 
171.467 
172.689 
173.975 
175.064 
175.75 
175.916 
175.536 
174.648 
173.391 
171.984 
170.677 
169.699 
169.182 
169.14 
169.557 
170.383 
171.457 
172.546 
173.356 
173.613 
173.208 
172.161 
170.572 
168.65 
166.672 
164.906 
163.529 
162.598 
162.039 
161.687 
161.378 
161.119 
161.081 
161.374 
162.039 
163.109 
164.533 
166.12 
167.571 
168.6 
169.056 
168.907 
168.332 
167.757 
167.514 
167.684 
168.239 
169.059 
169.936 
170.688 
171.238 
171.632 
172.012 
172.555 
173.394 
174.558 
175.948 
177.343 
178.342 
178.49 
177.586 
175.658 
172.878 
169.631 
166.489 
164.11 
162.99 
163.301 
165.061 
168.12 
171.912 
175.594 
178.371 
179.887 
180.28 
179.697 
178.35 
176.8 
175.687 
175.387 
176.002 
177.423 
179.294 
181.119 
182.48 
183.153 
183.086 
182.442 
181.6 
180.898 
180.46 
180.228 
179.98 
179.4 
178.198 
176.217 
173.466 
170.155 
166.701 
163.649 
161.506 
160.582 
160.966 
162.505 
164.737 
167.067 
169.021 
170.344 
171.003 
171.175 
171.15 
171.124 
171.201 
171.473 
171.968 
172.696 
173.772 
175.471 
178.131 
181.973 
187 
192.879 
198.84 
203.834 
207.005 
208.006 
206.794 
203.636 
199.379 
195.169 
191.929 
190.056 
189.483 
190.071 
191.486 
193.048 
194.201 
194.694 
194.448 
193.542 
192.245 
190.952 
190.074 
189.908 
190.552 
191.944 
193.838 
195.764 
197.056 
197.123 
195.75 
193.018 
189.249 
185.034 
181.053 
177.856 
175.704 
174.53 
174.012 
173.761 
173.499 
173.125 
172.744 
172.56 
172.674 
173.205 
174.33 
176.023 
178.04 
180.096 
181.962 
183.472 
184.459 
184.747 
184.259 
182.998 
180.997 
178.379 
175.408 
172.465 
169.957 
168.223 
167.454 
167.7 
168.855 
170.606 
172.531 
174.219 
175.309 
175.579 
174.964 
173.529 
171.5 
169.246 
167.195 
165.743 
165.144 
165.473 
166.668 
168.5 
170.565 
172.388 
173.567 
173.889 
173.307 
171.912 
170.004 
168.002 
166.257 
164.934 
163.967 
163.066 
161.761 
159.551 
156.099 
151.358 
145.613 
139.432 
133.502 
128.416 
124.516 
121.867 
120.266 
119.294 
118.447 
117.321 
115.716 
113.637 
111.264 
108.896 
106.834 
105.286 
104.331 
103.954 
104.126 
104.685 
105.3 
105.748 
105.992 
106.09 
106.173 
106.383 
106.805 
107.438 
108.17 
108.783 
109.064 
108.933 
108.326 
107.168 
105.56 
103.734 
101.909 
100.231 
98.7594 
97.5009 
96.4274 
95.4878 
94.6247 
93.7862 
92.928 
92.0172 
91.0392 
90.0016 
88.9379 
87.9055 
86.9628 
86.1345 
85.396 
84.67 
83.8344 
82.7589 
81.3571 
79.6246 
77.6501 
75.5994 
73.665 
72.0014 
70.679 
69.6703 
68.8666 
68.1268 
67.3392 
66.4538 
65.4699 
64.4208 
63.3589 
62.3293 
61.3557 
60.4516 
59.64 
58.9502 
58.3891 
57.9237 
57.4728 
56.8966 
56.0057 
54.6277 
52.7041 
50.3377 
47.7908 
45.4472 
43.7135 
42.8636 
42.9785 
43.8952 
45.1332 
46.0592 
46.1957 
45.3815 
43.7181 
41.557 
39.4239 
37.7731 
36.8056 
36.4994 
36.7896 
37.4375 
37.9444 
37.9675 
37.444 
36.4297 
35.1185 
33.8037 
32.7428 
32.0605 
31.7644 
31.8372 
32.0888 
32.216 
32.1792 
31.9815 
31.5316 
30.9395 
30.4717 
30.2685 
30.2682 
30.4433 
30.719 
30.8333 
30.6321 
30.1145 
29.3033 
28.2857 
27.2143 
26.2402 
25.4523 
24.8622 
24.4101 
23.9859 
23.4857 
22.8631 
22.1472 
21.4308 
20.8334 
20.4487 
20.3185 
20.449 
20.7851 
21.1856 
21.4774 
21.5254 
21.2803 
20.7536 
19.9911 
19.0793 
18.1225 
17.218 
16.4434 
15.855 
15.4894 
15.3643 
15.485 
15.8321 
16.3418 
16.919 
17.4531 
17.8239 
17.9392 
17.7679 
17.3273 
16.6837 
15.9575 
15.2928 
14.8164 
14.6008 
14.6648 
14.9627 
15.3663 
15.7283 
15.9552 
16.0192 
15.9227 
15.6905 
15.3812 
15.051 
14.7223 
14.394 
14.0503 
13.6703 
13.246 
12.7917 
12.3387 
11.92 
11.5568 
11.2536 
10.9984 
10.7671 
10.5335 
10.2788 
9.99635 
9.69222 
9.38436 
9.10246 
8.88865 
8.7816 
8.79949 
8.98277 
9.39282 
10.0229 
10.7824 
11.5305 
12.0957 
12.3419 
12.22 
11.7059 
10.7956 
9.59932 
8.31488 
7.13751 
6.21061 
5.59772 
5.27617 
5.15457 
5.11534 
5.05757 
4.92038 
4.68823 
4.38971 
4.08987 
3.86705 
3.77671 
3.83574 
4.01947 
4.25158 
4.42183 
4.43996 
4.27431 
3.94011 
3.49089 
3.00916 
2.57085 
2.22133 
1.9728 
1.8082 
1.69008 
1.57948 
1.45097 
1.29607 
1.122 
0.945312 
0.779669 
0.630215 
0.497017 
0.378943 
0.275102 
0.185401 
0.111561 
0.0566163 
0.0218393 
0.00483946 
0 
0 
0 
0 
0 
0 
0 
0 
0 
0 
0 
0 
0 
0 
0 
0 
0 
0 
0 
0 
0 
0 
0 
0 
0 
0 
0 
0 
0 
0 
0 
0 
0 
0 
0 
0 
0 
0 
0 
0 
0 
0 
0 
0 
0 
0 
0 
0 
0 
0 
0 
0 
0 
0 
0 
0 
0 
0 
0 
0 
0 
0 
0 
0 
0 
0 
0 
0 
0 
0 
0 
0 
0 
0 
0 
0 
0 
0 
0 
0 
0 
0 
0 
0 
0 
0 
0 
0 
0 
0 
0 
0 
0 
0 
0 
0 
0 
0 
0 
0 
0 
0 
0 
0 
0 
0 
0 
0 
0 
0 
0 
0 
0 
0 
0 
0 
0 
0 
0 
0 
0 
0 
0 
0 
0 
0 
0 
0 
0 
0 
0 
0 
0 
0 
0 
0 
0 
0 
0 
0 
0 
0 
0 
0 
0 
0 
0 
0 
0 
0 
0 
0 
0 
0 
0 
0 
0 
0 
0 
0 
0 
0 
0 
0 
0 
0 
0 
0 
0 
0 
0 
0 
0 
0 
0 
0 
0 
0 
0 
0 
0 
0 
0 
0 
0 
0 
0 
0 
0 
0 
0 
0 
0 
0 
0 
0 
0 
0 
0 
0 
0 
0 
0 
0 
0 
0 
0 
0 
0 
0 
0 
0 
0 
0 
0 
0 
0 
0 
0 
0 
0 
0 
0 
0 
0 
0 
0 
0 
0 
0 
0 
0 
0 
0 
0 
0 
0 
0 
0 
0 
0 
0 
0 
0 
0 
0 
0 
0 
0 
0 
0 
0 
0 
0 
0 
0 
0 
0 
0 
0 
0 
0 
0 
0 
0 
0 
0 
0 
0 
0 
0 
0 
0 
0 
0 
0 
0 
0 
0 
0 
0 
0 
0 
0 
0 
0 
0 
0 
0 
0 
0 
0 
0 
0 
0 
0 
0 
0 
0 
0 
0 
0 
0 
0 
0 
0 
0 
0 
0 
0 
0 
0 
0 
0 
0 
0 
0 
0 
0 
0 
0 
0 
0 
0 
0 
0 
0 
0 
0 
0 
0 
0 
0 
0 
0 
0 
0 
0 
0 
0 
0 
0 
0 
0 
0 
0 
0 
0 
0 
0 
0 
0 
0 
0 
0 
0 
0 
0 
0 
0 
0 
0 
0 
0 
0 
0 
0 
0 
0 
0 
0 
0 
0 
0 
0 
0 
0 
0 
0 
0 
0 
0 
0 
0 
0 
0 
0 
0 
0 
0 
0 
0 
0 
0 
0 
0 
0 
0 
0 
0 
0 
0 
0 
0 
0 
0 
0 
0 
0 
0 
0 
0 
0 
0 
0 
0 
0 
0 
0 
0 
0 
0 
0 
0 
0 
0 
0 
0 
0 
0 
0 
0 
0 
0 
0 
0 
0 
0 
0 
0 
0 
0 
0 
0 
0 
0 
0 
0 
0 
0 
0 
0 
0 
0 
0 
0 
0 
0 
0 
0 
0 
0 
0 
0 
0 
0 
0 
0 
0 
0 
0 
0 
0 
0 
0 
0 
0 
0 
0 
0 
0 
0 
0 
0 
0 
0 
0 
0 
0 
0 
0 
0 
0 
0 
0 
0 
0 
0 
0 
0 
0 
0 
0 
0 
0 
0 
0 
0 
0 
0 
0 
0 
0 
0 
0 
0 
0 
0 
0 
0 
0 
0 
0 
0 
0 
0 
0 
0 
0 
0 
0 
0 
0 
0 
0 
0 
0 
0 
0 
0 
0 
0 
0 
0 
0 
0 
0 
0 
0 
0 
0 
0 
0 
0 
0 
0 
0 
0 
0 
0 
0 
0 
0 
0 
0 
0 
0 
0 
0 
0 
0 
0 
0 
0 
0 
0 
0 
0 
0 
0 
0 
0 
0 
0 
0 
0 
0 
0 
0 
0 
0 
0 
0 
0 
0 
0 
0 
0 
0 
0 
0 
0 
0 
0 
0 
0 
0 
0 
0 
0 
0 
0 
0 
0 
0 
0 
0 
0 
0 
0 
0 
0 
0 
0 
0 
0 
0 
0 
0 
0 
0 
0 
0 
0 
0 
0 
0 
0 
0 
0 
0 
0 
0 
0 
0 
0 
0 
0 
0 
0 
0 
0 
0 
0 
0 
0 
0 
0 
0 
0 
0 
0 
0 
0 
0 
0 
0 
0 
0 
0 
0 
0 
0 
0 
0 
0 
0 
0 
0 
0 
0 
0 
0 
0 
0 
0 
0 
0 
0 
0 
0 
0 
0 
0 
0 
0 
0 
0 
0 
0 
0 
0 
0 
0 
0 
0 
0 
0 
0 
0 
0 
0 
0 
0 
0 
0 
0 
0 
0 
0 
0 
0 
0 
0 
0 
0 
0 
0 
0 
0 
0 
0 
0 
0 
0 
0 
0 
0 
0 
0 
0 
0 
0 
0 
0 
0 
0 
0 
0 
0 
0 
0 
0 
0 
0 
0 
0 
0 
0 
0 
0 
0 
0 
0 
0 
0 
0 
0 
0 
0 
0 
0 
0 
0 
0 
0 
0 
0 
0 
0 
0 
0 
0 
0 
0 
0 
0 
0 
0 
0 
0 
0 
0 
0 
0 
0 
0 
0 
0 
0 
0 
0 
0 
0 
0 
0 
0 
0 
0 
0 
0 
0 
0 
0 
0 
0 
0 
0 
0 
0 
0 
0 
0 
0 
0 
0 
0 
0 
0 
0 
0 
0 
0 
0 
0 
0 
0 
0 
0 
0 
0 
0 
0 
0 
0 
0 
0 
0 
0 
0 
0 
0 
0 
0 
0 
0 
0 
0 
0 
0 
0 
0 
0 
0 
0 
0 
0 
0 
0 
0 
0 
0 
0 
0 
0 
0 
0 
0 
0 
0 
0 
0 
0 
0 
0 
0 
0 
0 
0 
0 
0 
0 
0 
0 
0 
0 
0 
0 
0 
0 
0 
0 
0 
0 
0 
0 
0 
0 
0 
0 
0 
0 
0 
0 
0 
0 
0 
0 
0 
0 
0 
0 
0 
0 
0 
0 
0 
0 
0 
0 
0 
0 
0 
0 
0 
0 
0 
0 
0 
0 
0 
0 
0 
0 
0 
0 
0 
0 
0 
0 
0 
0 
0 
0 
0 
0 
0 
0 
0 
0 
0 
0 
0 
0 
0 
0 
0 
0 
0 
0 
0 
0 
0 
0 
0 
0 
0 
0 
0 
0 
0 
0 
0 
0 
0 
0 
0 
0 
0 
0 
0 
0 
0 
0 
0 
0 
0 
0 
0 
0 
0 
0 
0 
0 
0 
0 
0 
0 
0 
0 
0 
0 
0 
0 
0 
0 
0 
0 
0 
0 
0 
0 
0 
0 
0 
0 
0 
0 
0 
0 
0 
0 
0 
0 
0 
0 
0 
0 
0 
0 
0 
0 
0 
0 
0 
0 
0 
0 
0 
0 
0 
0 
0 
0 
0 
0 
0 
0 
0 
0 
0 
0 
0 
0 
0 
0 
0 
0 
0 
0 
0 
0 
0 
0 
0 
0 
0 
0 
0 
0 
0 
0 
0 
0 
0 
0 
0 
0 
0 
0 
0 
0 
0 
0 
0 
0 
0 
0 
0 
0 
0 
0 
0 
0 
0 
0 
0 
0 
0 
0 
0 
0 
0 
0 
0 
0 
0 
0 
0 
0 
0 
0 
0 
0 
0 
0 
0 
0 
0 
0 
0 
0 
0 
0 
0 
0 
0 
0 
0 
0 
0 
0 
0 
0 
0 
0 
0 
0 
0 
0 
0 
0 
0 
0 
0 
0 
0 
0 
0 
0 
0 
0 
0 
0 
0 
0 
0 
0 
0 
0 
0 
0 
0 
0 
0 
0 
0 
0 
0 
0 
0 
0 
0 
0 
0 
0 
0 
0 
0 
0 
0 
0 
0 
0 
0 
0 
0 
0 
0 
0 
0 
0 
0 
0 
0 
0 
0 
0 
0 
0 
0 
0 
0 
0 
0 
0 
0 
0 
0 
0 
0 
0 
0 
0 
0 
0 
0 
0 
0 
0 
0 
0 
0 
0 
0 
0 
0 
0 
0 
0 
0 
0 
0 
0 
0 
0 
0 
0 
0 
0 
0 
0 
0 
0 
0 
0 
0 
0 
0 
0 
0 
0 
0 
0 
0 
0 
0 
0 
0 
0 
0 
0 
0 
0 
0 
0 
0 
0 
0 
0 
0 
0 
0 
0 
0 
0 
0 
0 
0 
0 
0 
0 
0 
0 
0 
0 
0 
0 
0 
0 
0 
0 
0 
0 
0 
0 
0 
0 
0 
0 
0 
0 
0 
0 
0 
0 
0 
0 
0 
0 
0 
0 
0 
0 
0 
0 
0 
0 
0 
0 
0 
0 
0 
0 
0 
0 
0 
0 
0 
0 
0 
0 
0 
0 
0 
0 
0 
0 
0 
0 
0 
0 
0 
0 
0 
0 
0 
0 
0 
0 
0 
0 
0 
0 
0 
0 
0 
0 
0 
0 
0 
0 
0 
0 
0 
0 
0 
0 
0 
0 
0 
0 
0 
0 
0 
0 
0 
0 
0 
0 
0 
0 
0 
0 
0 
0 
0 
0 
0 
0 
0 
0 
0 
0 
0 
0 
0 
0 
0 
0 
0 
0 
0 
0 
0 
0 
0 
0 
0 
0 
0 
0 
0 
0 
0 
0 
0 
0 
0 
0 
0 
0 
0 
0 
0 
0 
0 
0 
0 
0 
0 
0 
0 
0 
0 
0 
0 
0 
0 
0 
0 
0 
0 
0 
0 
0 
0 
0 
0 
0 
0 
0 
0 
0 
0 
0 
0 
0 
0 
0 
0 
0 
0 
0 
0 
0 
0 
0 
0 
0 
0 
0 
0 
0 
0 
0 
0 
0 
0 
0 
0 
0 
0 
0 
0 
0 
0 
0 
0 
0 
0 
0 
0 
0 
0 
0 
0 
0 
0 
0 
0 
0 
0 
0 
0 
0 
0 
0 
0 
0 
0 
0 
0 
0 
0 
0 
0 
0 
0 
0 
0 
0 
0 
0 
0 
0 
0 
0 
0 
0 
0 
0 
0 
0 
0 
0 
0 
0 
0 
0 
0 
0 
0 
0 
0 
0 
0 
0 
0 
0 
0 
0 
0 
0 
0 
0 
0 
0 
0 
0 
0 
0 
0 
0 
0 
0 
0 
0 
0 
0 
0 
0 
0 
0 
0 
0 
0 
0 
0 
0 
0 
0 
0 
0 
0 
0 
0 
0 
0 
0 
0 
0 
0 
0 
0 
0 
0 
0 
0 
0 
0 
0 
0 
0 
0 
0 
0 
0 
0 
0 
0 
0 
0 
0 
0 
0 
0 
0 
0 
0 
0 
0 
0 
0 
0 
0 
0 
0 
0 
0 
0 
0 
0 
0 
0 
0 
0 
0 
0 
0 
0 
0 
0 
0 
0 
0 
0 
0 
0 
0 
0 
0 
0 
0 
0 
0 
0 
0 
0 
0 
0 
0 
0 
0 
0 
0 
0 
0 
0 
0 
0 
0 
0 
0 
0 
0 
0 
0 
0 
0 
0 
0 
0 
0 
0 
0 
0 
0 
0 
0 
0 
0 
0 
0 
0 
0 
0 
0 
0 
0 
0 
0 
0 
0 
0 
0 
0 
0 
0 
0 
0 
0 
0 
0 
0 
0 
0 
0 
0 
0 
0 
0 
0 
0 
0 
0 
0 
0 
0 
0 
0 
0 
0 
0 
0 
0 
0 
0 
0 
0 
0 
0 
0 
0 
0 
0 
0 
0 
0 
0 
0 
0 
0 
0 
0 
0 
0 
0 
0 
0 
0 
0 
0 
0 
0 
0 
0 
0 
0 
0 
0 
0 
0 
0 
0 
0 
0 
0 
0 
0 
0 
0 
0 
0 
0 
0 
0 
0 
0 
0 
0 
0 
0 
0 
0 
0 
0 
0 
0 
0 
0 
0 
0 
0 
0 
0 
0 
0 
0 
0 
0 
0 
0 
0 
0 
0 
0 
0 
0 
0 
0 
0 
0 
0 
0 
0 
0 
0 
0 
0 
0 
0 
0 
0 
0 
0 
0 
0 
0 
0 
0 
0 
0 
0 
0 
0 
0 
0 
0 
0 
0 
0 
0 
0 
0 
0 
0 
0 
0 
0 
0 
0 
0 
0 
0 
0 
0 
0 
0 
0 
0 
0 
0 
0 
0 
0 
0 
0 
0 
0 
0 
0 
0 
0 
0 
0 
0 
0 
0 
0 
0 
0 
0 
0 
0 
0 
0 
0 
0 
0 
0 
0 
0 
0 
0 
0 
0 
0 
0 
0 
0 
0 
0 
0 
0 
0 
0 
0 
0 
0 
0 
0 
0 
0 
0 
0 
0 
0 
0 
0 
0 
0 
0 
0 
0 
0 
0 
0 
0 
0 
0 
0 
0 
0 
0 
0 
0 
0 
0 
0 
0 
0 
0 
0 
0 
0 
0 
0 
0 
0 
0 
0 
0 
0 
0 
0 
0 
0 
0 
0 
0 
0 
0 
0 
0 
0 
0 
0 
0 
0 
0 
0 
0 
0 
0 
0 
0 
0 
0 
0 
0 
0 
0 
0 
0 
0 
0 
0 
0 
0 
0 
0 
0 
0 
0 
0 
0 
0 
0 
0 
0 
0 
0 
0 
0 
0 
0 
0 
0 
0 
0 
0 
0 
0 
0 
0 
0 
0 
0 
0 
0 
0 
0 
0 
0 
0 
0 
0 
0 
0 
0 
0 
0 
0 
0 
0 
0 
0 
0 
0 
0 
0 
0 
0 
0 
0 
0 
0 
0 
0 
0 
0 
0 
0 
0 
0 
0 
0 
0 
0 
0 
0 
0 
0 
0 
0 
0 
0 
0 
0 
0 
0 
0 
0 
0 
0 
0 
0 
0 
0 
0 
0 
0 
0 
0 
0 
0 
0 
0 
0 
0 
0 
0 
0 
0 
0 
0 
0 
0 
0 
0 
0 
0 
0 
0 
0 
0 
0 
0 
0 
0 
0 
0 
0 
0 
0 
0 
0 
0 
0 
0 
0 
0 
0 
0 
0 
0 
0 
0 
0 
0 
0 
0 
0 
0 
0 
0 
0 
0 
0 
0 
0 
0 
0 
0 
0 
0 
0 
0 
0 
0 
0 
0 
0 
0 
0 
0 
0 
0 
0 
0 
0 
0 
0 
0 
0 
0 
0 
0 
0 
0 
0 
0 
0 
0 
0 
0 
0 
0 
0 
0 
0 
0 
0 
0 
0 
0 
0 
0 
0 
0 
0 
0 
0 
0 
0 
0 
0 
0 
0 
0 
0 
0 
0 
0 
0 
0 
0 
0 
0 
0 
0 
0 
0 
0 
0 
0 
0 
0 
0 
0 
0 
0 
0 
0 
0 
0 
0 
0 
0 
0 
0 
0 
0 
0 
0 
0 
0 
0 
0 
0 
0 
0 
0 
0 
0 
0 
0 
0 
0 
0 
0 
0 
0 
0 
0 
0 
0 
0 
0 
0 
0 
0 
0 
0 
0 
0 
0 
0 
0 
0 
0 
0 
0 
0 
0 
0 
0 
0 
0 
0 
0 
0 
0 
0 
0 
0 
0 
0 
0 
0 
0 
0 
0 
0 
0 
0 
0 
0 
0 
0 
0 
0 
0 
0 
0 
0 
0 
0 
0 
0 
0 
0 
0 
0 
0 
0 
0 
0 
0 
0 
0 
0 
0 
0 
0 
0 
0 
0 
0 
0 
0 
0 
0 
0 
0 
0 
0 
0 
0 
0 
0 
0 
0 
0 
0 
0 
0 
0 
0 
0 
0 
0 
0 
0 
0 
0 
0 
0 
0 
0 
0 
0 
0 
0 
0 
0 
0 
0 
0 
0 
0 
0 
0 
0 
0 
0 
0 
0 
0 
0 
0 
0 
0 
0 
0 
0 
0 
0 
0 
0 
0 
0 
0 
0 
0 
0 
0 
0 
0 
0 
0 
0 
0 
0 
0 
0 
0 
0 
0 
0 
0 
0 
0 
0 
0 
0 
0 
0 
0 
0 
0 
0 
0 
0 
0 
0 
0 
0 
0 
0 
0 
0 
0 
0 
0 
0 
0 
0 
0 
0 
0 
0 
0 
0 
0 
0 
0 
0 
0 
0 
0 
0 
0 
0 
0 
0 
0 
0 
0 
0 
0 
0 
0 
0 
0 
0 
0 
0 
0 
0 
0 
0 
0 
0 
0 
0 
0 
0 
0 
0 
0 
0 
0 
0 
0 
0 
0 
0 
0 
0 
0 
0 
0 
0 
0 
0 
0 
0 
0 
0 
0 
0 
0 
0 
0 
0 
0 
0 
0 
0 
0 
0 
0 
0 
0 
0 
0 
0 
0 
0 
0 
0 
0 
0 
0 
0 
0 
0 
0 
0 
0 
0 
0 
0 
0 
0 
0 
0 
0 
0 
0 
0 
0 
0 
0 
0 
0 
0 
0 
0 
0 
0 
0 
0 
0 
0 
0 
0 
0 
0 
0 
0 
0 
0 
0 
0 
0 
0 
0 
0 
0 
0 
0 
0 
0 
0 
0 
0 
0 
0 
0 
0 
0 
0 
0 
0 
0 
0 
0 
0 
0 
0 
0 
0 
0 
0 
0 
0 
0 
0 
0 
0 
0 
0 
0 
0 
0 
0 
0 
0 
0 
0 
0 
0 
0 
0 
0 
0 
0 
0 
0 
0 
0 
0 
0 
0 
0 
0 
0 
0 
0 
0 
0 
0 
0 
0 
0 
0 
0 
0 
0 
0 
0 
0 
0 
0 
0 
0 
0 
0 
0 
0 
0 
0 
0 
0 
0 
0 
0 
0 
0 
0 
0 
0 
0 
0 
0 
0 
0 
0 
0 
0 
0 
0 
0 
0 
0 
0 
0 
0 
0 
0 
0 
0 
0 
0 
0 
0 
0 
0 
0 
0 
0 
0 
0 
0 
0 
0 
0 
0 
0 
0 
0 
0 
0 
0 
0 
0 
0 
0 
0 
0 
0 
0 
0 
0 
0 
0 
0 
0 
0 
0 
0 
0 
0 
0 
0 
0 
0 
0 
0 
0 
0 
0 
0 
0 
0 
0 
0 
0 
0 
0 
0 
0 
0 
0 
0 
0 
0 
0 
0 
0 
0 
0 
0 
0 
0 
0 
0 
0 
0 
0 
0 
0 
0 
0 
0 
0 
0 
0 
0 
0 
0 
0 
0 
0 
0 
0 
0 
0 
0 
0 
0 
0 
0 
0 
0 
0 
0 
0 
0 
0 
0 
0 
0 
0 
0 
0 
0 
0 
0 
0 
0 
0 
0 
0 
0 
0 
0 
0 
0 
0 
0 
0 
0 
0 
0 
0 
0 
0 
0 
0 
0 
0 
0 
0 
0 
0 
0 
0 
0 
0 
0 
0 
0 
0 
0 
0 
0 
0 
0 
0 
0 
0 
0 
0 
0 
0 
0 
0 
0 
0 
0 
0 
0 
0 
0 
0 
0 
0 
0 
0 
0 
0 
0 
0 
0 
0 
0 
0 
0 
0 
0 
0 
0 
0 
0 
0 
0 
0 
0 
0 
0 
0 
0 
0 
0 
0 
0 
0 
0 
0 
0 
0 
0 
0 
0 
0 
0 
0 
0 
0 
0 
0 
0 
0 
0 
0 
0 
0 
0 
0 
0 
0 
0 
0 
0 
0 
0 
0 
0 
0 
0 
0 
0 
0 
0 
0 
0 
0 
0 
0 
0 
0 
0 
0 
0 
0 
0 
0 
0 
0 
0 
0 
0 
0 
0 
0 
0 
0 
0 
0 
0 
0 
0 
0 
0 
0 
0 
0 
0 
0 
0 
0 
0 
0 
0 
0 
0 
0 
0 
0 
0 
0 
0 
0 
0 
0 
0 
0 
0 
0 
0 
0 
0 
0 
0 
0 
0 
0 
0 
0 
0 
0 
0 
0 
0 
0 
0 
0 
0 
0 
0 
0 
0 
0 
0 
0 
0 
0 
0 
0 
0 
0 
0 
0 
0 
0 
0 
0 
0 
0 
0 
0 
0 
0 
0 
0 
0 
0 
0 
0 
0 
0 
0 
0 
0 
0 
0 
0 
0 
0 
0 
0 
0 
0 
0 
0 
0 
0 
0 
0 
0 
0 
0 
0 
0 
0 
0 
0 
0 
0 
0 
0 
0 
0 
0 
0 
0 
0 
0 
0 
0 
0 
0 
0 
0 
0 
0 
0 
0 
0 
0 
0 
0 
0 
0 
0 
0 
0 
0 
0 
0 
0 
0 
0 
0 
0 
0 
0 
0 
0 
0 
0 
0 
0 
0 
0 
0 
0 
0 
0 
0 
0 
0 
0 
0 
0 
0 
0 
0 
0 
0 
0 
0 
0 
0 
0 
0 
0 
0 
0 
0 
0 
0 
0 
0 
0 
0 
0 
0 
0 
0 
0 
0 
0 
0 
0 
0 
0 
0 
0 
0 
0 
0 
0 
0 
0 
0 
0 
0 
0 
0 
0 
0 
0 
0 
0 
0 
0 
0 
0 
0 
0 
0 
0 
0 
0 
0 
0 
0 
0 
0 
0 
0 
0 
0 
0 
0 
0 
0 
0 
0 
0 
0 
0 
0 
0 
0 
0 
0 
0 
0 
0 
0 
0 
0 
0 
0 
0 
0 
0 
0 
0 
0 
0 
0 
0 
0 
0 
0 
0 
0 
0 
0 
0 
0 
0 
0 
0 
0 
0 
0 
0 
0 
0 
0 
0 
0 
0 
0 
0 
0 
0 
0 
0 
0 
0 
0 
0 
0 
0 
0 
0 
0 
0 
0 
0 
0 
0 
0 
0 
0 
0 
0 
0 
0 
0 
0 
0 
0 
0 
0 
0 
0 
0 
0 
0 
0 
0 
0 
0 
0 
0 
0 
0 
0 
0 
0 
0 
0 
0 
0 
0 
0 
0 
0 
0 
0 
0 
0 
0 
0 
0 
0 
0 
0 
0 
0 
0 
0 
0 
0 
0 
0 
0 
0 
0 
0 
0 
0 
0 
0 
0 
0 
0 
0 
0 
0 
0 
0 
0 
0 
0 
0 
0 
0 
0 
0 
0 
0 
0 
0 
0 
0 
0 
0 
0 
0 
0 
0 
0 
0 
0 
0 
0 
0 
0 
0 
0 
0 
0 
0 
0 
0 
0 
0 
0 
0 
0 
0 
0 
0 
0 
0 
0 
0 
0 
0 
0 
0 
0 
0 
0 
0 
0 
0 
0 
0 
0 
0 
0 
0 
0 
0 
0 
0 
0 
0 
0 
0 
0 
0 
0 
0 
0 
0 
0 
0 
0 
0 
0 
0 
0 
0 
0 
0 
0 
0 
0 
0 
0 
0 
0 
0 
0 
0 
0 
0 
0 
0 
0 
0 
0 
0 
0 
0 
0 
0 
0 
0 
0 
0 
0 
0 
0 
0 
0 
0 
0 
0 
0 
0 
0 
0 
0 
0 
0 
0 
0 
0 
0 
0 
0 
0 
0 
0 
0 
0 
0 
0 
0 
0 
0 
0 
0 
0 
0 
0 
0 
0 
0 
0 
0 
0 
0 
0 
0 
0 
0 
0 
0 
0 
0 
0 
0 
0 
0 
0 
0 
0 
0 
0 
0 
0 
0 
0 
0 
0 
0 
0 
0 
0 
0 
0 
0 
0 
0 
0 
0 
0 
0 
0 
0 
0 
0 
0 
0 
0 
0 
0 
0 
0 
0 
0 
0 
0 
0 
0 
0 
0 
0 
0 
0 
0 
0 
0 
0 
0 
0 
0 
0 
0 
0 
0 
0 
0 
0 
0 
0 
0 
0 
0 
0 
0 
0 
0 
0 
0 
0 
0 
0 
0 
0 
0 
0 
0 
0 
0 
0 
0 
0 
0 
0 
0 
0 
0 
0 
0 
0 
0 
0 
0 
0 
0 
0 
0 
0 
0 
0 
0 
0 
0 
0 
0 
0 
0 
0 
0 
0 
0 
0 
0 
0 
0 
0 
0 
0 
0 
0 
0 
0 
0 
0 
0 
0 
0 
0 
0 
0 
0 
0 
0 
0 
0 
0 
0 
0 
0 
0 
0 
0 
0 
0 
0 
0 
0 
0 
0 
0 
0 
0 
0 
0 
0 
0 
0 
0 
0 
0 
0 
0 
0 
0 
0 
0 
0 
0 
0 
0 
0 
0 
0 
0 
0 
0 
0 
0 
0 
0 
0 
0 
0 
0 
0 
0 
0 
0 
0 
0 
0 
0 
0 
0 
0 
0 
0 
0 
0 
0 
0 
0 
0 
0 
0 
0 
0 
0 
0 
0 
0 
0 
0 
0 
0 
0 
0 
0 
0 
0 
0 
0 
0 
0 
0 
0 
0 
0 
0 
0 
0 
0 
0 
0 
0 
0 
0 
0 
0 
0 
0 
0 
0 
0 
0 
0 
0 
0 
0 
0 
0 
0 
0 
0 
0 
0 
0 
0 
0 
0 
0 
0 
0 
0 
0 
0 
0 
0 
0 
0 
0 
0 
0 
0 
0 
0 
0 
0 
0 
0 
0 
0 
0 
0 
0 
0 
0 
0 
0 
0 
0 
0 
0 
0 
0 
0 
0 
0 
0 
0 
0 
0 
0 
0 
0 
0 
0 
0 
0 
0 
0 
0 
0 
0 
0 
0 
0 
0 
0 
0 
0 
0 
0 
0 
0 
0 
0 
0 
0 
0 
0 
0 
0 
0 
0 
0 
0 
0 
0 
0 
0 
0 
0 
0 
0 
0 
0 
0 
0 
0 
0 
0 
0 
0 
0 
0 
0 
0 
0 
0 
0 
0 
0 
0 
0 
0 
0 
0 
0 
0 
0 
0 
0 
0 
0 
0 
0 
0 
0 
0 
0 
0 
0 
0 
0 
0 
0 
0 
0 
0 
0 
0 
0 
0 
0 
0 
0 
0 
0 
0 
0 
0 
0 
0 
0 
0 
0 
0 
0 
0 
0 
0 
0 
0 
0 
0 
0 
0 
0 
0 
0 
0 
0 
0 
0 
0 
0 
0 
0 
0 
0 
0 
0 
0 
0 
0 
0 
0 
0 
0 
0 
0 
0 
0 
0 
0 
0 
0 
0 
0 
0 
0 
0 
0 
0 
0 
0 
0 
0 
0 
0 
0 
0 
0 
0 
0 
0 
0 
0 
0 
0 
0 
0 
0 
0 
0 
0 
0 
0 
0 
0 
0 
0 
0 
0 
0 
0 
0 
0 
0 
0 
0 
0 
0 
0 
0 
0 
0 
0 
0 
0 
0 
0 
0 
0 
0 
0 
0 
0 
0 
0 
0 
0 
0 
0 
0 
0 
0 
0 
0 
0 
0 
0 
0 
0 
0 
0 
0 
0 
0 
0 
0 
0 
0 
0 
0 
0 
0 
0 
0 
0 
0 
0 
0 
0 
0 
0 
0 
0 
0 
0 
0 
0 
0 
0 
0 
0 
0 
0 
0 
0 
0 
0 
0 
0 
0 
0 
0 
0 
0 
0 
0 
0 
0 
0 
0 
0 
0 
0 
0 
0 
0 
0 
0 
0 
0 
0 
0 
0 
0 
0 
0 
0 
0 
0 
0 
0 
0 
0 
0 
0 
0 
0 
0 
0 
0 
0 
0 
0 
0 
0 
0 
0 
0 
0 
0 
0 
0 
0 
0 
0 
0 
0 
0 
0 
0 
0 
0 
0 
0 
0 
0 
0 
0 
0 
0 
0 
0 
0 
0 
0 
0 
0 
0 
0 
0 
0 
0 
0 
0 
0 
0 
0 
0 
0 
0 
0 
0 
0 
0 
0 
0 
0 
0 
0 
0 
0 
0 
0 
0 
0 
0 
0 
0 
0 
0 
0 
0 
0 
0 
0 
0 
0 
0 
0 
0 
0 
0 
0 
0 
0 
0 
0 
0 
0 
0 
0 
0 
0 
0 
0 
0 
0 
0 
0 
0 
0 
0 
0 
0 
0 
0 
0 
0 
0 
0 
0 
0 
0 
0 
0 
0 
0 
0 
0 
0 
0 
0 
0 
0 
0 
0 
0 
0 
0 
0 
0 
0 
0 
0 
0 
0 
0 
0 
0 
0 
0 
0 
0 
0 
0 
0 
0 
0 
0 
0 
0 
0 
0 
0 
0 
0 
0 
0 
0 
0 
0 
0 
0 
0 
0 
0 
0 
0 
0 
0 
0 
0 
0 
0 
0 
0 
0 
0 
0 
0 
0 
0 
0 
0 
0 
0 
0 
0 
0 
0 
0 
0 
0 
0 
0 
0 
0 
0 
0 
0 
0 
0 
0 
0 
0 
0 
0 
0 
0 
0 
0 
0 
0 
0 
0 
0 
0 
0 
0 
0 
0 
0 
0 
0 
0 
0 
0 
0 
0 
0 
0 
0 
0 
0 
0 
0 
0 
0 
0 
0 
0 
0 
0 
0 
0 
0 
0 
0 
0 
0 
0 
0 
0 
0 
0 
0 
0 
0 
0 
0 
0 
0 
0 
0 
0 
0 
0 
0 
0 
0 
0 
0 
0 
0 
0 
0 
0 
0 
0 
0 
0 
0 
0 
0 
0 
0 
0 
0 
0 
0 
0 
0 
0 
0 
0 
0 
0 
0 
0 
0 
0 
0 
0 
0 
0 
0 
0 
0 
0 
0 
0 
0 
0 
0 
0 
0 
0 
0 
0 
0 
0 
0 
0 
0 
0 
0 
0 
0 
0 
0 
0 
0 
0 
0 
0 
0 
0 
0 
0 
0 
0 
0 
0 
0 
0 
0 
0 
0 
0 
0 
0 
0 
0 
0 
0 
0 
0 
0 
0 
0 
0 
0 
0 
0 
0 
0 
0 
0 
0 
0 
0 
0 
0 
0 
0 
0 
0 
0 
0 
0 
0 
0 
0 
0 
0 
0 
0 
0 
0 
0 
0 
0 
0 
0 
0 
0 
0 
0 
0 
0 
0 
0 
0 
0 
0 
0 
0 
0 
0 
0 
0 
0 
0 
0 
0 
0 
0 
0 
0 
0 
0 
0 
0 
0 
0 
0 
0 
0 
0 
0 
0 
0 
0 
0 
0 
0 
0 
0 
0 
0 
0 
0 
0 
0 
0 
0 
0 
0 
0 
0 
0 
0 
0 
0 
0 
0 
0 
0 
0 
0 
0 
0 
0 
0 
0 
0 
0 
0 
0 
0 
0 
0 
0 
0 
0 
0 
0 
0 
0 
0 
0 
0 
0 
0 
0 
0 
0 
0 
0 
0 
0 
0 
0 
0 
0 
0 
0 
0 
0 
0 
0 
0 
0 
0 
0 
0 
0 
0 
0 
0 
0 
0 
0 
0 
0 
0 
0 
0 
0 
0 
0 
0 
0 
0 
0 
0 
0 
0 
0 
0 
0 
0 
0 
0 
0 
0 
0 
0 
0 
0 
0 
0 
0 
0 
0 
0 
0 
0 
0 
0 
0 
0 
0 
0 
0 
0 
0 
0 
0 
0 
0 
0 
0 
0 
0 
0 
0 
0 
0 
0 
0 
0 
0 
0 
0 
0 
0 
0 
0 
0 
0 
0 
0 
0 
0 
0 
0 
0 
0 
0 
0 
0 
0 
0 
0 
0 
0 
0 
0 
0 
0 
0 
0 
0 
0 
0 
0 
0 
0 
0 
0 
0 
0 
0 
0 
0 
0 
0 
0 
0 
0 
0 
0 
0 
0 
0 
0 
0 
0 
0 
0 
0 
0 
0 
0 
0 
0 
0 
0 
0 
0 
0 
0 
0 
0 
0 
0 
0 
0 
0 
0 
0 
0 
0 
0 
0 
0 
0 
0 
0 
0 
0 
0 
0 
0 
0 
0 
0 
0 
0 
0 
0 
0 
0 
0 
0 
0 
0 
0 
0 
0 
0 
0 
0 
0 
0 
0 
0 
0 
0 
0 
0 
0 
0 
0 
0 
0 
0 
0 
0 
0 
0 
0 
0 
0 
0 
0 
0 
0 
0 
0 
0 
0 
0 
0 
0 
0 
0 
0 
0 
0 
0 
0 
0 
0 
0 
0 
0 
0 
0 
0 
0 
0 
0 
0 
0 
0 
0 
0 
0 
0 
0 
0 
0 
0 
0 
0 
0 
0 
0 
0 
0 
0 
0 
0 
0 
0 
0 
0 
0 
0 
0 
0 
0 
0 
0 
0 
0 
0 
0 
0 
0 
0 
0 
0 
0 
0 
0 
0 
0 
0 
0 
0 
0 
0 
0 
0 
0 
0 
0 
0 
0 
0 
0 
0 
0 
0 
0 
0 
0 
0 
0 
0 
0 
0 
0 
0 
0 
0 
0 
0 
0 
0 
0 
0 
0 
0 
0 
0 
0 
0 
0 
0 
0 
0 
0 
0 
0 
0 
0 
0 
0 
0 
0 
0 
0 
0 
0 
0 
0 
0 
0 
0 
0 
0 
0 
0 
0 
0 
0 
0 
0 
0 
0 
0 
0 
0 
0 
0 
0 
0 
0 
0 
0 
0 
0 
0 
0 
0 
0 
0 
0 
0 
0 
0 
0 
0 
0 
0 
0 
0 
0 
0 
0 
0 
0 
0 
0 
0 
0 
0 
0 
0 
0 
0 
0 
0 
0 
0 
0 
0 
0 
0 
0 
0 
0 
0 
0 
0 
0 
0 
0 
0 
0 
0 
0 
0 
0 
0 
0 
0 
0 
0 
0 
0 
0 
0 
0 
0 
0 
0 
0 
0 
0 
0 
0 
0 
0 
0 
0 
0 
0 
0 
0 
0 
0 
0 
0 
0 
0 
0 
0 
0 
0 
0 
0 
0 
0 
0 
0 
0 
0 
0 
0 
0 
0 
0 
0 
0 
0 
0 
0 
0 
0 
0 
0 
0 
0 
0 
0 
0 
0 
0 
0 
0 
0 
0 
0 
0 
0 
0 
0 
0 
0 
0 
0 
0 
0 
0 
0 
0 
0 
0 
0 
0 
0 
0 
0 
0 
0 
0 
0 
0 
0 
0 
0 
0 
0 
0 
0 
0 
0 
0 
0 
0 
0 
0 
0 
0 
0 
0 
0 
0 
0 
0 
0 
0 
0 
0 
0 
0 
0 
0 
0 
0 
0 
0 
0 
0 
0 
0 
0 
0 
0 
0 
0 
0 
0 
0 
0 
0 
0 
0 
0 
0 
0 
0 
0 
0 
0 
0 
0 
0 
0 
0 
0 
0 
0 
0 
0 
0 
0 
0 
0 
0 
0 
0 
0 
0 
0 
0 
0 
0 
0 
0 
0 
0 
0 
0 
0 
0 
0 
0 
0 
0 
0 
0 
0 
0 
0 
0 
0 
0 
0 
0 
0 
0 
0 
0 
0 
0 
0 
0 
0 
0 
0 
0 
0 
0 
0 
0 
0 
0 
0 
0 
0 
0 
0 
0 
0 
0 
0 
0 
0 
0 
0 
0 
0 
0 
0 
0 
0 
0 
0 
0 
0 
0 
0 
0 
0 
0 
0 
0 
0 
0 
0 
0 
0 
0 
0 
0 
0 
0 
0 
0 
0 
0 
0 
0 
0 
0 
0 
0 
0 
0 
0 
0 
0 
0 
0 
0 
0 
0 
0 
0 
0 
0 
0 
0 
0 
0 
0 
0 
0 
0 
0 
0 
0 
0 
0 
0 
0 
0 
0 
0 
0 
0 
0 
0 
0 
0 
0 
0 
0 
0 
0 
0 
0 
0 
0 
0 
0 
0 
0 
0 
0 
0 
0 
0 
0 
0 
0 
0 
0 
0 
0 
0 
0 
0 
0 
0 
0 
0 
0 
0 
0 
0 
0 
0 
0 
0 
0 
0 
0 
0 
0 
0 
0 
0 
0 
0 
0 
0 
0 
0 
0 
0 
0 
0 
0 
0 
0 
0 
0 
0 
0 
0 
0 
0 
0 
0 
0 
0 
0 
0 
0 
0 
0 
0 
0 
0 
0 
0 
0 
0 
0 
0 
0 
0 
0 
0 
0 
0 
0 
0 
0 
0 
0 
0 
0 
0 
0 
0 
0 
0 
0 
0 
0 
0 
0 
0 
0 
0 
0 
0 
0 
0 
0 
0 
0 
0 
0 
0 
0 
0 
0 
0 
0 
0 
0 
0 
0 
0 
0 
0 
0 
0 
0 
0 
0 
0 
0 
0 
0 
0 
0 
0 
0 
0 
0 
0 
0 
0 
0 
0 
0 
0 
0 
0 
0 
0 
0 
0 
0 
0 
0 
0 
0 
0 
0 
0 
0 
0 
0 
0 
0 
0 
0 
0 
0 
0 
0 
0 
0 
0 
0 
0 
0 
0 
0 
0 
0 
0 
0 
0 
0 
0 
0 
0 
0 
0 
0 
0 
0 
0 
0 
0 
0 
0 
0 
0 
0 
0 
0 
0 
0 
0 
0 
0 
0 
0 
0 
0 
0 
0 
0 
0 
0 
0 
0 
0 
0 
0 
0 
0 
0 
0 
0 
0 
0 
0 
0 
0 
0 
0 
0 
0 
0 
0 
0 
0 
0 
0 
0 
0 
0 
0 
0 
0 
0 
0 
0 
0 
0 
0 
0 
0 
0 
0 
0 
0 
0 
0 
0 
0 
0 
0 
0 
0 
0 
0 
0 
0 
0 
0 
0 
0 
0 
0 
0 
0 
0 
0 
0 
0 
0 
0 
0 
0 
0 
0 
0 
0 
0 
0 
0 
0 
0 
0 
0 
0 
0 
0 
0 
0 
0 
0 
0 
0 
0 
0 
0 
0 
0 
0 
0 
0 
0 
0 
0 
0 
0 
0 
0 
0 
0 
0 
0 
0 
0 
0 
0 
0 
0 
0 
0 
0 
0 
0 
0 
0 
0 
0 
0 
0 
0 
0 
0 
0 
0 
0 
0 
0 
0 
0 
0 
0 
0 
0 
0 
0 
0 
0 
0 
0 
0 
0 
0 
0 
0 
0 
0 
0 
0 
0 
0 
0 
0 
0 
0 
0 
0 
0 
0 
0 
0 
0 
0 
0 
0 
0 
0 
0 
0 
0 
0 
0 
0 
0 
0 
0 
0 
0 
0 
0 
0 
0 
0 
0 
0 
0 
0 
0 
0 
0 
0 
0 
0 
0 
0 
0 
0 
0 
0 
0 
0 
0 
0 
0 
0 
0 
0 
0 
0 
0 
0 
0 
0 
0 
0 
0 
0 
0 
0 
0 
0 
0 
0 
0 
0 
0 
0 
0 
0 
0 
0 
0 
0 
0 
0 
0 
0 
0 
0 
0 
0 
0 
0 
0 
0 
0 
0 
0 
0 
0 
0 
0 
0 
0 
0 
0 
0 
0 
0 
0 
0 
0 
0 
0 
0 
0 
0 
0 
0 
0 
0 
0 
0 
0 
0 
0 
0 
0 
0 
0 
0 
0 
0 
0 
0 
0 
0 
0 
0 
0 
0 
0 
0 
0 
0 
0 
0 
0 
0 
0 
0 
0 
0 
0 
0 
0 
0 
0 
0 
0 
0 
0 
0 
0 
0 
0 
0 
0 
0 
0 
0 
0 
0 
0 
0 
0 
0 
0 
0 
0 
0 
0 
0 
0 
0 
0 
0 
0 
0 
0 
0 
0 
0 
0 
0 
0 
0 
0 
0 
0 
0 
0 
0 
0 
0 
0 
0 
0 
0 
0 
0 
0 
0 
0 
0 
0 
0 
0 
0 
0 
0 
0 
0 
0 
0 
0 
0 
0 
0 
0 
0 
0 
0 
0 
0 
0 
0 
0 
0 
0 
0 
0 
0 
0 
0 
0 
0 
0 
0 
0 
0 
0 
0 
0 
0 
0 
0 
0 
0 
0 
0 
0 
0 
0 
0 
0 
0 
0 
0 
0 
0 
0 
0 
0 
0 
0 
0 
0 
0 
0 
0 
0 
0 
0 
0 
0 
0 
0 
0 
0 
0 
0 
0 
0 
0 
0 
0 
0 
0 
0 
0 
0 
0 
0 
0 
0 
0 
0 
0 
0 
0 
0 
0 
0 
0 
0 
0 
0 
0 
0 
0 
0 
0 
0 
0 
0 
0 
0 
0 
0 
0 
0 
0 
0 
0 
0 
0 
0 
0 
0 
0 
0 
0 
0 
0 
0 
0 
0 
0 
0 
0 
0 
0 
0 
0 
0 
0 
0 
0 
0 
0 
0 
0 
0 
0 
0 
0 
0 
0 
0 
0 
0 
0 
0 
0 
0 
0 
0 
0 
0 
0 
0 
0 
0 
0 
0 
0 
0 
0 
0 
0 
0 
0 
0 
0 
0 
0 
0 
0 
0 
0 
0 
0 
0 
0 
0 
0 
0 
0 
0 
0 
0 
0 
0 
0 
0 
0 
0 
0 
0 
0 
0 
0 
0 
0 
0 
0 
0 
0 
0 
0 
0 
0 
0 
0 
0 
0 
0 
0 
0 
0 
0 
0 
0 
0 
0 
0 
0 
0 
0 
0 
0 
0 
0 
0 
0 
0 
0 
0 
0 
0 
0 
0 
0 
0 
0 
0 
0 
0 
0 
0 
0 
0 
0 
0 
0 
0 
0 
0 
0 
0 
0 
0 
0 
0 
0 
0 
0 
0 
0 
0 
0 
0 
0 
0 
0 
0 
0 
0 
0 
0 
0 
0 
0 
0 
0 
0 
0 
0 
0 
0 
0 
0 
0 
0 
0 
0 
0 
0 
0 
0 
0 
0 
0 
0 
0 
0 
0 
0 
0 
0 
0 
0 
0 
0 
0 
0 
0 
0 
0 
0 
0 
0 
0 
0 
0 
0 
0 
0 
0 
0 
0 
0 
0 
0 
0 
0 
0 
0 
0 
0 
0 
0 
0 
0 
0 
0 
0 
0 
0 
0 
0 
0 
0 
0 
0 
0 
0 
0 
0 
0 
0 
0 
0 
0 
0 
0 
0 
0 
0 
0 
0 
0 
0 
0 
0 
0 
0 
0 
0 
0 
0 
0 
0 
0 
0 
0 
0 
0 
0 
0 
0 
0 
0 
0 
0 
0 
0 
0 
0 
0 
0 
0 
0 
0 
0 
0 
0 
0 
0 
0 
0 
0 
0 
0 
0 
0 
0 
0 
0 
0 
0 
0 
0 
0 
0 
0 
0 
0 
0 
0 
0 
0 
0 
0 
0 
0 
0 
0 
0 
0 
0 
0 
0 
0 
0 
0 
0 
0 
0 
0 
0 
0 
0 
0 
0 
0 
0 
0 
0 
0 
0 
0 
0 
0 
0 
0 
0 
0 
0 
0 
0 
0 
0 
0 
0 
0 
0 
0 
0 
0 
0 
0 
0 
0 
0 
0 
0 
0 
0 
0 
0 
0 
0 
0 
0 
0 
0 
0 
0 
0 
0 
0 
0 
0 
0 
0 
0 
0 
0 
0 
0 
0 
0 
0 
0 
0 
0 
0 
0 
0 
0 
0 
0 
0 
0 
0 
0 
0 
0 
0 
0 
0 
0 
0 
0 
0 
0 
0 
0 
0 
0 
0 
0 
0 
0 
0 
0 
0 
0 
0 
0 
0 
0 
0 
0 
0 
0 
0 
0 
0 
0 
0 
0 
0 
0 
0 
0 
0 
0 
0 
0 
0 
0 
0 
0 
0 
0 
0 
0 
0 
0 
0 
0 
0 
0 
0 
0 
0 
0 
0 
0 
0 
0 
0 
0 
0 
0 
0 
0 
0 
0 
0 
0 
0 
0 
0 
0 
0 
0 
0 
0 
0 
0 
0 
0 
0 
0 
0 
0 
0 
0 
0 
0 
0 
0 
0 
0 
0 
0 
0 
0 
0 
0 
0 
0 
0 
0 
0 
0 
0 
0 
0 
0 
0 
0 
0 
0 
0 
0 
0 
0 
0 
0 
0 
0 
0 
0 
0 
0 
0 
0 
0 
0 
0 
0 
0 
0 
0 
0 
0 
0 
0 
0 
0 
0 
0 
0 
0 
0 
0 
0 
0 
0 
0 
0 
0 
0 
0 
0 
0 
0 
0 
0 
0 
0 
0 
0 
0 
0 
0 
0 
0 
0 
0 
0 
0 
0 
0 
0 
0 
0 
0 
0 
0 
0 
0 
0 
0 
0 
0 
0 
0 
0 
0 
0 
0 
0 
0 
0 
0 
0 
0 
0 
0 
0 
0 
0 
0 
0 
0 
0 
0 
0 
0 
0 
0 
0 
0 
0 
0 
0 
0 
0 
0 
0 
0 
0 
0 
0 
0 
0 
0 
0 
0 
0 
0 
0 
0 
0 
0 
0 
0 
0 
0 
0 
0 
0 
0 
0 
0 
0 
0 
0 
0 
0 
0 
0 
0 
0 
0 
0 
0 
0 
0 
0 
0 
0 
0 
0 
0 
0 
0 
0 
0 
0 
0 
0 
0 
0 
0 
0 
0 
0 
0 
0 
0 
0 
0 
0 
0 
0 
0 
0 
0 
0 
0 
0 
0 
0 
0 
0 
0 
0 
0 
0 
0 
0 
0 
0 
0 
0 
0 
0 
0 
0 
0 
0 
0 
0 
0 
0 
0 
0 
0 
0 
0 
0 
0 
0 
0 
0 
0 
0 
0 
0 
0 
0 
0 
0 
0 
0 
0 
0 
0 
0 
0 
0 
0 
0 
0 
0 
0 
0 
0 
0 
0 
0 
0 
0 
0 
0 
0 
0 
0 
0 
0 
0 
0 
0 
0 
0 
0 
0 
0 
0 
0 
0 
0 
0 
0 
0 
0 
0 
0 
0 
0 
0 
0 
0 
0 
0 
0 
0 
0 
0 
0 
0 
0 
0 
0 
0 
0 
0 
0 
0 
0 
0 
0 
0 
0 
0 
0 
0 
0 
0 
0 
0 
0 
0 
0 
0 
0 
0 
0 
0 
0 
0 
0 
0 
0 
0 
0 
0 
0 
0 
0 
0 
0 
0 
0 
0 
0 
0 
0 
0 
0 
0 
0 
0 
0 
0 
0 
0 
0 
0 
0 
0 
0 
0 
0 
0 
0 
0 
0 
0 
0 
0 
0 
0 
0 
0 
0 
0 
0 
0 
0 
0 
0 
0 
0 
0 
0 
0 
0 
0 
0 
0 
0 
0 
0 
0 
0 
0 
0 
0 
0 
0 
0 
0 
0 
0 
0 
0 
0 
0 
0 
0 
0 
0 
0 
0 
0 
0 
0 
0 
0 
0 
0 
0 
0 
0 
0 
0 
0 
0 
0 
0 
0 
0 
0 
0 
0 
0 
0 
0 
0 
0 
0 
0 
0 
0 
0 
0 
0 
0 
0 
0 
0 
0 
0 
0 
0 
0 
0 
0 
0 
0 
0 
0 
0 
0 
0 
0 
0 
0 
0 
0 
0 
0 
0 
0 
0 
0 
0 
0 
0 
0 
0 
0 
0 
0 
0 
0 
0 
0 
0 
0 
0 
0 
0 
0 
0 
0 
0 
0 
0 
0 
0 
0 
0 
0 
0 
0 
0 
0 
0 
0 
0 
0 
0 
0 
0 
0 
0 
0 
0 
0 
0 
0 
0 
0 
0 
0 
0 
0 
0 
0 
0 
0 
0 
0 
0 
0 
0 
0 
0 
0 
0 
0 
0 
0 
0 
0 
0 
0 
0 
0 
0 
0 
0 
0 
0 
0 
0 
0 
0 
0 
0 
0 
0 
0 
0 
0 
0 
0 
0 
0 
0 
0 
0 
0 
0 
0 
0 
0 
0 
0 
0 
0 
0 
0 
0 
0 
0 
0 
0 
0 
0 
0 
0 
0 
0 
0 
0 
0 
0 
0 
0 
0 
0 
0 
0 
0 
0 
0 
0 
0 
0 
0 
0 
0 
0 
0 
0 
0 
0 
0 
0 
0 
0 
0 
0 
0 
0 
0 
0 
0 
0 
0 
0 
0 
0 
0 
0 
0 
0 
0 
0 
0 
0 
0 
0 
0 
0 
0 
0 
0 
0 
0 
0 
0 
0 
0 
0 
0 
0 
0 
0 
0 
0 
0 
0 
0 
0 
0 
0 
0 
0 
0 
0 
0 
0 
0 
0 
0 
0 
0 
0 
0 
0 
0 
0 
0 
0 
0 
0 
0 
0 
0 
0 
0 
0 
0 
0 
0 
0 
0 
0 
0 
0 
0 
0 
0 
0 
0 
0 
0 
0 
0 
0 
0 
0 
0 
0 
0 
0 
0 
0 
0 
0 
0 
0 
0 
0 
0 
0 
0 
0 
0 
0 
0 
0 
0 
0 
0 
0 
0 
0 
0 
0 
0 
0 
0 
0 
0 
0 
0 
0 
0 
0 
0 
0 
0 
0 
0 
0 
0 
0 
0 
0 
0 
0 
0 
0 
0 
0 
0 
0 
0 
0 
0 
0 
0 
0 
0 
0 
0 
0 
0 
0 
0 
0 
0 
0 
0 
0 
0 
0 
0 
0 
0 
0 
0 
0 
0 
0 
0 
0 
0 
0 
0 
0 
0 
0 
0 
0 
0 
0 
0 
0 
0 
0 
0 
0 
0 
0 
0 
0 
0 
0 
0 
0 
0 
0 
0 
0 
0 
0 
0 
0 
0 
0 
0 
0 
0 
0 
0 
0 
0 
0 
0 
0 
0 
0 
0 
0 
0 
0 
0 
0 
0 
0 
0 
0 
0 
0 
0 
0 
0 
0 
0 
0 
0 
0 
0 
0 
0 
0 
0 
0 
0 
0 
0 
0 
0 
0 
0 
0 
0 
0 
0 
0 
0 
0 
0 
0 
0 
0 
0 
0 
0 
0 
0 
0 
0 
0 
0 
0 
0 
0 
0 
0 
0 
0 
0 
0 
0 
0 
0 
0 
0 
0 
0 
0 
0 
0 
0 
0 
0 
0 
0 
0 
0 
0 
0 
0 
0 
0 
0 
0 
0 
0 
0 
0 
0 
0 
0 
0 
0 
0 
0 
0 
0 
0 
0 
0 
0 
0 
0 
0 
0 
0 
0 
0 
0 
0 
0 
0 
0 
0 
0 
0 
0 
0 
0 
0 
0 
0 
0 
0 
0 
0 
0 
0 
0 
0 
0 
0 
0 
0 
0 
0 
0 
0 
0 
0 
0 
0 
0 
0 
0 
0 
0 
0 
0 
0 
0 
0 
0 
0 
0 
0 
0 
0 
0 
0 
0 
0 
0 
0 
0 
0 
0 
0 
0 
0 
0 
0 
0 
0 
0 
0 
0 
0 
0 
0 
0 
0 
0 
0 
0 
0 
0 
0 
0 
0 
0 
0 
0 
0 
0 
0 
0 
0 
0 
0 
0 
0 
0 
0 
0 
0 
0 
0 
0 
0 
0 
0 
0 
0 
0 
0 
0 
0 
0 
0 
0 
0 
0 
0 
0 
0 
0 
0 
0 
0 
0 
0 
0 
0 
0 
0 
0 
0 
0 
0 
0 
0 
0 
0 
0 
0 
0 
0 
0 
0 
0 
0 
0 
0 
0 
0 
0 
0 
0 
0 
0 
0 
0 
0 
0 
0 
0 
0 
0 
0 
0 
0 
0 
0 
0 
0 
0 
0 
0 
0 
0 
0 
0 
0 
0 
0 
0 
0 
0 
0 
0 
0 
0 
0 
0 
0 
0 
0 
0 
0 
0 
0 
0 
0 
0 
0 
0 
0 
0 
0 
0 
0 
0 
0 
0 
0 
0 
0 
0 
0 
0 
0 
0 
0 
0 
0 
0 
0 
0 
0 
0 
0 
0 
0 
0 
0 
0 
0 
0 
0 
0 
0 
0 
0 
0 
0 
0 
0 
0 
0 
0 
0 
0 
0 
0 
0 
0 
0 
0 
0 
0 
0 
0 
0 
0 
0 
0 
0 
0 
0 
0 
0 
0 
0 
0 
0 
0 
0 
0 
0 
0 
0 
0 
0 
0 
0 
0 
0 
0 
0 
0 
0 
0 
0 
0 
0 
0 
0 
0 
0 
0 
0 
0 
0 
0 
0 
0 
0 
0 
0 
0 
0 
0 
0 
0 
0 
0 
0 
0 
0 
0 
0 
0 
0 
0 
0 
0 
0 
0 
0 
0 
0 
0 
0 
0 
0 
0 
0 
0 
0 
0 
0 
0 
0 
0 
0 
0 
0 
0 
0 
0 
0 
0 
0 
0 
0 
0 
0 
0 
0 
0 
0 
0 
0 
0 
0 
0 
0 
0 
0 
0 
0 
0 
0 
0 
0 
0 
0 
0 
0 
0 
0 
0 
0 
0 
0 
0 
0 
0 
0 
0 
0 
0 
0 
0 
0 
0 
0 
0 
0 
0 
0 
0 
0 
0 
0 
0 
0 
0 
0 
0 
0 
0 
0 
0 
0 
0 
0 
0 
0 
0 
0 
0 
0 
0 
0 
0 
0 
0 
0 
0 
0 
0 
0 
0 
0 
0 
0 
0 
0 
0 
0 
0 
0 
0 
0 
0 
0 
0 
0 
0 
0 
0 
0 
0 
0 
0 
0 
0 
0 
0 
0 
0 
0 
0 
0 
0 
0 
0 
0 
0 
0 
0 
0 
0 
0 
0 
0 
0 
0 
0 
0 
0 
0 
0 
0 
0 
0 
0 
0 
0 
0 
0 
0 
0 
0 
0 
0 
0 
0 
0 
0 
0 
0 
0 
0 
0 
0 
0 
0 
0 
0 
0 
0 
0 
0 
0 
0 
0 
0 
0 
0 
0 
0 
0 
0 
0 
0 
0 
0 
0 
0 
0 
0 
0 
0 
0 
0 
0 
0 
0 
0 
0 
0 
0 
0 
0 
0 
0 
0 
0 
0 
0 
0 
0 
0 
0 
0 
0 
0 
0 
0 
0 
0 
0 
0 
0 
0 
0 
0 
0 
0 
0 
0 
0 
0 
0 
0 
0 
0 
0 
0 
0 
0 
0 
0 
0 
0 
0 
0 
0 
0 
0 
0 
0 
0 
0 
0 
0 
0 
0 
0 
0 
0 
0 
0 
0 
0 
0 
0 
0 
0 
0 
0 
0 
0 
0 
0 
0 
0 
0 
0 
0 
0 
0 
0 
0 
0 
0 
0 
0 
0 
0 
0 
0 
0 
0 
0 
0 
0 
0 
0 
0 
0 
0 
0 
0 
0 
0 
0 
0 
0 
0 
0 
0 
0 
0 
0 
0 
0 
0 
0 
0 
0 
0 
0 
0 
0 
0 
0 
0 
0 
0 
0 
0 
0 
0 
0 
0 
0 
0 
0 
0 
0 
0 
0 
0 
0 
0 
0 
0 
0 
0 
0 
0 
0 
0 
0 
0 
0 
0 
0 
0 
0 
0 
0 
0 
0 
0 
0 
0 
0 
0 
0 
0 
0 
0 
0 
0 
0 
0 
0 
0 
0 
0 
0 
0 
0 
0 
0 
0 
0 
0 
0 
0 
0 
0 
0 
0 
0 
0 
0 
0 
0 
0 
0 
0 
0 
0 
0 
0 
0 
0 
0 
0 
0 
0 
0 
0 
0 
0 
0 
0 
0 
0 
0 
0 
0 
0 
0 
0 
0 
0 
0 
0 
0 
0 
0 
0 
0 
0 
0 
0 
0 
0 
0 
0 
0 
0 
0 
0 
0 
0 
0 
0 
0 
0 
0 
0 
0 
0 
0 
0 
0 
0 
0 
0 
0 
0 
0 
0 
0 
0 
0 
0 
0 
0 
0 
0 
0 
0 
0 
0 
0 
0 
0 
0 
0 
0 
0 
0 
0 
0 
0 
0 
0 
0 
0 
0 
0 
0 
0 
0 
0 
0 
0 
0 
0 
0 
0 
0 
0 
0 
0 
0 
0 
0 
0 
0 
0 
0 
0 
0 
0 
0 
0 
0 
0 
0 
0 
0 
0 
0 
0 
0 
0 
0 
0 
0 
0 
0 
0 
0 
0 
0 
0 
0 
0 
0 
0 
0 
0 
0 
0 
0 
0 
0 
0 
0 
0 
0 
0 
0 
0 
0 
0 
0 
0 
0 
0 
0 
0 
0 
0 
0 
0 
0 
0 
0 
0 
0 
0 
0 
0 
0 
0 
0 
0 
0 
0 
0 
0 
0 
0 
0 
0 
0 
0 
0 
0 
0 
0 
0 
0 
0 
0 
0 
0 
0 
0 
0 
0 
0 
0 
0 
0 
0 
0 
0 
0 
0 
0 
0 
0 
0 
0 
0 
0 
0 
0 
0 
0 
0 
0 
0 
0 
0 
0 
0 
0 
0 
0 
0 
0 
0 
0 
0 
0 
0 
0 
0 
0 
0 
0 
0 
0 
0 
0 
0 
0 
0 
0 
0 
0 
0 
0 
0 
0 
0 
0 
0 
0 
0 
0 
0 
0 
0 
0 
0 
0 
0 
0 
0 
0 
0 
0 
0 
0 
0 
0 
0 
0 
0 
0 
0 
0 
0 
0 
0 
0 
0 
0 
0 
0 
0 
0 
0 
0 
0 
0 
0 
0 
0 
0 
0 
0 
0 
0 
0 
0 
0 
0 
0 
0 
0 
0 
0 
0 
0 
0 
0 
0 
0 
0 
0 
0 
0 
0 
0 
0 
0 
0 
0 
0 
0 
0 
0 
0 
0 
0 
0 
0 
0 
0 
0 
0 
0 
0 
0 
0 
0 
0 
0 
0 
0 
0 
0 
0 
0 
0 
0 
0 
0 
0 
0 
0 
0 
0 
0 
0 
0 
0 
0 
0 
0 
0 
0 
0 
0 
0 
0 
0 
0 
0 
0 
0 
0 
0 
0 
0 
0 
0 
0 
0 
0 
0 
0 
0 
0 
0 
0 
0 
0 
0 
0 
0 
0 
0 
0 
0 
0 
0 
0 
0 
0 
0 
0 
0 
0 
0 
0 
0 
0 
0 
0 
0 
0 
0 
0 
0 
0 
0 
0 
0 
0 
0 
0 
0 
0 
0 
0 
0 
0 
0 
0 
0 
0 
0 
0 
0 
0 
0 
0 
0 
0 
0 
0 
0 
0 
0 
0 
0 
0 
0 
0 
0 
0 
0 
0 
0 
0 
0 
0 
0 
0 
0 
0 
0 
0 
0 
0 
0 
0 
0 
0 
0 
0 
0 
0 
0 
0 
0 
0 
0 
0 
0 
0 
0 
0 
0 
0 
0 
0 
0 
0 
0 
0 
0 
0 
0 
0 
0 
0 
0 
0 
0 
0 
0 
0 
0 
0 
0 
0 
0 
0 
0 
0 
0 
0 
0 
0 
0 
0 
0 
0 
0 
0 
0 
0 
0 
0 
0 
0 
0 
0 
0 
0 
0 
0 
0 
0 
0 
0 
0 
0 
0 
0 
0 
0 
0 
0 
0 
0 
0 
0 
0 
0 
0 
0 
0 
0 
0 
0 
0 
0 
0 
0 
0 
0 
0 
0 
0 
0 
0 
0 
0 
0 
0 
0 
0 
0 
0 
0 
0 
0 
0 
0 
0 
0 
0 
0 
0 
0 
0 
0 
0 
0 
0 
0 
0 
0 
0 
0 
0 
0 
0 
0 
0 
0 
0 
0 
0 
0 
0 
0 
0 
0 
0 
0 
0 
0 
0 
0 
0 
0 
0 
0 
0 
0 
0 
0 
0 
0 
0 
0 
0 
0 
0 
0 
0 
0 
0 
0 
0 
0 
0 
0 
0 
0 
0 
0 
0 
0 
0 
0 
0 
0 
0 
0 
0 
0 
0 
0 
0 
0 
0 
0 
0 
0 
0 
0 
0 
0 
0 
0 
0 
0 
0 
0 
0 
0 
0 
0 
0 
0 
0 
0 
0 
0 
0 
0 
0 
0 
0 
0 
0 
0 
0 
0 
0 
0 
0 
0 
0 
0 
0 
0 
0 
0 
0 
0 
0 
0 
0 
0 
0 
0 
0 
0 
0 
0 
0 
0 
0 
0 
0 
0 
0 
0 
0 
0 
0 
0 
0 
0 
0 
0 
0 
0 
0 
0 
0 
0 
0 
0 
0 
0 
0 
0 
0 
0 
0 
0 
0 
0 
0 
0 
0 
0 
0 
0 
0 
0 
0 
0 
0 
0 
0 
0 
0 
0 
0 
0 
0 
0 
0 
0 
0 
0 
0 
0 
0 
0 
0 
0 
0 
0 
0 
0 
0 
0 
0 
0 
0 
0 
0 
0 
0 
0 
0 
0 
0 
0 
0 
0 
0 
0 
0 
0 
0 
0 
0 
0 
0 
0 
0 
0 
0 
0 
0 
0 
0 
0 
0 
0 
0 
0 
0 
0 
0 
0 
0 
0 
0 
0 
0 
0 
0 
0 
0 
0 
0 
0 
0 
0 
0 
0 
0 
0 
0 
0 
0 
0 
0 
0 
0 
0 
0 
0 
0 
0 
0 
0 
0 
0 
0 
0 
0 
0 
0 
0 
0 
0 
0 
0 
0 
0 
0 
0 
0 
0 
0 
0 
0 
0 
0 
0 
0 
0 
0 
0 
0 
0 
0 
0 
0 
0 
0 
0 
0 
0 
0 
0 
0 
0 
0 
0 
0 
0 
0 
0 
0 
0 
0 
0 
0 
0 
0 
0 
0 
0 
0 
0 
0 
0 
0 
0 
0 
0 
0 
0 
0 
0 
0 
0 
0 
0 
0 
0 
0 
0 
0 
0 
0 
0 
0 
0 
0 
0 
0 
0 
0 
0 
0 
0 
0 
0 
0 
0 
0 
0 
0 
0 
0 
0 
0 
0 
0 
0 
0 
0 
0 
0 
0 
0 
0 
0 
0 
0 
0 
0 
0 
0 
0 
0 
0 
0 
0 
0 
0 
0 
0 
0 
0 
0 
0 
0 
0 
0 
0 
0 
0 
0 
0 
0 
0 
0 
0 
0 
0 
0 
0 
0 
0 
0 
0 
0 
0 
0 
0 
0 
0 
0 
0 
0 
0 
0 
0 
0 
0 
0 
0 
0 
0 
0 
0 
0 
0 
0 
0 
0 
0 
0 
0 
0 
0 
0 
0 
0 
0 
0 
0 
0 
0 
0 
0 
0 
0 
0 
0 
0 
0 
0 
0 
0 
0 
0 
0 
0 
0 
0 
0 
0 
0 
0 
0 
0 
0 
0 
0 
0 
0 
0 
0 
0 
0 
0 
0 
0 
0 
0 
0 
0 
0 
0 
0 
0 
0 
0 
0 
0 
0 
0 
0 
0 
0 
0 
0 
0 
0 
0 
0 
0 
0 
0 
0 
0 
0 
0 
0 
0 
0 
0 
0 
0 
0 
0 
0 
0 
0 
0 
0 
0 
0 
0 
0 
0 
0 
0 
0 
0 
0 
0 
0 
0 
0 
0 
0 
0 
0 
0 
0 
0 
0 
0 
0 
0 
0 
0 
0 
0 
0 
0 
0 
0 
0 
0 
0 
0 
0 
0 
0 
0 
0 
0 
0 
0 
0 
0 
0 
0 
0 
0 
0 
0 
0 
0 
0 
0 
0 
0 
0 
0 
0 
0 
0 
0 
0 
0 
0 
0 
0 
0 
0 
0 
0 
0 
0 
0 
0 
0 
0 
0 
0 
0 
0 
0 
0 
0 
0 
0 
0 
0 
0 
0 
0 
0 
0 
0 
0 
0 
0 
0 
0 
0 
0 
0 
0 
0 
0 
0 
0 
0 
0 
0 
0 
0 
0 
0 
0 
0 
0 
0 
0 
0 
0 
0 
0 
0 
0 
0 
0 
0 
0 
0 
0 
0 
0 
0 
0 
0 
0 
0 
0 
0 
0 
0 
0 
0 
0 
0 
0 
0 
0 
0 
0 
0 
0 
0 
0 
0 
0 
0 
0 
0 
0 
0 
0 
0 
0 
0 
0 
0 
0 
0 
0 
0 
0 
0 
0 
0 
0 
0 
0 
0 
0 
0 
0 
0 
0 
0 
0 
0 
0 
0 
0 
0 
0 
0 
0 
0 
0 
0 
0 
0 
0 
0 
0 
0 
0 
0 
0 
0 
0 
0 
0 
0 
0 
0 
0 
0 
0 
0 
0 
0 
0 
0 
0 
0 
0 
0 
0 
0 
0 
0 
0 
0 
0 
0 
0 
0 
0 
0 
0 
0 
0 
0 
0 
0 
0 
0 
0 
0 
0 
0 
0 
0 
0 
0 
0 
0 
0 
0 
0 
0 
0 
0 
0 
0 
0 
0 
0 
0 
0 
0 
0 
0 
0 
0 
0 
0 
0 
0 
0 
0 
0 
0 
0 
0 
0 
0 
0 
0 
0 
0 
0 
0 
0 
0 
0 
0 
0 
0 
0 
0 
0 
0 
0 
0 
0 
0 
0 
0 
0 
0 
0 
0 
0 
0 
0 
0 
0 
0 
0 
0 
0 
0 
0 
0 
0 
0 
0 
0 
0 
0 
0 
0 
0 
0 
0 
0 
0 
0 
0 
0 
0 
0 
0 
0 
0 
0 
0 
0 
0 
0 
0 
0 
0 
0 
0 
0 
0 
0 
0 
0 
0 
0 
0 
0 
0 
0 
0 
0 
0 
0 
0 
0 
0 
0 
0 
0 
0 
0 
0 
0 
0 
0 
0 
0 
0 
0 
0 
0 
0 
0 
0 
0 
0 
0 
0 
0 
0 
0 
0 
0 
0 
0 
0 
0 
0 
0 
0 
0 
0 
0 
0 
0 
0 
0 
0 
0 
0 
0 
0 
0 
0 
0 
0 
0 
0 
0 
0 
0 
0 
0 
0 
0 
0 
0 
0 
0 
0 
0 
0 
0 
0 
0 
0 
0 
0 
0 
0 
0 
0 
0 
0 
0 
0 
0 
0 
0 
0 
0 
0 
0 
0 
0 
0 
0 
0 
0 
0 
0 
0 
0 
0 
0 
0 
0 
0 
0 
0 
0 
0 
0 
0 
0 
0 
0 
0 
0 
0 
0 
0 
0 
0 
0 
0 
0 
0 
0 
0 
0 
0 
0 
0 
0 
0 
0 
0 
0 
0 
0 
0 
0 
0 
0 
0 
0 
0 
0 
0 
0 
0 
0 
0 
0 
0 
0 
0 
0 
0 
0 
0 
0 
0 
0 
0 
0 
0 
0 
0 
0 
0 
0 
0 
0 
0 
0 
0 
0 
0 
0 
0 
0 
0 
0 
0 
0 
0 
0 
0 
0 
0 
0 
0 
0 
0 
0 
0 
0 
0 
0 
0 
0 
0 
0 
0 
0 
0 
0 
0 
0 
0 
0 
0 
0 
0 
0 
0 
0 
0 
0 
0 
0 
0 
0 
0 
0 
0 
0 
0 
0 
0 
0 
0 
0 
0 
0 
0 
0 
0 
0 
0 
0 
0 
0 
0 
0 
0 
0 
0 
0 
0 
0 
0 
0 
0 
0 
0 
0 
0 
0 
0 
0 
0 
0 
0 
0 
0 
0 
0 
0 
0 
0 
0 
0 
0 
0 
0 
0 
0 
0 
0 
0 
0 
0 
0 
0 
0 
0 
0 
0 
0 
0 
0 
0 
0 
0 
0 
0 
0 
0 
0 
0 
0 
0 
0 
0 
0 
0 
0 
0 
0 
0 
0 
0 
0 
0 
0 
0 
0 
0 
0 
0 
0 
0 
0 
0 
0 
0 
0 
0 
0 
0 
0 
0 
0 
0 
0 
0 
0 
0 
0 
0 
0 
0 
0 
0 
0 
0 
0 
0 
0 
0 
0 
0 
0 
0 
0 
0 
0 
0 
0 
0 
0 
0 
0 
0 
0 
0 
0 
0 
0 
0 
0 
0 
0 
0 
0 
0 
0 
0 
0 
0 
0 
0 
0 
0 
0 
0 
0 
0 
0 
0 
0 
0 
0 
0 
0 
0 
0 
0 
0 
0 
0 
0 
0 
0 
0 
0 
0 
0 
0 
0 
0 
0 
0 
0 
0 
0 
0 
0 
0 
0 
0 
0 
0 
0 
0 
0 
0 
0 
0 
0 
0 
0 
0 
0 
0 
0 
0 
0 
0 
0 
0 
0 
0 
0 
0 
0 
0 
0 
0 
0 
0 
0 
0 
0 
0 
0 
0 
0 
0 
0 
0 
0 
0 
0 
0 
0 
0 
0 
0 
0 
0 
0 
0 
0 
0 
0 
0 
0 
0 
0 
0 
0 
0 
0 
0 
0 
0 
0 
0 
0 
0 
0 
0 
0 
0 
0 
0 
0 
0 
0 
0 
0 
0 
0 
0 
0 
0 
0 
0 
0 
0 
0 
0 
0 
0 
0 
0 
0 
0 
0 
0 
0 
0 
0 
0 
0 
0 
0 
0 
0 
0 
0 
0 
0 
0 
0 
0 
0 
0 
0 
0 
0 
0 
0 
0 
0 
0 
0 
0 
0 
0 
0 
0 
0 
0 
0 
0 
0 
0 
0 
0 
0 
0 
0 
0 
0 
0 
0 
0 
0 
0 
0 
0 
0 
0 
0 
0 
0 
0 
0 
0 
0 
0 
0 
0 
0 
0 
0 
0 
0 
0 
0 
0 
0 
0 
0 
0 
0 
0 
0 
0 
0 
0 
0 
0 
0 
0 
0 
0 
0 
0 
0 
0 
0 
0 
0 
0 
0 
0 
0 
0 
0 
0 
0 
0 
0 
0 
0 
0 
0 
0 
0 
0 
0 
0 
0 
0 
0 
0 
0 
0 
0 
0 
0 
0 
0 
0 
0 
0 
0 
0 
0 
0 
0 
0 
0 
0 
0 
0 
0 
0 
0 
0 
0 
0 
0 
0 
0 
0 
0 
0 
0 
0 
0 
0 
0 
0 
0 
0 
0 
0 
0 
0 
0 
0 
0 
0 
0 
0 
0 
0 
0 
0 
0 
0 
0 
0 
0 
0 
0 
0 
0 
0 
0 
0 
0 
0 
0 
0 
0 
0 
0 
0 
0 
0 
0 
0 
0 
0 
0 
0 
0 
0 
0 
0 
0 
0 
0 
0 
0 
0 
0 
0 
0 
0 
0 
0 
0 
0 
0 
0 
0 
0 
0 
0 
0 
0 
0 
0 
0 
0 
0 
0 
0 
0 
0 
0 
0 
0 
0 
0 
0 
0 
0 
0 
0 
0 
0 
0 
0 
0 
0 
0 
0 
0 
0 
0 
0 
0 
0 
0 
0 
0 
0 
0 
0 
0 
0 
0 
0 
0 
0 
0 
0 
0 
0 
0 
0 
0 
0 
0 
0 
0 
0 
0 
0 
0 
0 
0 
0 
0 
0 
0 
0 
0 
0 
0 
0 
0 
0 
0 
0 
0 
0 
0 
0 
0 
0 
0 
0 
0 
0 
0 
0 
0 
0 
0 
0 
0 
0 
0 
0 
0 
0 
0 
0 
0 
0 
0 
0 
0 
0 
0 
0 
0 
0 
0 
0 
0 
0 
0 
0 
0 
0 
0 
0 
0 
0 
0 
0 
0 
0 
0 
0 
0 
0 
0 
0 
0 
0 
0 
0 
0 
0 
0 
0 
0 
0 
0 
0 
0 
0 
0 
0 
0 
0 
0 
0 
0 
0 
0 
0 
0 
0 
0 
0 
0 
0 
0 
0 
0 
0 
0 
0 
0 
0 
0 
0 
0 
0 
0 
0 
0 
0 
0 
0 
0 
0 
0 
0 
0 
0 
0 
0 
0 
0 
0 
0 
0 
0 
0 
0 
0 
0 
0 
0 
0 
0 
0 
0 
0 
0 
0 
0 
0 
0 
0 
0 
0 
0 
0 
0 
0 
0 
0 
0 
0 
0 
0 
0 
0 
0 
0 
0 
0 
0 
0 
0 
0 
0 
0 
0 
0 
0 
0 
0 
0 
0 
0 
0 
0 
0 
0 
0 
0 
0 
0 
0 
0 
0 
0 
0 
0 
0 
0 
0 
0 
0 
0 
0 
0 
0 
0 
0 
0 
0 
0 
0 
0 
0 
0 
0 
0 
0 
0 
0 
0 
0 
0 
0 
0 
0 
0 
0 
0 
0 
0 
0 
0 
0 
0 
0 
0 
0 
0 
0 
0 
0 
0 
0 
0 
0 
0 
0 
0 
0 
0 
0 
0 
0 
0 
0 
0 
0 
0 
0 
0 
0 
0 
0 
0 
0 
0 
0 
0 
0 
0 
0 
0 
0 
0 
0 
0 
0 
0 
0 
0 
0 
0 
0 
0 
0 
0 
0 
0 
0 
0 
0 
0 
0 
0 
0 
0 
0 
0 
0 
0 
0 
0 
0 
0 
0 
0 
0 
0 
0 
0 
0 
0 
0 
0 
0 
0 
0 
0 
0 
0 
0 
0 
0 
0 
0 
0 
0 
0 
0 
0 
0 
0 
0 
0 
0 
0 
0 
0 
0 
0 
0 
0 
0 
0 
0 
0 
0 
0 
0 
0 
0 
0 
0 
0 
0 
0 
0 
0 
0 
0 
0 
0 
0 
0 
0 
0 
0 
0 
0 
0 
0 
0 
0 
0 
0 
0 
0 
0 
0 
0 
0 
0 
0 
0 
0 
0 
0 
0 
0 
0 
0 
0 
0 
0 
0 
0 
0 
0 
0 
0 
0 
0 
0 
0 
0 
0 
0 
0 
0 
0 
0 
0 
0 
0 
0 
0 
0 
0 
0 
0 
0 
0 
0 
0 
0 
0 
0 
0 
0 
0 
0 
0 
0 
0 
0 
0 
0 
0 
0 
0 
0 
0 
0 
0 
0 
0 
0 
0 
0 
0 
0 
0 
0 
0 
0 
0 
0 
0 
0 
0 
0 
0 
0 
0 
0 
0 
0 
0 
0 
0 
0 
0 
0 
0 
0 
0 
0 
0 
0 
0 
0 
0 
0 
0 
0 
0 
0 
0 
0 
0 
0 
0 
0 
0 
0 
0 
0 
0 
0 
0 
0 
0 
0 
0 
0 
0 
0 
0 
0 
0 
0 
0 
0 
0 
0 
0 
0 
0 
0 
0 
0 
0 
0 
0 
0 
0 
0 
0 
0 
0 
0 
0 
0 
0 
0 
0 
0 
0 
0 
0 
0 
0 
0 
0 
0 
0 
0 
0 
0 
0 
0 
0 
0 
0 
0 
0 
0 
0 
0 
0 
0 
0 
0 
0 
0 
0 
0 
0 
0 
0 
0 
0 
0 
0 
0 
0 
0 
0 
0 
0 
0 
0 
0 
0 
0 
0 
0 
0 
0 
0 
0 
0 
0 
0 
0 
0 
0 
0 
0 
0 
0 
0 
0 
0 
0 
0 
0 
0 
0 
0 
0 
0 
0 
0 
0 
0 
0 
0 
0 
0 
0 
0 
0 
0 
0 
0 
0 
0 
0 
0 
0 
0 
0 
0 
0 
0 
0 
0 
0 
0 
0 
0 
0 
0 
0 
0 
0 
0 
0 
0 
0 
0 
0 
0 
0 
0 
0 
0 
0 
0 
0 
0 
0 
0 
0 
0 
0 
0 
0 
0 
0 
0 
0 
0 
0 
0 
0 
0 
0 
0 
0 
0 
0 
0 
0 
0 
0 
0 
0 
0 
0 
0 
0 
0 
0 
0 
0 
0 
0 
0 
0 
0 
0 
0 
0 
0 
0 
0 
0 
0 
0 
0 
0 
0 
0 
0 
0 
0 
0 
0 
0 
0 
0 
0 
0 
0 
0 
0 
0 
0 
0 
0 
0 
0 
0 
0 
0 
0 
0 
0 
0 
0 
0 
0 
0 
0 
0 
0 
0 
0 
0 
0 
0 
0 
0 
0 
0 
0 
0 
0 
0 
0 
0 
0 
0 
0 
0 
0 
0 
0 
0 
0 
0 
0 
0 
0 
0 
0 
0 
0 
0 
0 
0 
0 
0 
0 
0 
0 
0 
0 
0 
0 
0 
0 
0 
0 
0 
0 
0 
0 
0 
0 
0 
0 
0 
0 
0 
0 
0 
0 
0 
0 
0 
0 
0 
0 
0 
0 
0 
0 
0 
0 
0 
0 
0 
0 
0 
0 
0 
0 
0 
0 
0 
0 
0 
0 
0 
0 
0 
0 
0 
0 
0 
0 
0 
0 
0 
0 
0 
0 
0 
0 
0 
0 
0 
0 
0 
0 
0 
0 
0 
0 
0 
0 
0 
0 
0 
0 
0 
0 
0 
0 
0 
0 
0 
0 
0 
0 
0 
0 
0 
0 
0 
0 
0 
0 
0 
0 
0 
0 
0 
0 
0 
0 
0 
0 
0 
0 
0 
0 
0 
0 
0 
0 
0 
0 
0 
0 
0 
0 
0 
0 
0 
0 
0 
0 
0 
0 
0 
0 
0 
0 
0 
0 
0 
0 
0 
0 
0 
0 
0 
0 
0 
0 
0 
0 
0 
0 
0 
0 
0 
0 
0 
0 
0 
0 
0 
0 
0 
0 
0 
0 
0 
0 
0 
0 
0 
0 
0 
0 
0 
0 
0 
0 
0 
0 
0 
0 
0 
0 
0 
0 
0 
0 
0 
0 
0 
0 
0 
0 
0 
0 
0 
0 
0 
0 
0 
0 
0 
0 
0 
0 
0 
0 
0 
0 
0 
0 
0 
0 
0 
0 
0 
0 
0 
0 
0 
0 
0 
0 
0 
0 
0 
0 
0 
0 
0 
0 
0 
0 
0 
0 
0 
0 
0 
0 
0 
0 
0 
0 
0 
0 
0 
0 
0 
0 
0 
0 
0 
0 
0 
0 
0 
0 
0 
0 
0 
0 
0 
0 
0 
0 
0 
0 
0 
0 
0 
0 
0 
0 
0 
0 
0 
0 
0 
0 
0 
0 
0 
0 
0 
0 
0 
0 
0 
0 
0 
0 
0 
0 
0 
0 
0 
0 
0 
0 
0 
0 
0 
0 
0 
0 
0 
0 
0 
0 
0 
0 
0 
0 
0 
0 
0 
0 
0 
0 
0 
0 
0 
0 
0 
0 
0 
0 
0 
0 
0 
0 
0 
0 
0 
0 
0 
0 
0 
0 
0 
0 
0 
0 
0 
0 
0 
0 
0 
0 
0 
0 
0 
0 
0 
0 
0 
0 
0 
0 
0 
0 
0 
0 
0 
0 
0 
0 
0 
0 
0 
0 
0 
0 
0 
0 
0 
0 
0 
0 
0 
0 
0 
0 
0 
0 
0 
0 
0 
0 
0 
0 
0 
0 
0 
0 
0 
0 
0 
0 
0 
0 
0 
0 
0 
0 
0 
0 
0 
0 
0 
0 
0 
0 
0 
0 
0 
0 
0 
0 
0 
0 
0 
0 
0 
0 
0 
0 
0 
0 
0 
0 
0 
0 
0 
0 
0 
0 
0 
0 
0 
0 
0 
0 
0 
0 
0 
0 
0 
0 
0 
0 
0 
0 
0 
0 
0 
0 
0 
0 
0 
0 
0 
0 
0 
0 
0 
0 
0 
0 
0 
0 
0 
0 
0 
0 
0 
0 
0 
0 
0 
0 
0 
0 
0 
0 
0 
0 
0 
0 
0 
0 
0 
0 
0 
0 
0 
0 
0 
0 
0 
0 
0 
0 
0 
0 
0 
0 
0 
0 
0 
0 
0 
0 
0 
0 
0 
0 
0 
0 
0 
0 
0 
0 
0 
0 
0 
0 
0 
0 
0 
0 
0 
0 
0 
0 
0 
0 
0 
0 
0 
0 
0 
0 
0 
0 
0 
0 
0 
0 
0 
0 
0 
0 
0 
0 
0 
0 
0 
0 
0 
0 
0 
0 
0 
0 
0 
0 
0 
0 
0 
0 
0 
0 
0 
0 
0 
0 
0 
0 
0 
0 
0 
0 
0 
0 
0 
0 
0 
0 
0 
0 
0 
0 
0 
0 
0 
0 
0 
0 
0 
0 
0 
0 
0 
0 
0 
0 
0 
0 
0 
0 
0 
0 
0 
0 
0 
0 
0 
0 
0 
0 
0 
0 
0 
0 
0 
0 
0 
0 
0 
0 
0 
0 
0 
0 
0 
0 
0 
0 
0 
0 
0 
0 
0 
0 
0 
0 
0 
0 
0 
0 
0 
0 
0 
0 
0 
0 
0 
0 
0 
0 
0 
0 
0 
0 
0 
0 
0 
0 
0 
0 
0 
0 
0 
0 
0 
0 
0 
0 
0 
0 
0 
0 
0 
0 
0 
0 
0 
0 
0 
0 
0 
0 
0 
0 
0 
0 
0 
0 
0 
0 
0 
0 
0 
0 
0 
0 
0 
0 
0 
0 
0 
0 
0 
0 
0 
0 
0 
0 
0 
0 
0 
0 
0 
0 
0 
0 
0 
0 
0 
0 
0 
0 
0 
0 
0 
0 
0 
0 
0 
0 
0 
0 
0 
0 
0 
0 
0 
0 
0 
0 
0 
0 
0 
0 
0 
0 
0 
0 
0 
0 
0 
0 
0 
0 
0 
0 
0 
0 
0 
0 
0 
0 
0 
0 
0 
0 
0 
0 
0 
0 
0 
0 
0 
0 
0 
0 
0 
0 
0 
0 
0 
0 
0 
0 
0 
0 
0 
0 
0 
0 
0 
0 
0 
0 
0 
0 
0 
0 
0 
0 
0 
0 
0 
0 
0 
0 
0 
0 
0 
0 
0 
0 
0 
0 
0 
0 
0 
0 
0 
0 
0 
0 
0 
0 
0 
0 
0 
0 
0 
0 
0 
0 
0 
0 
0 
0 
0 
0 
0 
0 
0 
0 
0 
0 
0 
0 
0 
0 
0 
0 
0 
0 
0 
0 
0 
0 
0 
0 
0 
0 
0 
0 
0 
0 
0 
0 
0 
0 
0 
0 
0 
0 
0 
0 
0 
0 
0 
0 
0 
0 
0 
0 
0 
0 
0 
0 
0 
0 
0 
0 
0 
0 
0 
0 
0 
0 
0 
0 
0 
0 
0 
0 
0 
0 
0 
0 
0 
0 
0 
0 
0 
0 
0 
0 
0 
0 
0 
0 
0 
0 
0 
0 
0 
0 
0 
0 
0 
0 
0 
0 
0 
0 
0 
0 
0 
0 
0 
0 
0 
0 
0 
0 
0 
0 
0 
0 
0 
0 
0 
0 
0 
0 
0 
0 
0 
0 
0 
0 
0 
0 
0 
0 
0 
0 
0 
0 
0 
0 
0 
0 
0 
0 
0 
0 
0 
0 
0 
0 
0 
0 
0 
0 
0 
0 
0 
0 
0 
0 
0 
0 
0 
0 
0 
0 
0 
0 
0 
0 
0 
0 
0 
0 
0 
0 
0 
0 
0 
0 
0 
0 
0 
0 
0 
0 
0 
0 
0 
0 
0 
0 
0 
0 
0 
0 
0 
0 
0 
0 
0 
0 
0 
0 
0 
0 
0 
0 
0 
0 
0 
0 
0 
0 
0 
0 
0 
0 
0 
0 
0 
0 
0 
0 
0 
0 
0 
0 
0 
0 
0 
0 
0 
0 
0 
0 
0 
0 
0 
0 
0 
0 
0 
0 
0 
0 
0 
0 
0 
0 
0 
0 
0 
0 
0 
0 
0 
0 
0 
0 
0 
0 
0 
0 
0 
0 
0 
0 
0 
0 
0 
0 
0 
0 
0 
0 
0 
0 
0 
0 
0 
0 
0 
0 
0 
0 
0 
0 
0 
0 
0 
0 
0 
0 
0 
0 
0 
0 
0 
0 
0 
0 
0 
0 
0 
0 
0 
0 
0 
0 
0 
0 
0 
0 
0 
0 
0 
0 
0 
0 
0 
0 
0 
0 
0 
0 
0 
0 
0 
0 
0 
0 
0 
0 
0 
0 
0 
0 
0 
0 
0 
0 
0 
0 
0 
0 
0 
0 
0 
0 
0 
0 
0 
0 
0 
0 
0 
0 
0 
0 
0 
0 
0 
0 
0 
0 
0 
0 
0 
0 
0 
0 
0 
0 
0 
0 
0 
0 
0 
0 
0 
0 
0 
0 
0 
0 
0 
0 
0 
0 
0 
0 
0 
0 
0 
0 
0 
0 
0 
0 
0 
0 
0 
0 
0 
0 
0 
0 
0 
0 
0 
0 
0 
0 
0 
0 
0 
0 
0 
0 
0 
0 
0 
0 
0 
0 
0 
0 
0 
0 
0 
0 
0 
0 
0 
0 
0 
0 
0 
0 
0 
0 
0 
0 
0 
0 
0 
0 
0 
0 
0 
0 
0 
0 
0 
0 
0 
0 
0 
0 
0 
0 
0 
0 
0 
0 
0 
0 
0 
0 
0 
0 
0 
0 
0 
0 
0 
0 
0 
0 
0 
0 
0 
0 
0 
0 
0 
0 
0 
0 
0 
0 
0 
0 
0 
0 
0 
0 
0 
0 
0 
0 
0 
0 
0 
0 
0 
0 
0 
0 
0 
0 
0 
0 
0 
0 
0 
0 
0 
0 
0 
0 
0 
0 
0 
0 
0 
0 
0 
0 
0 
0 
0 
0 
0 
0 
0 
0 
0 
0 
0 
0 
0 
0 
0 
0 
0 
0 
0 
0 
0 
0 
0 
0 
0 
0 
0 
0 
0 
0 
0 
0 
0 
0 
0 
0 
0 
0 
0 
0 
0 
0 
0 
0 
0 
0 
0 
0 
0 
0 
0 
0 
0 
0 
0 
0 
0 
0 
0 
0 
0 
0 
0 
0 
0 
0 
0 
0 
0 
0 
0 
0 
0 
0 
0 
0 
0 
0 
0 
0 
0 
0 
0 
0 
0 
0 
0 
0 
0 
0 
0 
0 
0 
0 
0 
0 
0 
0 
0 
0 
0 
0 
0 
0 
0 
0 
0 
0 
0 
0 
0 
0 
0 
0 
0 
0 
0 
0 
0 
0 
0 
0 
0 
0 
0 
0 
0 
0 
0 
0 
0 
0 
0 
0 
0 
0 
0 
0 
0 
0 
0 
0 
0 
0 
0 
0 
0 
0 
0 
0 
0 
0 
0 
0 
0 
0 
0 
0 
0 
0 
0 
0 
0 
0 
0 
0 
0 
0 
0 
0 
0 
0 
0 
0 
0 
0 
0 
0 
0 
0 
0 
0 
0 
0 
0 
0 
0 
0 
0 
0 
0 
0 
0 
0 
0 
0 
0 
0 
0 
0 
0 
0 
0 
0 
0 
0 
0 
0 
0 
0 
0 
0 
0 
0 
0 
0 
0 
0 
0 
0 
0 
0 
0 
0 
0 
0 
0 
0 
0 
0 
0 
0 
0 
0 
0 
0 
0 
0 
0 
0 
0 
0 
0 
0 
0 
0 
0 
0 
0 
0 
0 
0 
0 
0 
0 
0 
0 
0 
0 
0 
0 
0 
0 
0 
0 
0 
0 
0 
0 
0 
0 
0 
0 
0 
0 
0 
0 
0 
0 
0 
0 
0 
0 
0 
0 
0 
0 
0 
0 
0 
0 
0 
0 
0 
0 
0 
0 
0 
0 
0 
0 
0 
0 
0 
0 
0 
0 
0 
0 
0 
0 
0 
0 
0 
0 
0 
0 
0 
0 
0 
0 
0 
0 
0 
0 
0 
0 
0 
0 
0 
0 
0 
0 
0 
0 
0 
0 
0 
0 
0 
0 
0 
0 
0 
0 
0 
0 
0 
0 
0 
0 
0 
0 
0 
0 
0 
0 
0 
0 
0 
0 
0 
0 
0 
0 
0 
0 
0 
0 
0 
0 
0 
0 
0 
0 
0 
0 
0 
0 
0 
0 
0 
0 
0 
0 
0 
0 
0 
0 
0 
0 
0 
0 
0 
0 
0 
0 
0 
0 
0 
0 
0 
0 
0 
0 
0 
0 
0 
0 
0 
0 
0 
0 
0 
0 
0 
0 
0 
0 
0 
0 
0 
0 
0 
0 
0 
0 
0 
0 
0 
0 
0 
0 
0 
0 
0 
0 
0 
0 
0 
0 
0 
0 
0 
0 
0 
0 
0 
0 
0 
0 
0 
0 
0 
0 
0 
0 
0 
0 
0 
0 
0 
0 
0 
0 
0 
0 
0 
0 
0 
0 
0 
0 
0 
0 
0 
0 
0 
0 
0 
0 
0 
0 
0 
0 
0 
0 
0 
0 
0 
0 
0 
0 
0 
0 
0 
0 
0 
0 
0 
0 
0 
0 
0 
0 
0 
0 
0 
0 
0 
0 
0 
0 
0 
0 
0 
0 
0 
0 
0 
0 
0 
0 
0 
0 
0 
0 
0 
0 
0 
0 
0 
0 
0 
0 
0 
0 
0 
0 
0 
0 
0 
0 
0 
0 
0 
0 
0 
0 
0 
0 
0 
0 
0 
0 
0 
0 
0 
0 
0 
0 
0 
0 
0 
0 
0 
0 
0 
0 
0 
0 
0 
0 
0 
0 
0 
0 
0 
0 
0 
0 
0 
0 
0 
0 
0 
0 
0 
0 
0 
0 
0 
0 
0 
0 
0 
0 
0 
0 
0 
0 
0 
0 
0 
0 
0 
0 
0 
0 
0 
0 
0 
0 
0 
0 
0 
0 
0 
0 
0 
0 
0 
0 
0 
0 
0 
0 
0 
0 
0 
0 
0 
0 
0 
0 
0 
0 
0 
0 
0 
0 
0 
0 
0 
0 
0 
0 
0 
0 
0 
0 
0 
0 
0 
0 
0 
0 
0 
0 
0 
0 
0 
0 
0 
0 
0 
0 
0 
0 
0 
0 
0 
0 
0 
0 
0 
0 
0 
0 
0 
0 
0 
0 
0 
0 
0 
0 
0 
0 
0 
0 
0 
0 
0 
0 
0 
0 
0 
0 
0 
0 
0 
0 
0 
0 
0 
0 
0 
0 
0 
0 
0 
0 
0 
0 
0 
0 
0 
0 
0 
0 
0 
0 
0 
0 
0 
0 
0 
0 
0 
0 
0 
0 
0 
0 
0 
0 
0 
0 
0 
0 
0 
0 
0 
0 
0 
0 
0 
0 
0 
0 
0 
0 
0 
0 
0 
0 
0 
0 
0 
0 
0 
0 
0 
0 
0 
0 
0 
0 
0 
0 
0 
0 
0 
0 
0 
0 
0 
0 
0 
0 
0 
0 
0 
0 
0 
0 
0 
0 
0 
0 
0 
0 
0 
0 
0 
0 
0 
0 
0 
0 
0 
0 
0 
0 
0 
0 
0 
0 
0 
0 
0 
0 
0 
0 
0 
0 
0 
0 
0 
0 
0 
0 
0 
0 
0 
0 
0 
0 
0 
0 
0 
0 
0 
0 
0 
0 
0 
0 
0 
0 
0 
0 
0 
0 
0 
0 
0 
0 
0 
0 
0 
0 
0 
0 
0 
0 
0 
0 
0 
0 
0 
0 
0 
0 
0 
0 
0 
0 
0 
0 
0 
0 
0 
0 
0 
0 
0 
0 
0 
0 
0 
0 
0 
0 
0 
0 
0 
0 
0 
0 
0 
0 
0 
0 
0 
0 
0 
0 
0 
0 
0 
0 
0 
0 
0 
0 
0 
0 
0 
0 
0 
0 
0 
0 
0 
0 
0 
0 
0 
0 
0 
0 
0 
0 
0 
0 
0 
0 
0 
0 
0 
0 
0 
0 
0 
0 
0 
0 
0 
0 
0 
0 
0 
0 
0 
0 
0 
0 
0 
0 
0 
0 
0 
0 
0 
0 
0 
0 
0 
0 
0 
0 
0 
0 
0 
0 
0 
0 
0 
0 
0 
0 
0 
0 
0 
0 
0 
0 
0 
0 
0 
0 
0 
0 
0 
0 
0 
0 
0 
0 
0 
0 
0 
0 
0 
0 
0 
0 
0 
0 
0 
0 
0 
0 
0 
0 
0 
0 
0 
0 
0 
0 
0 
0 
0 
0 
0 
0 
0 
0 
0 
0 
0 
0 
0 
0 
0 
0 
0 
0 
0 
0 
0 
0 
0 
0 
0 
0 
0 
0 
0 
0 
0 
0 
0 
0 
0 
0 
0 
0 
0 
0 
0 
0 
0 
0 
0 
0 
0 
0 
0 
0 
0 
0 
0 
0 
0 
0 
0 
0 
0 
0 
0 
0 
0 
0 
0 
0 
0 
0 
0 
0 
0 
0 
0 
0 
0 
0 
0 
0 
0 
0 
0 
0 
0 
0 
0 
0 
0 
0 
0 
0 
0 
0 
0 
0 
0 
0 
0 
0 
0 
0 
0 
0 
0 
0 
0 
0 
0 
0 
0 
0 
0 
0 
0 
0 
0 
0 
0 
0 
0 
0 
0 
0 
0 
0 
0 
0 
0 
0 
0 
0 
0 
0 
0 
0 
0 
0 
0 
0 
0 
0 
0 
0 
0 
0 
0 
0 
0 
0 
0 
0 
0 
0 
0 
0 
0 
0 
0 
0 
0 
0 
0 
0 
0 
0 
0 
0 
0 
0 
0 
0 
0 
0 
0 
0 
0 
0 
0 
0 
0 
0 
0 
0 
0 
0 
0 
0 
0 
0 
0 
0 
0 
0 
0 
0 
0 
0 
0 
0 
0 
0 
0 
0 
0 
0 
0 
0 
0 
0 
0 
0 
0 
0 
0 
0 
0 
0 
0 
0 
0 
0 
0 
0 
0 
0 
0 
0 
0 
0 
0 
0 
0 
0 
0 
0 
0 
0 
0 
0 
0 
0 
0 
0 
0 
0 
0 
0 
0 
0 
0 
0 
0 
0 
0 
0 
0 
0 
0 
0 
0 
0 
0 
0 
0 
0 
0 
0 
0 
0 
0 
0 
0 
0 
0 
0 
0 
0 
0 
0 
0 
0 
0 
0 
0 
0 
0 
0 
0 
0 
0 
0 
0 
0 
0 
0 
0 
0 
0 
0 
0 
0 
0 
0 
0 
0 
0 
0 
0 
0 
0 
0 
0 
0 
0 
0 
0 
0 
0 
0 
0 
0 
0 
0 
0 
0 
0 
0 
0 
0 
0 
0 
0 
0 
0 
0 
0 
0 
0 
0 
0 
0 
0 
0 
0 
0 
0 
0 
0 
0 
0 
0 
0 
0 
0 
0 
0 
0 
0 
0 
0 
0 
0 
0 
0 
0 
0 
0 
0 
0 
0 
0 
0 
0 
0 
0 
0 
0 
0 
0 
0 
0 
0 
0 
0 
0 
0 
0 
0 
0 
0 
0 
0 
0 
0 
0 
0 
0 
0 
0 
0 
0 
0 
0 
0 
0 
0 
0 
0 
0 
0 
0 
0 
0 
0 
0 
0 
0 
0 
0 
0 
0 
0 
0 
0 
0 
0 
0 
0 
0 
0 
0 
0 
0 
0 
0 
0 
0 
0 
0 
0 
0 
0 
0 
0 
0 
0 
0 
0 
0 
0 
0 
0 
0 
0 
0 
0 
0 
0 
0 
0 
0 
0 
0 
0 
0 
0 
0 
0 
0 
0 
0 
0 
0 
0 
0 
0 
0 
0 
0 
0 
0 
0 
0 
0 
0 
0 
0 
0 
0 
0 
0 
0 
0 
0 
0 
0 
0 
0 
0 
0 
0 
0 
0 
0 
0 
0 
0 
0 
0 
0 
0 
0 
0 
0 
0 
0 
0 
0 
0 
0 
0 
0 
0 
0 
0 
0 
0 
0 
0 
0 
0 
0 
0 
0 
0 
0 
0 
0 
0 
0 
0 
0 
0 
0 
0 
0 
0 
0 
0 
0 
0 
0 
0 
0 
0 
0 
0 
0 
0 
0 
0 
0 
0 
0 
0 
0 
0 
0 
0 
0 
0 
0 
0 
0 
0 
0 
0 
0 
0 
0 
0 
0 
0 
0 
0 
0 
0 
0 
0 
0 
0 
0 
0 
0 
0 
0 
0 
0 
0 
0 
0 
0 
0 
0 
0 
0 
0 
0 
0 
0 
0 
0 
0 
0 
0 
0 
0 
0 
0 
0 
0 
0 
0 
0 
0 
0 
0 
0 
0 
0 
0 
0 
0 
0 
0 
0 
0 
0 
0 
0 
0 
0 
0 
0 
0 
0 
0 
0 
0 
0 
0 
0 
0 
0 
0 
0 
0 
0 
0 
0 
0 
0 
0 
0 
0 
0 
0 
0 
0 
0 
0 
0 
0 
0 
0 
0 
0 
0 
0 
0 
0 
0 
0 
0 
0 
0 
0 
0 
0 
0 
0 
0 
0 
0 
0 
0 
0 
0 
0 
0 
0 
0 
0 
0 
0 
0 
0 
0 
0 
0 
0 
0 
0 
0 
0 
0 
0 
0 
0 
0 
0 
0 
0 
0 
0 
0 
0 
0 
0 
0 
0 
0 
0 
0 
0 
0 
0 
0 
0 
0 
0 
0 
0 
0 
0 
0 
0 
0 
0 
0 
0 
0 
0 
0 
0 
0 
0 
0 
0 
0 
0 
0 
0 
0 
0 
0 
0 
0 
0 
0 
0 
0 
0 
0 
0 
0 
0 
0 
0 
0 
0 
0 
0 
0 
0 
0 
0 
0 
0 
0 
0 
0 
0 
0 
0 
0 
0 
0 
0 
0 
0 
0 
0 
0 
0 
0 
0 
0 
0 
0 
0 
0 
0 
0 
0 
0 
0 
0 
0 
0 
0 
0 
0 
0 
0 
0 
0 
0 
0 
0 
0 
0 
0 
0 
0 
0 
0 
0 
0 
0 
0 
0 
0 
0 
0 
0 
0 
0 
0 
0 
0 
0 
0 
0 
0 
0 
0 
0 
0 
0 
0 
0 
0 
0 
0 
0 
0 
0 
0 
0 
0 
0 
0 
0 
0 
0 
0 
0 
0 
0 
0 
0 
0 
0 
0 
0 
0 
0 
0 
0 
0 
0 
0 
0 
0 
0 
0 
0 
0 
0 
0 
0 
0 
0 
0 
0 
0 
0 
0 
0 
0 
0 
0 
0 
0 
0 
0 
0 
0 
0 
0 
0 
0 
0 
0 
0 
0 
0 
0 
0 
0 
0 
0 
0 
0 
0 
0 
0 
0 
0 
0 
0 
0 
0 
0 
0 
0 
0 
0 
0 
0 
0 
0 
0 
0 
0 
0 
0 
0 
0 
0 
0 
0 
0 
0 
0 
0 
0 
0 
0 
0 
0 
0 
0 
0 
0 
0 
0 
0 
0 
0 
0 
0 
0 
0 
0 
0 
0 
0 
0 
0 
0 
0 
0 
0 
0 
0 
0 
0 
0 
0 
0 
0 
0 
0 
0 
0 
0 
0 
0 
0 
0 
0 
0 
0 
0 
0 
0 
0 
0 
0 
0 
0 
0 
0 
0 
0 
0 
0 
0 
0 
0 
0 
0 
0 
0 
0 
0 
0 
0 
0 
0 
0 
0 
0 
0 
0 
0 
0 
0 
0 
0 
0 
0 
0 
0 
0 
0 
0 
0 
0 
0 
0 
0 
0 
0 
0 
0 
0 
0 
0 
0 
0 
0 
0 
0 
0 
0 
0 
0 
0 
0 
0 
0 
0 
0 
0 
0 
0 
0 
0 
0 
0 
0 
0 
0 
0 
0 
0 
0 
0 
0 
0 
0 
0 
0 
0 
0 
0 
0 
0 
0 
0 
0 
0 
0 
0 
0 
0 
0 
0 
0 
0 
0 
0 
0 
0 
0 
0 
0 
0 
0 
0 
0 
0 
0 
0 
0 
0 
0 
0 
0 
0 
0 
0 
0 
0 
0 
0 
0 
0 
0 
0 
0 
0 
0 
0 
0 
0 
0 
0 
0 
0 
0 
0 
0 
0 
0 
0 
0 
0 
0 
0 
0 
0 
0 
0 
0 
0 
0 
0 
0 
0 
0 
0 
0 
0 
0 
0 
0 
0 
0 
0 
0 
0 
0 
0 
0 
0 
0 
0 
0 
0 
0 
0 
0 
0 
0 
0 
0 
0 
0 
0 
0 
0 
0 
0 
0 
0 
0 
0 
0 
0 
0 
0 
0 
0 
0 
0 
0 
0 
0 
0 
0 
0 
0 
0 
0 
0 
0 
0 
0 
0 
0 
0 
0 
0 
0 
0 
0 
0 
0 
0 
0 
0 
0 
0 
0 
0 
0 
0 
0 
0 
0 
0 
0 
0 
0 
0 
0 
0 
0 
0 
0 
0 
0 
0 
0 
0 
0 
0 
0 
0 
0 
0 
0 
0 
0 
0 
0 
0 
0 
0 
0 
0 
0 
0 
0 
0 
0 
0 
0 
0 
0 
0 
0 
0 
0 
0 
0 
0 
0 
0 
0 
0 
0 
0 
0 
0 
0 
0 
0 
0 
0 
0 
0 
0 
0 
0 
0 
0 
0 
0 
0 
0 
0 
0 
0 
0 
0 
0 
0 
0 
0 
0 
0 
0 
0 
0 
0 
0 
0 
0 
0 
0 
0 
0 
0 
0 
0 
0 
0 
0 
0 
0 
0 
0 
0 
0 
0 
0 
0 
0 
0 
0 
0 
0 
0 
0 
0 
0 
0 
0 
0 
0 
0 
0 
0 
0 
0 
0 
0 
0 
0 
0 
0 
0 
0 
0 
0 
0 
0 
0 
0 
0 
0 
0 
0 
0 
0 
0 
0 
0 
0 
0 
0 
0 
0 
0 
0 
0 
0 
0 
0 
0 
0 
0 
0 
0 
0 
0 
0 
0 
0 
0 
0 
0 
0 
0 
0 
0 
0 
0 
0 
0 
0 
0 
0 
0 
0 
0 
0 
0 
0 
0 
0 
0 
0 
0 
0 
0 
0 
0 
0 
0 
0 
0 
0 
0 
0 
0 
0 
0 
0 
0 
0 
0 
0 
0 
0 
0 
0 
0 
0 
0 
0 
0 
0 
0 
0 
0 
0 
0 
0 
0 
0 
0 
0 
0 
0 
0 
0 
0 
0 
0 
0 
0 
0 
0 
0 
0 
0 
0 
0 
0 
0 
0 
0 
0 
0 
0 
0 
0 
0 
0 
0 
0 
0 
0 
0 
0 
0 
0 
0 
0 
0 
0 
0 
0 
0 
0 
0 
0 
0 
0 
0 
0 
0 
0 
0 
0 
0 
0 
0 
0 
0 
0 
0 
0 
0 
0 
0 
0 
0 
0 
0 
0 
0 
0 
0 
0 
0 
0 
0 
0 
0 
0 
0 
0 
0 
0 
0 
0 
0 
0 
0 
0 
0 
0 
0 
0 
0 
0 
0 
0 
0 
0 
0 
0 
0 
0 
0 
0 
0 
0 
0 
0 
0 
0 
0 
0 
0 
0 
0 
0 
0 
0 
0 
0 
0 
0 
0 
0 
0 
0 
0 
0 
0 
0 
0 
0 
0 
0 
0 
0 
0 
0 
0 
0 
0 
0 
0 
0 
0 
0 
0 
0 
0 
0 
0 
0 
0 
0 
0 
0 
0 
0 
0 
0 
0 
0 
0 
0 
0 
0 
0 
0 
0 
0 
0 
0 
0 
0 
0 
0 
0 
0 
0 
0 
0 
0 
0 
0 
0 
0 
0 
0 
0 
0 
0 
0 
0 
0 
0 
0 
0 
0 
0 
0 
0 
0 
0 
0 
0 
0 
0 
0 
0 
0 
0 
0 
0 
0 
0 
0 
0 
0 
0 
0 
0 
0 
0 
0 
0 
0 
0 
0 
0 
0 
0 
0 
0 
0 
0 
0 
0 
0 
0 
0 
0 
0 
0 
0 
0 
0 
0 
0 
0 
0 
0 
0 
0 
0 
0 
0 
0 
0 
0 
0 
0 
0 
0 
0 
0 
0 
0 
0 
0 
0 
0 
0 
0 
0 
0 
0 
0 
0 
0 
0 
0 
0 
0 
0 
0 
0 
0 
0 
0 
0 
0 
0 
0 
0 
0 
0 
0 
0 
0 
0 
0 
0 
0 
0 
0 
0 
0 
0 
0 
0 
0 
0 
0 
0 
0 
0 
0 
0 
0 
0 
0 
0 
0 
0 
0 
0 
0 
0 
0 
0 
0 
0 
0 
0 
0 
0 
0 
0 
0 
0 
0 
0 
0 
0 
0 
0 
0 
0 
0 
0 
0 
0 
0 
0 
0 
0 
0 
0 
0 
0 
0 
0 
0 
0 
0 
0 
0 
0 
0 
0 
0 
0 
0 
0 
0 
0 
0 
0 
0 
0 
0 
0 
0 
0 
0 
0 
0 
0 
0 
0 
0 
0 
0 
0 
0 
0 
0 
0 
0 
0 
0 
0 
0 
0 
0 
0 
0 
0 
0 
0 
0 
0 
0 
0 
0 
0 
0 
0 
0 
0 
0 
0 
0 
0 
0 
0 
0 
0 
0 
0 
0 
0 
0 
0 
0 
0 
0 
0 
0 
0 
0 
0 
0 
0 
0 
0 
0 
0 
0 
0 
0 
0 
0 
0 
0 
0 
0 
0 
0 
0 
0 
0 
0 
0 
0 
0 
0 
0 
0 
0 
0 
0 
0 
0 
0 
0 
0 
0 
0 
0 
0 
0 
0 
0 
0 
0 
0 
0 
0 
0 
0 
0 
0 
0 
0 
0 
0 
0 
0 
0 
0 
0 
0 
0 
0 
0 
0 
0 
0 
0 
0 
0 
0 
0 
0 
0 
0 
0 
0 
0 
0 
0 
!IDEND=

