!FILE=Disk 
!KIND=Matrix 
!LABORATORY=Oslo Cyclotron Laboratory (OCL) 
!EXPERIMENT=siri2root 
!COMMENT=none
!TIME=2021-01-12 12:46:40
!CALIBRATION EkeV=6, 0.000000E+00, 1.000000E+00, 0.000000E+00
!PRECISION=16
!DIMENSION=1,0:20999
!CHANNEL=(0:20999)
58 
58.0009 
57.939 
57.753 
57.3981 
56.8598 
56.1575 
55.3431 
54.4952 
53.7076 
53.0757 
52.6986 
52.6607 
52.9931 
53.695 
54.7591 
56.1624 
57.8638 
59.7974 
61.8622 
63.9239 
65.8325 
67.4114 
68.4051 
68.7494 
68.7176 
68.412 
67.9397 
67.7649 
68.1643 
69.1445 
70.7056 
72.7813 
75.2171 
77.8329 
80.4879 
83.113 
85.698 
88.2518 
90.7845 
93.2918 
95.7166 
97.9198 
99.7042 
100.888 
101.455 
101.549 
101.256 
100.652 
99.9405 
99.3566 
99.0455 
99.0496 
99.3484 
99.8922 
100.654 
101.659 
102.987 
104.731 
106.936 
109.55 
112.433 
115.369 
118.128 
120.528 
122.467 
123.895 
124.756 
124.98 
124.54 
123.462 
121.875 
120.101 
118.664 
118.061 
118.501 
120.217 
123.527 
128.254 
133.687 
138.961 
143.347 
146.468 
148.356 
149.383 
150.079 
150.898 
152.086 
153.697 
155.623 
157.639 
159.525 
161.165 
162.584 
163.922 
165.361 
167.044 
169.024 
171.252 
173.586 
175.915 
177.683 
178.177 
177.665 
176.876 
176.391 
177.301 
180.485 
185.396 
191.285 
197.629 
203.614 
208.478 
211.665 
212.92 
212.194 
209.904 
207.111 
204.899 
203.892 
204.284 
206.027 
208.821 
211.956 
214.549 
216.002 
216.176 
215.103 
212.978 
210.33 
207.797 
205.845 
204.679 
204.328 
204.776 
206.026 
208.139 
211.222 
215.303 
220.257 
225.769 
231.29 
236.092 
239.45 
240.896 
240.294 
237.942 
234.706 
231.677 
229.685 
229.11 
230.017 
232.187 
234.92 
237.258 
238.509 
238.457 
237.162 
234.928 
232.359 
230.081 
228.502 
227.797 
227.985 
228.857 
230.021 
231.247 
232.565 
234.133 
236.126 
238.643 
241.668 
245.066 
248.598 
251.998 
255.062 
257.688 
259.852 
261.588 
262.971 
264.068 
264.905 
265.427 
265.526 
265.144 
264.283 
262.991 
261.382 
259.654 
258.042 
256.754 
255.898 
255.452 
255.27 
255.104 
254.687 
253.836 
252.508 
250.814 
248.988 
247.309 
245.995 
245.142 
244.705 
244.528 
244.413 
244.186 
243.724 
242.958 
241.867 
240.464 
238.806 
236.981 
235.106 
233.303 
231.671 
230.269 
229.117 
228.2 
227.483 
226.959 
226.661 
226.638 
226.91 
227.463 
228.24 
229.106 
229.884 
230.38 
230.451 
230.054 
229.208 
227.961 
226.377 
224.5 
222.383 
220.139 
218.009 
216.356 
215.509 
215.596 
216.755 
219.194 
222.818 
227.203 
231.829 
236.186 
239.841 
242.468 
243.908 
244.17 
243.284 
241.327 
238.553 
235.348 
232.121 
229.235 
226.937 
225.329 
224.353 
223.822 
223.484 
223.095 
222.475 
221.533 
220.283 
218.828 
217.324 
215.916 
214.678 
213.588 
212.517 
211.25 
209.57 
207.367 
204.681 
201.73 
198.928 
196.783 
195.665 
195.69 
196.811 
198.796 
201.181 
203.429 
205.134 
206.126 
206.497 
206.554 
206.694 
207.255 
208.414 
210.148 
212.218 
214.184 
215.526 
215.875 
215.118 
213.383 
211.107 
208.958 
207.53 
206.984 
206.969 
207.088 
207.206 
207.192 
206.644 
205.18 
202.88 
200.223 
197.743 
195.825 
194.649 
194.159 
194.137 
194.464 
195.077 
195.834 
196.585 
197.234 
197.728 
198.063 
198.282 
198.482 
198.771 
199.212 
199.648 
199.735 
199.285 
198.212 
196.373 
193.729 
190.448 
186.863 
183.329 
180.078 
177.164 
174.464 
171.731 
168.723 
165.341 
161.675 
157.983 
154.634 
151.988 
150.298 
149.672 
150.128 
151.471 
153.214 
154.849 
155.977 
156.32 
155.788 
154.435 
152.451 
150.157 
147.93 
146.125 
144.994 
144.511 
144.415 
144.613 
144.981 
145.118 
144.813 
144.084 
142.969 
141.63 
140.368 
139.488 
139.144 
139.361 
139.859 
140.15 
140.064 
139.45 
138.004 
135.883 
133.665 
131.935 
131.072 
131.187 
132.191 
133.773 
135.445 
136.711 
137.246 
136.96 
135.846 
133.951 
131.49 
128.783 
126.148 
123.875 
122.213 
121.248 
120.857 
120.908 
121.246 
121.575 
121.73 
121.702 
121.468 
121.009 
120.347 
119.543 
118.681 
117.876 
117.259 
116.937 
116.949 
117.332 
118.143 
119.352 
120.837 
122.428 
123.911 
125.046 
125.638 
125.614 
124.949 
123.667 
121.982 
120.241 
118.722 
117.731 
117.435 
117.538 
117.74 
117.929 
117.976 
117.598 
116.488 
114.695 
112.526 
110.328 
108.419 
107.037 
106.289 
106.15 
106.591 
107.549 
108.837 
110.185 
111.328 
112.061 
112.275 
111.943 
111.098 
109.853 
108.385 
106.891 
105.557 
104.533 
103.909 
103.71 
103.935 
104.556 
105.487 
106.578 
107.641 
108.411 
108.621 
108.161 
107.04 
105.318 
103.142 
100.742 
98.3774 
96.2511 
94.4534 
92.9774 
91.7482 
90.6674 
89.6865 
88.8401 
88.2369 
87.9958 
88.1696 
88.7934 
89.8853 
91.3309 
92.8984 
94.3297 
95.392 
95.9394 
95.9318 
95.3654 
94.2631 
92.7333 
90.9613 
89.176 
87.6336 
86.5929 
86.241 
86.6387 
87.7398 
89.3536 
91.1059 
92.5204 
93.232 
93.1239 
92.1741 
90.4401 
88.213 
85.8788 
83.6905 
81.6995 
79.7497 
77.5282 
74.7267 
71.2221 
67.1489 
62.8689 
58.8558 
55.5174 
53.0768 
51.5717 
50.8814 
50.7084 
50.7171 
50.7754 
50.9027 
51.1259 
51.4724 
51.9628 
52.5933 
53.3189 
54.0533 
54.6982 
55.1762 
55.4357 
55.4452 
55.1933 
54.6825 
53.9276 
52.9646 
51.8608 
50.7162 
49.6513 
48.7836 
48.2032 
47.9575 
48.0581 
48.4737 
49.1136 
49.8582 
50.5809 
51.1123 
51.2777 
50.9996 
50.2923 
49.2396 
48.0214 
46.8882 
46.0667 
45.6307 
45.5118 
45.6495 
45.91 
46.0604 
46.0053 
45.6828 
44.981 
43.9861 
42.9905 
42.32 
42.1988 
42.6958 
43.758 
45.2028 
46.7402 
48.0578 
48.9113 
49.1859 
48.8585 
47.9824 
46.7307 
45.3519 
44.0779 
43.0701 
42.3934 
42.0114 
41.8184 
41.7106 
41.6382 
41.5999 
41.6095 
41.7123 
41.9789 
42.4172 
42.9617 
43.5197 
43.9961 
44.3204 
44.4593 
44.4068 
44.2157 
44.0177 
43.9216 
43.9583 
44.1498 
44.5187 
45.016 
45.5217 
45.8814 
45.9619 
45.7154 
45.1589 
44.3611 
43.4522 
42.5881 
41.896 
41.4393 
41.2189 
41.1674 
41.181 
41.1881 
41.1337 
40.9592 
40.6398 
40.1961 
39.675 
39.1223 
38.5614 
37.9952 
37.4196 
36.8301 
36.2314 
35.6599 
35.1933 
34.9184 
34.8835 
35.0987 
35.5267 
36.0444 
36.4748 
36.6831 
36.626 
36.3031 
35.7618 
35.1553 
34.6901 
34.5114 
34.6634 
35.1064 
35.7053 
36.22 
36.4128 
36.1878 
35.5693 
34.6719 
33.7205 
33.0245 
32.8489 
33.2871 
34.2928 
35.6882 
37.162 
38.3641 
39.0635 
39.2141 
38.8342 
38.0011 
36.9276 
35.8737 
35.0321 
34.4921 
34.2587 
34.3103 
34.5697 
34.9042 
35.2723 
35.7243 
36.2838 
36.9252 
37.5718 
38.0876 
38.341 
38.2794 
37.8813 
37.1583 
36.2415 
35.3214 
34.5638 
34.1205 
33.997 
34.0198 
34.0706 
34.1177 
34.1222 
34.0067 
33.7152 
33.2998 
32.8426 
32.4008 
32.0276 
31.7827 
31.7261 
31.8857 
32.2558 
32.8016 
33.4465 
34.0705 
34.5145 
34.6387 
34.3929 
33.7971 
32.9308 
31.9379 
30.9841 
30.2037 
29.6651 
29.3618 
29.2504 
29.307 
29.5077 
29.8228 
30.2748 
30.9177 
31.7729 
32.8125 
33.9631 
35.1233 
36.1894 
37.0798 
37.7466 
38.1627 
38.3088 
38.1725 
37.7318 
36.9678 
35.9165 
34.6854 
33.4465 
32.4185 
31.8002 
31.697 
32.1321 
33.0446 
34.2333 
35.4017 
36.2633 
36.6331 
36.4573 
35.7834 
34.7714 
33.6584 
32.6763 
32.0028 
31.7348 
31.8977 
32.4649 
33.3429 
34.3756 
35.3724 
36.1392 
36.5508 
36.5847 
36.251 
35.5984 
34.7762 
33.9738 
33.3267 
32.8781 
32.5698 
32.2657 
31.8307 
31.2226 
30.5289 
29.9494 
29.6837 
29.8156 
30.3819 
31.361 
32.5195 
33.4828 
33.9709 
33.8953 
33.2801 
32.2491 
31.0356 
29.858 
28.8338 
27.9942 
27.3064 
26.7095 
26.1667 
25.6753 
25.257 
24.9436 
24.7504 
24.6623 
24.6395 
24.6265 
24.5981 
24.5794 
24.5937 
24.6805 
24.9261 
25.3913 
26.0704 
26.8931 
27.7326 
28.4424 
28.9101 
29.0841 
28.956 
28.6128 
28.2878 
28.1965 
28.4068 
28.8974 
29.578 
30.2823 
30.8168 
31.0444 
30.9232 
30.4892 
29.8671 
29.243 
28.7778 
28.547 
28.5024 
28.524 
28.5292 
28.4623 
28.2822 
28.015 
27.7583 
27.6144 
27.6243 
27.8006 
28.1276 
28.503 
28.7939 
28.925 
28.8794 
28.7161 
28.5613 
28.4979 
28.5692 
28.7283 
28.7962 
28.6678 
28.3237 
27.7484 
26.9965 
26.2039 
25.5238 
25.0583 
24.8465 
24.8916 
25.1252 
25.4096 
25.6658 
25.9122 
26.213 
26.6311 
27.182 
27.8191 
28.4412 
28.9211 
29.1635 
29.1379 
28.8455 
28.32 
27.6635 
27.0107 
26.4647 
26.0732 
25.84 
25.7506 
25.8094 
25.9494 
26.0127 
25.9336 
25.7177 
25.3721 
24.959 
24.6018 
24.4194 
24.4591 
24.7559 
25.3413 
26.129 
26.9232 
27.5015 
27.6958 
27.4508 
26.7966 
25.8379 
24.7382 
23.6684 
22.7738 
22.1627 
21.875 
21.8817 
22.1588 
22.6716 
23.3126 
23.9303 
24.3838 
24.6171 
24.669 
24.5736 
24.3739 
24.1823 
24.0856 
24.0832 
24.1542 
24.2635 
24.3435 
24.3637 
24.3508 
24.3513 
24.444 
24.7166 
25.1938 
25.8095 
26.4215 
26.8544 
26.9779 
26.7506 
26.2063 
25.4542 
24.6419 
23.8835 
23.231 
22.6889 
22.2428 
21.8776 
21.6235 
21.5585 
21.7313 
22.161 
22.8602 
23.8016 
24.8946 
25.9859 
26.8858 
27.4205 
27.4865 
27.0557 
26.1644 
24.9395 
23.5915 
22.3674 
21.4988 
21.0855 
21.0786 
21.4291 
22.074 
22.8464 
23.5475 
24.0288 
24.2467 
24.2481 
24.0691 
23.7414 
23.3311 
22.8909 
22.4402 
21.9904 
21.5645 
21.1996 
20.9423 
20.8302 
20.8779 
21.0952 
21.4892 
22.03 
22.6508 
23.2677 
23.7939 
24.1477 
24.2709 
24.1441 
23.7756 
23.1972 
22.4671 
21.6616 
20.863 
20.1474 
19.5775 
19.2154 
19.1179 
19.3082 
19.7862 
20.5459 
21.5574 
22.7468 
23.993 
25.1454 
26.0557 
26.6228 
26.8111 
26.6171 
26.0651 
25.2309 
24.2236 
23.1567 
22.1385 
21.2629 
20.6 
20.1863 
20.0305 
20.1323 
20.4273 
20.7631 
21.0065 
21.0971 
21.0187 
20.7956 
20.5005 
20.2235 
20.0336 
19.9666 
20.031 
20.2099 
20.4514 
20.6808 
20.8325 
20.8734 
20.7975 
20.6307 
20.4567 
20.3676 
20.3998 
20.5863 
20.9665 
21.4865 
21.9987 
22.3442 
22.4204 
22.1978 
21.7097 
21.0659 
20.4296 
19.9611 
19.7628 
19.8601 
20.2514 
20.9203 
21.8137 
22.8592 
23.9737 
25.0441 
25.9206 
26.4368 
26.4715 
25.9861 
25.0174 
23.6979 
22.2473 
20.9043 
19.8549 
19.1938 
18.9476 
19.1166 
19.6139 
20.2335 
20.7805 
21.1265 
21.1985 
20.9777 
20.501 
19.8889 
19.3129 
18.9182 
18.7807 
18.9177 
19.2686 
19.6665 
19.9295 
19.9551 
19.7155 
19.2588 
18.7411 
18.3832 
18.3507 
18.6965 
19.3746 
20.2189 
20.9552 
21.3416 
21.2839 
20.7346 
19.6912 
18.3837 
17.2344 
16.5955 
16.5918 
17.2427 
18.4545 
19.8711 
21.0767 
21.846 
22.1164 
21.8864 
21.3151 
20.7618 
20.49 
20.5574 
20.936 
21.4954 
21.9576 
22.0447 
21.6549 
20.8247 
19.6887 
18.4691 
17.4044 
16.6888 
16.4339 
16.6703 
17.3701 
18.4334 
19.6881 
20.9194 
21.9044 
22.4965 
22.6677 
22.4276 
21.8351 
21.0843 
20.4428 
20.1049 
20.1314 
20.5054 
21.1266 
21.7733 
22.1894 
22.2108 
21.791 
20.9859 
19.9791 
19.0325 
18.3726 
18.1224 
18.3103 
18.8334 
19.4343 
19.8747 
20.0473 
19.9158 
19.62 
19.4531 
19.5503 
20.0126 
21.0019 
22.4283 
23.9329 
25.0977 
25.6334 
25.4526 
24.5978 
23.2444 
21.7061 
20.3171 
19.3168 
18.7715 
18.6209 
18.8211 
19.33 
20.0362 
20.805 
21.5232 
22.1006 
22.4673 
22.5811 
22.4297 
22.029 
21.4367 
20.7565 
20.1213 
19.6676 
19.4563 
19.4514 
19.6189 
19.9114 
20.1942 
20.331 
20.2721 
19.9835 
19.4359 
18.7156 
18.0074 
17.4877 
17.2288 
17.1959 
17.3561 
17.6679 
18.0486 
18.3471 
18.4277 
18.334 
18.1911 
18.1035 
18.279 
18.9036 
19.8962 
21.1107 
22.409 
23.5734 
24.3836 
24.6859 
24.4326 
23.6364 
22.3787 
20.8512 
19.3002 
17.9453 
16.9324 
16.3142 
16.0777 
16.2012 
16.5756 
16.9748 
17.2434 
17.3404 
17.2594 
17.0479 
16.8091 
16.624 
16.5186 
16.4871 
16.5161 
16.5963 
16.7292 
16.9497 
17.313 
17.8551 
18.5747 
19.4097 
20.2171 
20.8104 
21.0532 
20.9032 
20.4173 
19.7765 
19.2344 
18.9844 
19.0912 
19.5606 
20.3379 
21.2262 
21.959 
22.3727 
22.4545 
22.231 
21.7615 
21.1869 
20.6519 
20.2291 
19.9084 
19.6179 
19.274 
18.8245 
18.2615 
17.6206 
16.9729 
16.4033 
15.9864 
15.7592 
15.7197 
15.8591 
16.1631 
16.5981 
17.1234 
17.7002 
18.2879 
18.839 
19.3011 
19.6311 
19.8162 
19.8854 
19.9068 
19.9736 
20.1691 
20.5299 
21.0293 
21.5694 
21.9866 
22.1338 
21.9597 
21.503 
20.912 
20.4585 
20.3949 
20.8116 
21.6558 
22.7316 
23.7159 
24.3054 
24.3441 
23.7989 
22.7505 
21.4547 
20.2431 
19.3498 
18.8454 
18.6854 
18.8173 
19.1385 
19.4797 
19.7678 
20.0304 
20.2995 
20.5906 
20.8922 
21.1283 
21.1782 
20.9799 
20.5432 
19.9332 
19.2822 
18.7577 
18.4855 
18.5054 
18.7963 
19.2673 
19.749 
20.063 
20.0996 
19.8293 
19.2874 
18.5901 
17.9054 
17.3876 
17.1306 
17.1604 
17.4481 
17.8982 
18.3684 
18.7045 
18.7877 
18.5778 
18.0948 
17.4191 
16.7017 
16.1347 
15.8682 
15.9518 
16.3879 
17.1205 
17.9588 
18.6377 
18.9892 
19.0019 
18.7024 
18.1626 
17.5875 
17.2142 
17.1796 
17.5182 
18.1802 
19.0089 
19.7997 
20.4006 
20.753 
20.8719 
20.7845 
20.5534 
20.2856 
20.0343 
19.808 
19.6369 
19.5614 
19.6046 
19.7732 
20.0418 
20.3116 
20.4674 
20.4617 
20.2571 
19.8181 
19.2229 
18.6423 
18.2287 
18.0281 
17.9857 
18.0567 
18.2011 
18.3447 
18.4393 
18.4809 
18.4894 
18.4973 
18.5327 
18.5856 
18.6132 
18.5885 
18.4859 
18.2687 
17.9414 
17.5642 
17.2193 
16.9731 
16.857 
16.8763 
16.9935 
17.1209 
17.1909 
17.1867 
17.1165 
17.0205 
16.958 
16.959 
17.0484 
17.2486 
17.5084 
17.7229 
17.8143 
17.7586 
17.5574 
17.2414 
16.9022 
16.6722 
16.6574 
16.8938 
17.36 
17.9796 
18.6302 
19.1847 
19.5491 
19.6788 
19.5654 
19.2676 
18.9308 
18.6902 
18.6075 
18.6975 
18.9205 
19.1541 
19.2705 
19.2216 
18.9584 
18.4123 
17.6269 
16.7627 
15.9989 
15.4667 
15.1924 
15.1192 
15.2021 
15.3929 
15.6095 
15.8114 
16.0151 
16.2619 
16.5963 
17.0347 
17.55 
18.0784 
18.539 
18.8626 
19.0125 
18.9796 
18.7896 
18.5121 
18.2276 
18.0029 
17.8834 
17.8836 
18.0064 
18.2424 
18.5468 
18.8483 
19.0747 
19.1769 
19.1401 
18.9818 
18.7605 
18.5632 
18.4597 
18.4749 
18.6123 
18.8523 
19.1179 
19.3051 
19.3444 
19.2156 
18.9436 
18.6097 
18.3284 
18.185 
18.2066 
18.3918 
18.716 
19.1106 
19.4911 
19.7939 
19.9872 
20.076 
20.0899 
20.0474 
19.9513 
19.7996 
19.5767 
19.257 
18.8231 
18.2757 
17.6455 
17.0042 
16.4486 
16.0634 
15.872 
15.8404 
15.9447 
16.1617 
16.4317 
16.6963 
16.9318 
17.1407 
17.3395 
17.5464 
17.7681 
17.9948 
18.2084 
18.3992 
18.5761 
18.7692 
19.027 
19.3943 
19.8813 
20.4509 
21.0258 
21.5129 
21.8348 
21.951 
21.853 
21.5733 
21.191 
20.7823 
20.3882 
20.0186 
19.6655 
19.3176 
18.9698 
18.641 
18.3852 
18.2598 
18.2876 
18.4784 
18.8274 
19.272 
19.7028 
19.9961 
20.0547 
19.8454 
19.3828 
18.7221 
17.9568 
17.1934 
16.5259 
16.0184 
15.6993 
15.5694 
15.622 
15.8275 
16.1279 
16.4837 
16.8803 
17.3016 
17.7254 
18.1217 
18.4549 
18.6876 
18.7905 
18.7514 
18.5668 
18.245 
17.8308 
17.4086 
17.0869 
16.9574 
17.0557 
17.3957 
17.9648 
18.6587 
19.3086 
19.7624 
19.9349 
19.8046 
19.4112 
18.8591 
18.2458 
17.6101 
16.9549 
16.2754 
15.5728 
14.8671 
14.2893 
14.0569 
14.2901 
15.0471 
16.3567 
18.0734 
19.8527 
21.2716 
22.071 
22.2482 
21.8562 
21.0061 
19.9674 
19.0241 
18.3504 
18.0186 
18.1136 
18.4566 
18.5675 
18.3131 
17.8244 
17.183 
16.5035 
15.9613 
15.7536 
15.972 
16.61 
17.6062 
18.8107 
19.9935 
20.9075 
21.408 
21.492 
21.1859 
20.5508 
19.7599 
19.0307 
18.531 
18.3447 
18.4915 
18.9182 
19.4787 
20.0038 
20.3541 
20.4369 
20.2234 
19.733 
19.0345 
18.2425 
17.4917 
16.9128 
16.5992 
16.5873 
16.8819 
17.4559 
18.2185 
19.0268 
19.7228 
20.172 
20.3017 
20.0943 
19.5831 
18.8798 
18.1535 
17.5747 
17.2428 
17.1627 
17.3182 
17.6677 
18.0892 
18.423 
18.5556 
18.4518 
18.0938 
17.4683 
16.6336 
15.709 
14.8278 
14.1193 
13.6858 
13.5818 
13.8203 
14.3775 
15.1707 
16.0686 
16.9283 
17.6344 
18.1288 
18.4142 
18.5229 
18.4764 
18.3328 
18.2024 
18.1409 
18.1301 
18.1223 
18.0506 
17.8558 
17.5165 
17.0645 
16.58 
16.1709 
15.9281 
15.8922 
16.0699 
16.4374 
16.9137 
17.3709 
17.6708 
17.7762 
17.7769 
17.7059 
17.5862 
17.5471 
17.6695 
17.9515 
18.3653 
18.8406 
19.2762 
19.5588 
19.6 
19.3695 
18.8829 
18.2019 
17.4408 
16.7417 
16.2411 
16.0023 
16.001 
16.2115 
16.5877 
16.9951 
17.286 
17.4051 
17.4102 
17.3866 
17.4025 
17.5614 
17.953 
18.5781 
19.3692 
20.2467 
21.1625 
22.0901 
22.9872 
23.7726 
24.3292 
24.553 
24.4034 
23.8431 
22.8282 
21.4314 
19.8642 
18.3857 
17.2143 
16.465 
16.1593 
16.2839 
16.7198 
17.226 
17.6431 
17.9413 
18.1457 
18.3182 
18.5138 
18.7426 
18.9557 
19.0823 
19.088 
18.9466 
18.6354 
18.2007 
17.7278 
17.2845 
16.9157 
16.6405 
16.4514 
16.3249 
16.2406 
16.19 
16.1697 
16.1709 
16.1783 
16.1559 
16.034 
15.7503 
15.2949 
14.721 
14.1428 
13.7255 
13.6158 
13.8662 
14.4506 
15.2631 
16.1063 
16.7497 
17.0681 
17.0864 
16.845 
16.4118 
15.9734 
15.7156 
15.7034 
15.9802 
16.5913 
17.4668 
18.4581 
19.4179 
20.2155 
20.7589 
21.0341 
21.0939 
20.9743 
20.6958 
20.3004 
19.8245 
19.2798 
18.6646 
17.9744 
17.2172 
16.4389 
15.7342 
15.2244 
14.9759 
14.9684 
15.1735 
15.5618 
16.0435 
16.4098 
16.5157 
16.4621 
16.3799 
16.3263 
16.4668 
16.9717 
17.7371 
18.569 
19.3473 
19.9286 
20.1963 
20.1139 
19.688 
18.9705 
18.0874 
17.1948 
16.422 
15.8535 
15.5285 
15.4546 
15.6299 
16.0451 
16.671 
17.4498 
18.2877 
19.0538 
19.6004 
19.8518 
19.8412 
19.6036 
19.1985 
18.7915 
18.5336 
18.4593 
18.559 
18.7526 
18.8815 
18.8628 
18.6063 
17.9767 
17.0384 
16.0518 
15.2913 
14.907 
14.8924 
15.2145 
15.805 
16.4846 
17.0652 
17.4513 
17.619 
17.5379 
17.3191 
17.2345 
17.3816 
17.7185 
18.2081 
18.7532 
19.1769 
19.3032 
19.066 
18.4903 
17.6779 
16.8188 
16.1344 
15.7798 
15.8 
16.1981 
16.9445 
17.9219 
18.9637 
19.9218 
20.6942 
21.2344 
21.5519 
21.7008 
21.7358 
21.6747 
21.5136 
21.2378 
20.8236 
20.2597 
19.5602 
18.766 
17.9458 
17.1882 
16.5833 
16.1994 
16.0696 
16.201 
16.5762 
17.1409 
17.8163 
18.5194 
19.1737 
19.7161 
20.0969 
20.2827 
20.2611 
20.026 
19.5791 
18.9594 
18.2503 
17.5678 
17.0448 
16.7844 
16.8234 
17.172 
17.8097 
18.6229 
19.425 
20.0256 
20.3226 
20.3298 
20.0753 
19.6113 
19.0856 
18.6869 
18.5479 
18.7105 
19.1445 
19.7462 
20.3558 
20.8094 
20.9964 
20.8834 
20.4794 
19.8345 
19.0579 
18.283 
17.6211 
17.1375 
16.8448 
16.7046 
16.661 
16.688 
16.7574 
16.8213 
16.8807 
16.9868 
17.1988 
17.5617 
18.0826 
18.719 
19.3813 
19.9486 
20.3 
20.3578 
20.0996 
19.5513 
18.8022 
17.9946 
17.2846 
16.8022 
16.5821 
16.5714 
16.7325 
17.0318 
17.3898 
17.7293 
18.0143 
18.2542 
18.4811 
18.7085 
18.923 
19.0786 
19.1133 
18.9987 
18.7357 
18.3368 
17.8401 
17.3146 
16.8453 
16.506 
16.3268 
16.2967 
16.4038 
16.6328 
16.9435 
17.2892 
17.6354 
17.9611 
18.254 
18.5062 
18.712 
18.8684 
18.9756 
19.0376 
19.0596 
19.0438 
18.9992 
18.9541 
18.9384 
18.9635 
19.027 
19.1142 
19.1935 
19.2314 
19.2127 
19.1072 
18.8621 
18.4645 
17.9516 
17.3827 
16.8243 
16.3372 
15.9685 
15.7494 
15.6954 
15.8106 
16.0897 
16.513 
17.0413 
17.6166 
18.1664 
18.6173 
18.9148 
19.0356 
18.9765 
18.7915 
18.624 
18.6033 
18.7682 
19.1056 
19.5619 
20.0369 
20.4125 
20.6045 
20.5866 
20.3714 
20.0162 
19.6321 
19.3433 
19.2311 
19.319 
19.5791 
19.9236 
20.2155 
20.3294 
20.2176 
19.8819 
19.3422 
18.6504 
17.8778 
17.0956 
16.37 
15.7654 
15.3499 
15.1785 
15.2723 
15.6529 
16.349 
17.3191 
18.4208 
19.4515 
20.2106 
20.5714 
20.4981 
20.0593 
19.4554 
18.9321 
18.6413 
18.6071 
18.8132 
19.205 
19.6343 
19.9247 
19.9632 
19.7166 
19.2134 
18.5428 
17.8238 
17.1556 
16.597 
16.1705 
15.8804 
15.7213 
15.685 
15.7698 
15.9749 
16.2852 
16.6601 
17.0311 
17.3152 
17.4619 
17.4744 
17.3638 
17.1585 
16.9481 
16.8283 
16.835 
16.9971 
17.3473 
17.8365 
18.3415 
18.7278 
18.8997 
18.8266 
18.5033 
17.9494 
17.2549 
16.5591 
15.998 
15.6687 
15.613 
15.8384 
16.3284 
17.0271 
17.8503 
18.7068 
19.5118 
20.1806 
20.6348 
20.8465 
20.7887 
20.58 
20.5104 
20.6547 
20.9214 
21.2452 
21.5145 
21.6056 
21.4624 
21.0702 
20.4244 
19.5668 
18.6017 
17.6827 
16.977 
16.5954 
16.5604 
16.864 
17.4681 
18.2625 
19.1044 
19.8737 
20.4916 
20.9228 
21.1739 
21.2701 
21.2233 
21.045 
20.759 
20.3809 
19.9242 
19.4126 
18.8769 
18.3498 
17.8659 
17.4662 
17.2113 
17.1632 
17.3461 
17.7514 
18.3395 
19.0248 
19.6895 
20.2108 
20.511 
20.5781 
20.4199 
20.0655 
19.5994 
19.1275 
18.7267 
18.4316 
18.2448 
18.1471 
18.1056 
18.0892 
18.0792 
18.0694 
18.0575 
18.038 
18.0023 
17.9445 
17.885 
17.8674 
17.9168 
18.0435 
18.2588 
18.5555 
18.826 
18.8818 
18.6247 
18.0474 
17.1686 
16.0891 
15.0183 
14.2222 
13.904 
14.1314 
14.9095 
16.177 
17.7206 
19.2447 
20.5023 
21.3493 
21.7317 
21.6432 
21.1788 
20.5537 
19.9505 
19.4576 
19.1088 
18.8844 
18.7169 
18.5123 
18.1855 
17.6947 
17.0593 
16.3763 
15.8288 
15.596 
15.7515 
16.3228 
17.2831 
18.4242 
19.4204 
20.0236 
20.1455 
19.7806 
18.9966 
18.0033 
17.0644 
16.3645 
15.9649 
15.8381 
15.9452 
16.2195 
16.5563 
16.9145 
17.3106 
17.7518 
18.2257 
18.6985 
19.1223 
19.4533 
19.6703 
19.7814 
19.8222 
19.8485 
19.8862 
19.9059 
19.882 
19.7839 
19.5458 
19.1216 
18.5235 
17.8199 
17.1194 
16.5358 
16.1515 
16.0036 
16.0973 
16.3746 
16.7023 
16.9697 
17.1355 
17.2101 
17.2501 
17.3378 
17.5453 
17.9026 
18.386 
18.9142 
19.3548 
19.5874 
19.5657 
19.2526 
18.6079 
17.7064 
16.7488 
15.9848 
15.6128 
15.7052 
16.2916 
17.3596 
18.723 
20.0654 
21.0792 
21.6139 
21.7047 
21.4031 
20.7869 
20.0586 
19.4566 
19.1202 
19.0668 
19.2796 
19.7095 
20.2202 
20.6352 
20.8275 
20.7557 
20.4136 
19.8309 
19.1324 
18.5039 
18.1208 
18.0963 
18.4645 
19.1987 
20.2097 
21.3611 
22.5036 
23.4918 
24.1962 
24.529 
24.461 
23.9859 
23.1215 
21.959 
20.6469 
19.339 
18.1624 
17.1992 
16.4909 
16.0518 
15.8806 
15.973 
16.3166 
16.8743 
17.5845 
18.3587 
19.09 
19.6837 
20.0826 
20.2667 
20.2356 
20.0389 
19.773 
19.4928 
19.1983 
18.8631 
18.4457 
17.9309 
17.3554 
16.803 
16.3861 
16.1943 
16.2592 
16.5861 
17.1523 
17.862 
18.579 
19.1953 
19.6596 
19.9701 
20.1633 
20.2972 
20.3924 
20.4162 
20.3438 
20.1522 
19.7986 
19.2727 
18.6308 
17.9888 
17.4924 
17.2531 
17.3081 
17.667 
18.3154 
19.1563 
20.0359 
20.8048 
21.3471 
21.5989 
21.5429 
21.1946 
20.6057 
19.8605 
19.0661 
18.351 
17.8596 
17.7064 
17.9304 
18.5065 
19.333 
20.2164 
20.9205 
21.2708 
21.2122 
20.7615 
20.0151 
19.1822 
18.5087 
18.1606 
18.1872 
18.5418 
19.0746 
19.5786 
19.8903 
19.9353 
19.6998 
19.2156 
18.5861 
17.96 
17.4781 
17.231 
17.2453 
17.5124 
17.9867 
18.5707 
19.1409 
19.5823 
19.8267 
19.8642 
19.7023 
19.3649 
18.9195 
18.4551 
18.0514 
17.7679 
17.6287 
17.6273 
17.7548 
17.9999 
18.3356 
18.7313 
19.1618 
19.6033 
20.0301 
20.419 
20.763 
21.0775 
21.4012 
21.7903 
22.2935 
22.9168 
23.6077 
24.259 
24.7302 
24.909 
24.7554 
24.2612 
23.4517 
22.4466 
21.4278 
20.567 
19.9859 
19.7417 
19.8449 
20.2311 
20.7467 
21.2413 
21.6123 
21.798 
21.7809 
21.5692 
21.1952 
20.7126 
20.1747 
19.6171 
19.0561 
18.4964 
17.946 
17.43 
16.9948 
16.6991 
16.5874 
16.6738 
16.9504 
17.3776 
17.8719 
18.3272 
18.6524 
18.7979 
18.7511 
18.5551 
18.3506 
18.2892 
18.4279 
18.749 
19.1742 
19.5586 
19.7656 
19.7403 
19.4539 
18.9053 
18.2279 
17.6805 
17.4961 
17.7595 
18.4403 
19.4153 
20.4534 
21.2779 
21.6865 
21.6158 
21.0683 
20.1103 
18.9326 
17.7819 
16.8514 
16.2414 
15.9811 
16.071 
16.4206 
16.825 
17.1074 
17.1812 
17.019 
16.6317 
16.0838 
15.5461 
15.2189 
15.1933 
15.5631 
16.4496 
17.7885 
19.3789 
21.0079 
22.4401 
23.4491 
23.8887 
23.7161 
22.9683 
21.7763 
20.3557 
18.9496 
17.7783 
16.9973 
16.6793 
16.8372 
17.3749 
18.0634 
18.6937 
19.1567 
19.4173 
19.5141 
19.5393 
19.5911 
19.7284 
19.953 
20.2072 
20.3932 
20.4316 
20.2974 
20.0208 
19.6932 
19.4194 
19.2523 
19.1924 
19.2495 
19.3728 
19.4144 
19.3075 
19.0656 
18.7003 
18.2528 
17.8037 
17.4508 
17.263 
17.2596 
17.4395 
17.7879 
18.2605 
18.8027 
19.3688 
19.9219 
20.4284 
20.8571 
21.1833 
21.3932 
21.4943 
21.5097 
21.4523 
21.3265 
21.1405 
20.9019 
20.6193 
20.3086 
19.9931 
19.7376 
19.6401 
19.7511 
20.0886 
20.6707 
21.4758 
22.4149 
23.3319 
24.0049 
24.2249 
23.9092 
23.0812 
21.8463 
20.4068 
19.0121 
17.8834 
17.157 
16.8857 
17.0765 
17.6314 
18.3215 
18.9478 
19.414 
19.6935 
19.8291 
19.9175 
20.0652 
20.3414 
20.7583 
21.2679 
21.7788 
22.1993 
22.4787 
22.617 
22.6608 
22.6884 
22.775 
22.9606 
23.2395 
23.5579 
23.8212 
23.9432 
23.8915 
23.6526 
23.2298 
22.6986 
22.1787 
21.7675 
21.5097 
21.389 
21.3417 
21.291 
21.1806 
20.9906 
20.7405 
20.4812 
20.2771 
20.176 
20.1937 
20.3419 
20.6357 
21.0622 
21.5865 
22.1674 
22.7554 
23.2939 
23.7276 
24.0138 
24.1306 
24.0729 
23.8528 
23.5041 
23.0636 
22.5581 
22.0079 
21.436 
20.878 
20.3865 
20.0236 
19.8241 
19.7803 
19.8818 
20.1041 
20.3268 
20.3838 
20.1992 
19.782 
19.1926 
18.5633 
18.075 
17.8711 
17.9984 
18.4525 
19.1632 
19.928 
20.4681 
20.5744 
20.1796 
19.3362 
18.2206 
17.0966 
16.2171 
15.7194 
15.606 
15.85 
16.4022 
17.147 
17.9551 
18.7288 
19.4004 
19.9233 
20.2678 
20.4227 
20.3864 
20.1997 
20.0017 
19.951 
20.1114 
20.4773 
21.0023 
21.5821 
22.0715 
22.3636 
22.4376 
22.3024 
21.9994 
21.6462 
21.3747 
21.2577 
21.3128 
21.4938 
21.6671 
21.7053 
21.5678 
21.272 
20.8824 
20.5057 
20.2569 
20.215 
20.4042 
20.8038 
21.3458 
21.9318 
22.4712 
22.9017 
23.1919 
23.3399 
23.3634 
23.2749 
23.0769 
22.7714 
22.3616 
21.8557 
21.2742 
20.6535 
20.0468 
19.5197 
19.1218 
18.884 
18.8024 
18.8181 
18.8867 
18.9624 
18.9886 
18.968 
18.9328 
18.9106 
18.9506 
19.096 
19.329 
19.6169 
19.9322 
20.2374 
20.4955 
20.6724 
20.7541 
20.7269 
20.6381 
20.6083 
20.6719 
20.794 
20.9507 
21.1126 
21.2504 
21.3341 
21.3411 
21.2646 
21.1133 
20.9177 
20.7274 
20.5989 
20.5759 
20.6728 
20.8806 
21.1673 
21.4813 
21.7663 
21.9667 
22.0382 
21.9636 
21.7473 
21.4103 
20.9983 
20.5837 
20.2614 
20.113 
20.1718 
20.4605 
20.992 
21.6931 
22.4106 
22.9725 
23.2548 
23.2189 
22.8571 
22.1876 
21.3112 
20.3889 
19.5851 
19.0362 
18.8214 
18.9624 
19.4192 
20.0703 
20.7506 
21.3034 
21.6253 
21.6877 
21.4938 
21.0724 
20.5046 
19.8993 
19.3624 
18.9877 
18.8393 
18.9398 
19.295 
19.8911 
20.6529 
21.4502 
22.1378 
22.5947 
22.8014 
22.8331 
22.7413 
22.5584 
22.346 
22.1386 
21.9044 
21.5611 
21.0303 
20.2994 
19.4462 
18.6271 
18.0429 
17.8528 
18.1099 
18.778 
19.7287 
20.758 
21.6611 
22.2944 
22.5953 
22.5555 
22.2664 
21.9307 
21.712 
21.6349 
21.6343 
21.6611 
21.692 
21.7035 
21.6991 
21.7195 
21.8335 
22.0864 
22.4605 
22.8758 
23.2007 
23.3188 
23.1899 
22.8331 
22.3168 
21.7544 
21.2691 
20.9575 
20.8306 
20.8214 
20.885 
20.998 
21.1175 
21.2127 
21.2772 
21.3189 
21.3507 
21.3789 
21.404 
21.4295 
21.468 
21.5399 
21.6657 
21.8562 
22.1098 
22.41 
22.7235 
23.0021 
23.1896 
23.2418 
23.1438 
22.906 
22.5718 
22.2234 
21.9611 
21.8589 
21.9397 
22.1887 
22.5435 
22.8926 
23.129 
23.1997 
23.0945 
22.8394 
22.5117 
22.1998 
21.9462 
21.7334 
21.4953 
21.1585 
20.691 
20.1222 
19.5396 
19.0661 
18.7873 
18.7132 
18.8322 
19.1094 
19.4532 
19.7645 
19.9887 
20.1142 
20.1648 
20.1892 
20.2382 
20.3454 
20.5193 
20.743 
20.9778 
21.1758 
21.2957 
21.3146 
21.2262 
21.0371 
20.8288 
20.7477 
20.8707 
21.2234 
21.8386 
22.7052 
23.7253 
24.7133 
25.4518 
25.7885 
25.6769 
25.1247 
24.2 
23.0854 
22.0411 
21.318 
21.0721 
21.347 
22.085 
23.0917 
24.0745 
24.754 
24.9623 
24.6542 
23.8899 
22.8666 
21.8625 
21.1152 
20.7506 
20.7993 
21.1833 
21.6929 
22.112 
22.3251 
22.3012 
22.0844 
21.8455 
21.7961 
22.023 
22.5218 
23.2543 
24.1289 
25.0136 
25.7708 
26.2901 
26.5115 
26.4197 
26.045 
25.4753 
24.82 
24.1716 
23.5931 
23.1121 
22.7196 
22.3887 
22.105 
21.9037 
21.8583 
22.0123 
22.3838 
22.9804 
23.7605 
24.6153 
25.3772 
25.8531 
25.9009 
25.4756 
24.6226 
23.5031 
22.3787 
21.5295 
21.1462 
21.2862 
21.8859 
22.7423 
23.5774 
24.1607 
24.3704 
24.1808 
23.682 
23.0862 
22.585 
22.2661 
22.1374 
22.1345 
22.1474 
22.0262 
21.6114 
20.861 
19.9174 
19.069 
18.5911 
18.5921 
19.1288 
20.2149 
21.6203 
22.956 
23.8914 
24.2459 
23.9736 
23.1914 
22.2276 
21.4666 
21.158 
21.3792 
22.099 
23.1728 
24.3207 
25.2347 
25.7451 
25.8556 
25.6037 
25.0568 
24.3772 
23.7415 
23.2639 
22.9858 
22.8782 
22.8636 
22.8594 
22.8086 
22.6867 
22.5036 
22.2966 
22.1143 
22.0036 
21.9978 
22.1079 
22.3296 
22.6409 
22.9873 
23.2788 
23.4309 
23.4094 
23.1846 
22.7243 
22.093 
21.462 
21.0337 
20.954 
21.268 
21.9319 
22.7926 
23.6103 
24.1581 
24.3084 
24.0301 
23.3739 
22.5003 
21.6364 
21.0142 
20.742 
20.7548 
20.9836 
21.3488 
21.7078 
21.9769 
22.1579 
22.2906 
22.4257 
22.5927 
22.7888 
22.9628 
23.037 
22.9704 
22.7325 
22.2933 
21.6933 
21.0571 
20.5506 
20.3042 
20.3616 
20.7379 
21.4269 
22.329 
23.284 
24.1498 
24.8347 
25.2972 
25.5335 
25.5622 
25.3961 
25.0379 
24.4998 
23.8217 
23.0843 
22.4058 
21.9156 
21.7039 
21.7982 
22.1703 
22.7269 
23.3325 
23.8589 
24.2149 
24.3569 
24.2764 
24.019 
23.6989 
23.4368 
23.3067 
23.3319 
23.5221 
23.8127 
24.0297 
24.0584 
23.8016 
23.1738 
22.2842 
21.3462 
20.6003 
20.2634 
20.4188 
21.1213 
22.4079 
24.1188 
25.929 
27.5035 
28.5868 
29.0509 
28.8706 
28.1712 
27.2477 
26.3711 
25.6877 
25.2519 
25.0275 
24.9161 
24.8478 
24.8245 
24.8628 
24.9971 
25.3057 
25.848 
26.6179 
27.533 
28.4319 
29.1144 
29.4315 
29.3361 
28.8222 
27.9202 
26.7609 
25.5371 
24.4266 
23.5537 
22.9704 
22.6526 
22.544 
22.6161 
22.8023 
22.9692 
23.0414 
23.0132 
22.9317 
22.8783 
22.874 
22.9586 
23.2228 
23.6676 
24.2093 
24.7548 
25.2196 
25.5471 
25.7238 
25.7839 
25.7974 
25.8317 
25.9117 
26.0063 
26.0606 
26.0469 
25.9333 
25.6779 
25.3126 
24.9363 
24.6383 
24.4613 
24.3927 
24.3751 
24.3313 
24.1979 
23.9537 
23.6318 
23.3469 
23.2496 
23.4104 
23.8193 
24.4129 
25.0574 
25.5572 
25.7385 
25.5388 
24.9852 
24.1881 
23.3525 
22.7201 
22.4643 
22.6387 
23.2278 
24.1487 
25.2268 
26.256 
27.067 
27.5649 
27.7264 
27.5567 
27.0947 
26.4286 
25.6577 
24.8737 
24.1603 
23.5835 
23.1867 
22.9902 
22.9986 
23.187 
23.4881 
23.8226 
24.1214 
24.3314 
24.426 
24.3987 
24.2645 
24.0653 
23.8536 
23.6918 
23.6438 
23.736 
23.968 
24.3306 
24.7899 
25.2775 
25.7027 
25.9859 
26.0839 
25.9861 
25.7222 
25.3768 
25.051 
24.8232 
24.7359 
24.7998 
25.0022 
25.3024 
25.6423 
25.9589 
26.1865 
26.2739 
26.2007 
25.96 
25.5625 
25.0752 
24.6124 
24.2959 
24.2094 
24.3784 
24.7765 
25.3121 
25.8407 
26.2048 
26.2898 
26.0589 
25.5399 
24.8352 
24.1187 
23.5857 
23.3749 
23.5296 
24.0046 
24.6448 
25.209 
25.4987 
25.4438 
25.0347 
24.3274 
23.5377 
22.9673 
22.8328 
23.2015 
24.0151 
25.084 
26.146 
26.9922 
27.5248 
27.7232 
27.5908 
27.2087 
26.7497 
26.3461 
26.0832 
26.0433 
26.2648 
26.738 
27.4076 
28.1526 
28.7868 
29.1393 
29.1428 
28.7513 
27.9292 
26.7933 
25.5792 
24.5201 
23.7933 
23.4892 
23.628 
24.1208 
24.7433 
25.2819 
25.6291 
25.7483 
25.6378 
25.3547 
25.0191 
24.725 
24.5103 
24.3812 
24.3134 
24.2647 
24.2005 
24.1112 
24.0147 
23.944 
23.9223 
23.956 
24.0332 
24.1174 
24.1671 
24.1766 
24.1681 
24.1799 
24.2909 
24.5843 
25.0978 
25.8166 
26.662 
27.4907 
28.1321 
28.4644 
28.4498 
28.0981 
27.4661 
26.68 
25.9 
25.2766 
24.9125 
24.8441 
25.0742 
25.5722 
26.2354 
26.9068 
27.4179 
27.6442 
27.5425 
27.0888 
26.2706 
25.1773 
23.9939 
22.9358 
22.2017 
21.9163 
22.1152 
22.7507 
23.6722 
24.6693 
25.5449 
26.1602 
26.4522 
26.411 
26.1292 
25.8278 
25.6828 
25.741 
26.0423 
26.6405 
27.4926 
28.4615 
29.3824 
30.0914 
30.4801 
30.5213 
30.2189 
29.6102 
28.8089 
27.9636 
27.1899 
26.5475 
26.0532 
25.6994 
25.4792 
25.4003 
25.4737 
25.7241 
26.1697 
26.7619 
27.3721 
27.8104 
27.9073 
27.602 
26.9231 
25.9826 
24.9835 
24.1633 
23.6905 
23.6128 
23.927 
24.578 
25.3949 
26.1556 
26.6924 
26.9426 
26.9858 
26.9648 
26.9892 
27.1688 
27.5633 
28.1239 
28.7263 
29.2128 
29.4674 
29.454 
29.1779 
28.6788 
28.0499 
27.4052 
26.8438 
26.4406 
26.239 
26.2518 
26.4813 
26.9189 
27.5207 
28.2055 
28.8694 
29.4042 
29.7338 
29.8331 
29.7014 
29.3599 
28.8768 
28.3468 
27.8547 
27.4539 
27.1643 
26.9872 
26.9095 
26.9101 
26.98 
27.1164 
27.3047 
27.5119 
27.6874 
27.7834 
27.7802 
27.664 
27.4258 
27.1058 
26.7865 
26.5655 
26.5229 
26.687 
27.0479 
27.5669 
28.1726 
28.776 
29.2879 
29.6378 
29.8034 
29.8071 
29.6657 
29.398 
29.0566 
28.7092 
28.4141 
28.212 
28.1213 
28.1456 
28.256 
28.3738 
28.4243 
28.3813 
28.2394 
28.0081 
27.7382 
27.502 
27.3492 
27.2855 
27.2676 
27.2127 
27.0402 
26.7261 
26.3274 
25.9787 
25.8189 
25.9105 
26.3479 
27.267 
28.6194 
30.1554 
31.5595 
32.5339 
32.8913 
32.5777 
31.6658 
30.3871 
29.0617 
27.9658 
27.2626 
27.0116 
27.2202 
27.7825 
28.4469 
28.9761 
29.2444 
29.2143 
28.9124 
28.4264 
27.8756 
27.3507 
26.8956 
26.5274 
26.2683 
26.1481 
26.1873 
26.4501 
27.0337 
27.933 
29.0187 
30.0993 
30.964 
31.4738 
31.6022 
31.3602 
30.7986 
30.0681 
29.3634 
28.8386 
28.5737 
28.5881 
28.8541 
29.2879 
29.7792 
30.2239 
30.533 
30.6505 
30.5597 
30.2704 
29.8321 
29.3541 
28.9792 
28.8149 
28.8952 
29.2122 
29.7169 
30.3003 
30.8326 
31.2079 
31.3669 
31.2959 
30.9945 
30.4685 
29.7492 
28.8956 
27.9959 
27.1688 
26.5451 
26.1981 
26.1156 
26.2756 
26.6352 
27.0716 
27.4476 
27.6936 
27.8293 
27.9603 
28.2484 
28.8397 
29.7948 
31.0625 
32.4785 
33.7887 
34.7218 
35.097 
34.8611 
34.0871 
32.9982 
31.8839 
30.9735 
30.3899 
30.1722 
30.3238 
30.7494 
31.2224 
31.5321 
31.5674 
31.2947 
30.7436 
30.0094 
29.223 
28.497 
27.9025 
27.4686 
27.1823 
27.0095 
26.933 
26.9544 
27.1042 
27.4359 
27.9689 
28.6614 
29.4128 
30.0865 
30.5614 
30.7715 
30.6998 
30.4139 
30.1314 
30.0822 
30.3495 
30.9111 
31.6687 
32.439 
33.007 
33.2195 
33.0293 
32.4584 
31.5988 
30.6136 
29.6699 
28.8831 
28.3008 
27.9031 
27.6282 
27.4209 
27.2732 
27.2201 
27.2905 
27.4824 
27.7644 
28.0719 
28.3247 
28.4626 
28.4924 
28.4735 
28.4537 
28.5211 
28.8203 
29.4131 
30.2185 
31.0493 
31.6726 
31.9187 
31.735 
31.1696 
30.3832 
29.6096 
29.0544 
28.8308 
28.9676 
29.4208 
30.0618 
30.7335 
31.3095 
31.7051 
31.8785 
31.8188 
31.5365 
31.0713 
30.5001 
29.9333 
29.5003 
29.2991 
29.3617 
29.6896 
30.2445 
30.8893 
31.3945 
31.5515 
31.2839 
30.6192 
29.6717 
28.6607 
27.8533 
27.4466 
27.5029 
28.0179 
28.9126 
29.956 
30.8382 
31.3323 
31.3627 
30.9263 
30.0791 
28.9966 
27.911 
27.0159 
26.4353 
26.2257 
26.3978 
26.9061 
27.638 
28.453 
29.1923 
29.6887 
29.8314 
29.5888 
29.0051 
28.2224 
27.5292 
27.2592 
27.5607 
28.4424 
29.8774 
31.713 
33.6403 
35.3 
36.4117 
36.9243 
36.9929 
36.7273 
36.1772 
35.4325 
34.5676 
33.6134 
32.5967 
31.5811 
30.6802 
30.0359 
29.7551 
29.8719 
30.3797 
31.231 
32.3114 
33.471 
34.566 
35.474 
36.1059 
36.4144 
36.3872 
36.0516 
35.4878 
34.8008 
34.0903 
33.442 
32.9181 
32.5577 
32.3641 
32.3113 
32.3835 
32.5662 
32.8156 
33.074 
33.2937 
33.4503 
33.5477 
33.6183 
33.7156 
33.8925 
34.1793 
34.5755 
35.0459 
35.5211 
35.9189 
36.1789 
36.2995 
36.3263 
36.2893 
36.2105 
36.1234 
36.0354 
35.9151 
35.7081 
35.3556 
34.8171 
34.0822 
33.1724 
32.1373 
31.0497 
30.0006 
29.095 
28.446 
28.142 
28.217 
28.6849 
29.5352 
30.6667 
31.8973 
33.0213 
33.8526 
34.2914 
34.3373 
34.0089 
33.347 
32.4704 
31.5464 
30.7487 
30.2368 
30.1162 
30.4189 
31.109 
32.0575 
33.0452 
33.819 
34.227 
34.2771 
34.0021 
33.4843 
32.9788 
32.7537 
32.9098 
33.4915 
34.4919 
35.6741 
36.6549 
37.1555 
37.0896 
36.5115 
35.6178 
34.7101 
34.0534 
33.7872 
33.9408 
34.4104 
34.9579 
35.38 
35.5937 
35.5801 
35.3815 
35.1115 
34.8837 
34.7513 
34.7042 
34.676 
34.5814 
34.3694 
34.0521 
33.7275 
33.5313 
33.5314 
33.7883 
34.3634 
35.1584 
35.9526 
36.5509 
36.8445 
36.8054 
36.514 
36.188 
36.0229 
36.0769 
36.3764 
36.93 
37.636 
38.3561 
39.0253 
39.641 
40.2577 
40.9641 
41.7923 
42.6603 
43.3152 
43.4362 
42.8803 
41.6557 
39.836 
37.6103 
35.2797 
33.1766 
31.5566 
30.547 
30.1844 
30.4707 
31.3193 
32.5317 
33.9262 
35.3672 
36.7142 
37.8318 
38.6185 
39.053 
39.1812 
39.0354 
38.6781 
38.2624 
37.9457 
37.8202 
37.9148 
38.1957 
38.5535 
38.8174 
38.8374 
38.5593 
38.0023 
37.2429 
36.4232 
35.7103 
35.2328 
35.0446 
35.1504 
35.4057 
35.5641 
35.5517 
35.2926 
34.6108 
33.5381 
32.2984 
31.1355 
30.2638 
29.8171 
29.8344 
30.3026 
31.1506 
32.2236 
33.3179 
34.2307 
34.8048 
34.9627 
34.6876 
34.0199 
33.1006 
32.1584 
31.4539 
31.1835 
31.4147 
32.1571 
33.3571 
34.8025 
36.1917 
37.2808 
37.9657 
38.3079 
38.499 
38.7566 
39.2177 
39.8921 
40.6579 
41.2976 
41.6252 
41.5792 
41.1617 
40.4334 
39.5673 
38.777 
38.2172 
37.9564 
38.0078 
38.3359 
38.8525 
39.478 
40.1603 
40.8352 
41.4068 
41.7588 
41.8051 
41.5185 
40.9338 
40.1695 
39.4098 
38.8421 
38.589 
38.6865 
39.0925 
39.6742 
40.2516 
40.6761 
40.8692 
40.8141 
40.5765 
40.3109 
40.1464 
40.1281 
40.2631 
40.5321 
40.873 
41.1988 
41.4124 
41.4295 
41.2168 
40.7789 
40.1407 
39.3604 
38.5333 
37.7816 
37.2337 
36.9803 
37.0502 
37.4562 
38.2034 
39.2346 
40.43 
41.6308 
42.6459 
43.2817 
43.4089 
42.9898 
42.0794 
40.8682 
39.6593 
38.7747 
38.4365 
38.7124 
39.5556 
40.7973 
42.1747 
43.4434 
44.4479 
45.1338 
45.5409 
45.7547 
45.8281 
45.7717 
45.5385 
45.0228 
44.1591 
42.9735 
41.5885 
40.2255 
39.1173 
38.4094 
38.1523 
38.3509 
38.8874 
39.481 
39.8846 
39.9903 
39.7715 
39.281 
38.6933 
38.271 
38.2273 
38.6345 
39.4444 
40.4737 
41.4078 
41.9583 
42.0025 
41.5258 
40.635 
39.662 
39.0005 
38.8681 
39.3146 
40.2307 
41.2714 
41.9893 
42.0876 
41.4817 
40.2731 
38.7915 
37.4953 
36.7198 
36.5735 
37.059 
38.0948 
39.4281 
40.7285 
41.7275 
42.3035 
42.4714 
42.2638 
41.7291 
40.9856 
40.179 
39.4433 
38.8942 
38.6098 
38.6165 
38.9273 
39.5439 
40.4005 
41.3637 
42.2703 
42.9585 
43.3288 
43.3674 
43.0846 
42.5191 
41.792 
41.0739 
40.5266 
40.2562 
40.2944 
40.6408 
41.264 
42.0631 
42.8877 
43.5824 
44.0289 
44.1745 
44.0095 
43.5605 
42.9116 
42.1772 
41.4542 
40.8017 
40.2459 
39.8011 
39.5126 
39.4543 
39.6671 
40.1487 
40.8654 
41.7303 
42.5939 
43.2721 
43.6413 
43.6871 
43.4244 
42.9071 
42.3055 
41.8441 
41.6291 
41.6094 
41.7317 
41.9237 
42.0495 
42.0361 
41.8262 
41.3628 
40.754 
40.2339 
39.9783 
40.0423 
40.3728 
40.7796 
41.0322 
41.0277 
40.6885 
39.956 
39.0149 
38.2192 
37.8273 
37.919 
38.4826 
39.4145 
40.4559 
41.2889 
41.7293 
41.7757 
41.4653 
40.8706 
40.1702 
39.6079 
39.3932 
39.606 
40.2543 
41.3355 
42.7742 
44.3866 
45.9087 
47.0638 
47.6969 
47.8163 
47.4588 
46.6949 
45.7081 
44.7049 
43.8207 
43.1087 
42.5269 
41.98 
41.4416 
41.0033 
40.7906 
40.869 
41.3524 
42.3974 
43.9336 
45.6412 
47.1146 
48.0382 
48.3031 
47.9051 
46.9424 
45.7123 
44.5821 
43.8101 
43.5109 
43.6999 
44.2346 
44.7603 
44.9592 
44.7312 
44.101 
43.1848 
42.2104 
41.4642 
41.1617 
41.3712 
42.0736 
43.1574 
44.3831 
45.4722 
46.2153 
46.5106 
46.3389 
45.8099 
45.1852 
44.7111 
44.5154 
44.6352 
45.0455 
45.6535 
46.3055 
46.8388 
47.146 
47.201 
47.0075 
46.6019 
46.1025 
45.7065 
45.599 
45.852 
46.4451 
47.2886 
48.2106 
48.9882 
49.4455 
49.5269 
49.2288 
48.6241 
47.9785 
47.5898 
47.5759 
48.0282 
49.0411 
50.4513 
51.8894 
52.9355 
53.2391 
52.6716 
51.2708 
49.1958 
46.7503 
44.3222 
42.2928 
40.9481 
40.431 
40.7723 
41.8342 
43.2492 
44.5677 
45.3998 
45.6643 
45.6372 
45.5475 
45.463 
45.4412 
45.6682 
46.3468 
47.3176 
48.1346 
48.463 
48.203 
47.3595 
46.0373 
44.5488 
43.3239 
42.6807 
42.7199 
43.438 
44.7381 
46.3393 
47.888 
49.1177 
49.9138 
50.3293 
50.5396 
50.732 
51.0129 
51.3035 
51.387 
51.139 
50.522 
49.5101 
48.167 
46.6874 
45.3522 
44.4121 
43.9373 
43.8444 
44.0733 
44.5761 
45.2514 
46.0186 
46.857 
47.7716 
48.764 
49.8118 
50.8578 
51.8236 
52.6458 
53.2994 
53.7869 
54.1225 
54.3195 
54.3801 
54.3015 
54.0845 
53.757 
53.4566 
53.3899 
53.6552 
54.2555 
55.1658 
56.2865 
57.4166 
58.246 
58.4727 
57.9769 
56.781 
54.9919 
52.8294 
50.5979 
48.629 
47.2221 
46.5673 
46.7203 
47.6527 
49.2315 
51.1806 
53.1331 
54.7204 
55.7 
56.0105 
55.6606 
54.7365 
53.5007 
52.3087 
51.471 
51.1691 
51.4521 
52.248 
53.3347 
54.412 
55.213 
55.6184 
55.6678 
55.4079 
54.9042 
54.3197 
53.8164 
53.4682 
53.2745 
53.2041 
53.2436 
53.3365 
53.3719 
53.3172 
53.2008 
53.0593 
52.9507 
52.9244 
52.9973 
53.1577 
53.369 
53.5872 
53.7911 
53.9931 
54.2396 
54.5869 
55.0552 
55.6036 
56.1346 
56.5241 
56.6799 
56.5737 
56.2492 
55.8378 
55.5036 
55.3571 
55.4316 
55.6989 
56.074 
56.4602 
56.8034 
57.092 
57.3492 
57.6149 
57.9112 
58.2216 
58.4862 
58.6335 
58.6301 
58.4429 
58.0315 
57.4358 
56.7661 
56.1311 
55.607 
55.2282 
54.997 
54.9007 
54.9293 
55.0551 
55.2302 
55.4333 
55.6692 
55.9437 
56.2588 
56.5921 
56.8767 
57.0362 
57.0373 
56.8587 
56.4908 
56.0035 
55.5215 
55.1399 
54.8657 
54.5933 
54.1236 
53.2711 
52.0123 
50.5552 
49.3145 
48.6928 
48.8519 
49.9482 
52.1832 
55.3486 
58.8129 
61.8685 
63.965 
64.8304 
64.411 
62.9954 
61.2796 
59.9219 
59.26 
59.3899 
60.2119 
61.4064 
62.531 
63.245 
63.4124 
63.0161 
62.1399 
61.055 
60.1416 
59.6614 
59.6631 
60.1231 
60.9452 
61.8666 
62.5924 
62.9552 
62.9124 
62.5387 
62.0372 
61.6072 
61.336 
61.2243 
61.2122 
61.201 
61.0956 
60.8417 
60.4403 
59.9531 
59.492 
59.165 
59.0134 
58.9881 
58.9594 
58.7585 
58.2537 
57.4196 
56.3628 
55.2884 
54.4025 
53.8269 
53.6006 
53.7245 
54.0976 
54.5045 
54.7923 
54.9297 
54.9566 
54.9757 
55.1236 
55.5225 
56.2358 
57.2504 
58.4691 
59.7143 
60.7711 
61.4573 
61.7497 
61.7747 
61.6151 
61.3281 
61.0306 
60.8027 
60.6187 
60.3679 
59.924 
59.2194 
58.274 
57.2034 
56.2143 
55.5484 
55.3776 
55.7548 
56.6304 
57.8425 
59.1658 
60.419 
61.5185 
62.4577 
63.2579 
63.9397 
64.474 
64.771 
64.7669 
64.3971 
63.6149 
62.5825 
61.6674 
61.1986 
61.3021 
62.1124 
63.8231 
66.3202 
69.171 
71.8925 
74.1134 
75.6705 
76.6333 
77.2634 
77.9106 
78.89 
80.3999 
82.4924 
85.0723 
87.9197 
90.7507 
93.295 
95.3568 
96.8469 
97.788 
98.29 
98.4624 
98.3452 
97.9896 
97.4943 
96.905 
96.2251 
95.4862 
94.7637 
94.1714 
93.812 
93.7288 
93.9264 
94.3619 
94.8981 
95.3486 
95.5802 
95.5519 
95.2944 
94.9191 
94.6013 
94.4797 
94.5987 
94.9133 
95.2683 
95.4831 
95.4809 
95.2045 
94.6079 
93.8224 
93.1043 
92.6681 
92.625 
93.0012 
93.7576 
94.7612 
95.8039 
96.6591 
97.1588 
97.2435 
96.9096 
96.217 
95.3605 
94.6217 
94.2188 
94.2256 
94.6829 
95.6177 
96.903 
98.2999 
99.5876 
100.616 
101.328 
101.761 
102.023 
102.244 
102.528 
102.934 
103.47 
104.09 
104.698 
105.165 
105.38 
105.299 
104.875 
104.026 
102.789 
101.352 
99.9825 
98.9649 
98.4941 
98.6303 
99.3717 
100.657 
102.299 
104.042 
105.651 
106.958 
107.873 
108.366 
108.433 
108.075 
107.298 
106.122 
104.626 
102.976 
101.439 
100.326 
99.8719 
100.149 
101.139 
102.698 
104.458 
105.932 
106.759 
106.829 
106.142 
104.794 
103.087 
101.404 
100.035 
99.1088 
98.5796 
98.2772 
98.0155 
97.6698 
97.1942 
96.6203 
96.033 
95.5273 
95.2089 
95.1802 
95.4851 
96.1291 
97.1061 
98.3724 
99.8368 
101.371 
102.833 
104.102 
105.097 
105.787 
106.191 
106.347 
106.273 
106.012 
105.75 
105.714 
105.997 
106.684 
107.873 
109.586 
111.778 
114.308 
116.911 
119.25 
120.98 
121.868 
121.843 
120.925 
119.233 
117.06 
114.807 
112.863 
111.523 
110.931 
111.114 
111.915 
112.957 
113.897 
114.566 
114.928 
115.08 
115.215 
115.536 
116.153 
117.047 
118.056 
118.875 
119.207 
118.933 
117.995 
116.36 
114.223 
111.986 
110.076 
108.829 
108.419 
108.888 
110.168 
112.024 
114.098 
116.02 
117.51 
118.438 
118.802 
118.631 
118.104 
117.568 
117.227 
117.085 
117.074 
117.082 
116.977 
116.625 
115.961 
115.04 
114.01 
113.078 
112.438 
112.211 
112.427 
113.028 
113.832 
114.613 
115.188 
115.456 
115.396 
115.096 
114.775 
114.595 
114.572 
114.685 
114.879 
115.051 
115.166 
115.354 
115.881 
117.036 
118.988 
121.717 
124.953 
128.116 
130.401 
131.132 
130.073 
127.343 
123.387 
118.984 
115.019 
112.206 
110.915 
111.222 
112.765 
114.669 
116.16 
116.929 
117.104 
117.071 
117.237 
118.007 
119.559 
121.684 
123.902 
125.713 
126.846 
127.26 
126.995 
126.343 
125.813 
125.619 
125.867 
126.409 
126.574 
125.998 
124.706 
122.762 
120.452 
118.316 
116.88 
116.403 
116.936 
118.361 
120.303 
122.27 
123.879 
124.952 
125.447 
125.367 
124.869 
124.285 
123.846 
123.6 
123.53 
123.613 
123.823 
124.101 
124.392 
124.668 
124.918 
125.143 
125.339 
125.483 
125.547 
125.514 
125.351 
125.006 
124.49 
123.879 
123.267 
122.732 
122.31 
122.002 
121.772 
121.574 
121.371 
121.158 
120.986 
120.93 
121.032 
121.281 
121.619 
121.895 
121.924 
121.62 
120.994 
120.103 
119.073 
118.067 
117.224 
116.622 
116.27 
116.12 
116.077 
116.044 
115.954 
115.79 
115.626 
115.595 
115.768 
116.16 
116.78 
117.589 
118.482 
119.301 
119.845 
119.942 
119.532 
118.635 
117.337 
115.788 
114.152 
112.537 
110.977 
109.468 
108 
106.571 
105.217 
104.062 
103.29 
103.052 
103.399 
104.283 
105.529 
106.836 
107.829 
108.195 
107.823 
106.755 
105.151 
103.289 
101.479 
99.9705 
98.8872 
98.2166 
97.8346 
97.5698 
97.2689 
96.8335 
96.2327 
95.5045 
94.7505 
94.1649 
93.9687 
94.2569 
95.0275 
96.2477 
97.8155 
99.5446 
101.195 
102.53 
103.371 
103.724 
103.75 
103.552 
103.184 
102.755 
102.331 
101.871 
101.258 
100.373 
99.1652 
97.6698 
96.0037 
94.3353 
92.8552 
91.7464 
91.0967 
90.8384 
90.9003 
91.1227 
91.216 
91.1144 
90.9356 
90.8197 
90.8685 
91.1788 
91.8667 
92.8303 
93.6521 
93.855 
93.2355 
91.8263 
89.8041 
87.5342 
85.5019 
84.1588 
83.7677 
84.3972 
85.9529 
88.1285 
90.4884 
92.6333 
94.2846 
95.3112 
95.6974 
95.4655 
94.7245 
93.6987 
92.5685 
91.4434 
90.4292 
89.6073 
89.0066 
88.5893 
88.257 
87.8761 
87.3266 
86.5462 
85.5484 
84.4323 
83.3749 
82.5511 
82.0463 
81.8739 
82.029 
82.4665 
83.1028 
83.8904 
84.8371 
85.9743 
87.3192 
88.8454 
90.4405 
91.8548 
92.769 
92.9655 
92.3837 
91.1297 
89.5495 
88.1291 
87.2347 
86.9946 
87.4171 
88.4125 
89.7076 
90.9597 
91.9225 
92.502 
92.7626 
92.8736 
92.9957 
93.2022 
93.4201 
93.4825 
93.2982 
92.8764 
92.298 
91.7389 
91.3998 
91.392 
91.7383 
92.3539 
92.9769 
93.3354 
93.3315 
92.9318 
92.1567 
91.2293 
90.4739 
90.1043 
90.1821 
90.6321 
91.147 
91.3336 
91.0254 
90.2364 
89.0625 
87.716 
86.4731 
85.5638 
85.0839 
84.9488 
84.9667 
84.9231 
84.5916 
84.0908 
83.9034 
84.2973 
85.4324 
87.6465 
91.1664 
95.8988 
101.482 
107.462 
113.503 
119.486 
125.522 
131.835 
138.55 
145.595 
152.664 
159.2 
164.607 
168.518 
170.902 
172.052 
172.496 
172.779 
173.268 
174.087 
174.943 
175.274 
174.791 
173.446 
171.26 
168.477 
165.593 
163.2 
161.712 
161.248 
161.804 
163.285 
165.404 
167.761 
169.943 
171.553 
172.312 
172.133 
171.014 
169.054 
166.607 
164.211 
162.413 
161.578 
161.808 
163.1 
165.37 
168.335 
171.591 
174.73 
177.369 
179.192 
180.003 
179.748 
178.517 
176.599 
174.412 
172.366 
170.748 
169.636 
168.87 
168.101 
166.965 
165.263 
163.036 
160.618 
158.659 
157.804 
158.32 
160.38 
164.074 
168.831 
173.537 
177.068 
178.858 
179.033 
177.784 
175.399 
172.654 
170.522 
169.52 
169.546 
170.425 
171.884 
173.273 
174.025 
173.974 
173.167 
171.8 
170.19 
168.595 
167.117 
165.761 
164.511 
163.381 
162.58 
162.461 
163.202 
164.803 
167.182 
170.081 
173.009 
175.362 
176.726 
177.017 
176.265 
174.614 
172.469 
170.354 
168.689 
167.687 
167.272 
167.189 
167.298 
167.527 
167.754 
167.985 
168.361 
169.028 
170.031 
171.265 
172.493 
173.381 
173.642 
173.172 
172.009 
170.295 
168.269 
166.202 
164.348 
162.919 
162.057 
161.821 
162.22 
163.209 
164.637 
166.259 
167.797 
168.991 
169.69 
169.882 
169.586 
168.861 
167.88 
166.876 
166.045 
165.496 
165.225 
165.105 
164.892 
164.3 
163.125 
161.355 
159.205 
157.092 
155.517 
154.851 
155.211 
156.589 
158.854 
161.631 
164.441 
166.911 
168.856 
170.244 
171.165 
171.792 
172.308 
172.838 
173.442 
174.15 
175.025 
176.195 
177.839 
180.109 
183.028 
186.442 
190.04 
193.415 
196.171 
198.016 
198.815 
198.544 
197.363 
195.637 
193.676 
191.646 
189.651 
187.796 
186.234 
185.163 
184.75 
185.052 
185.975 
187.212 
188.294 
188.82 
188.629 
187.615 
185.705 
183.201 
180.691 
178.74 
177.639 
177.376 
177.883 
179.043 
180.573 
182.135 
183.448 
184.301 
184.572 
184.229 
183.298 
181.881 
180.14 
178.26 
176.409 
174.709 
173.226 
171.988 
171.015 
170.336 
169.978 
169.943 
170.227 
170.807 
171.577 
172.362 
172.976 
173.298 
173.294 
172.961 
172.32 
171.45 
170.465 
169.472 
168.563 
167.826 
167.343 
167.134 
167.142 
167.33 
167.656 
167.954 
168.01 
167.735 
167.13 
166.215 
165.051 
163.73 
162.345 
160.97 
159.653 
158.412 
157.239 
156.099 
154.941 
153.711 
152.366 
150.886 
149.285 
147.601 
145.97 
144.674 
143.998 
144.334 
145.316 
145.608 
144.668 
142.633 
139.652 
136.098 
132.361 
128.811 
125.801 
123.586 
122.29 
121.77 
121.698 
121.905 
122.327 
122.738 
122.87 
122.618 
121.972 
120.928 
119.517 
117.833 
116.014 
114.214 
112.558 
111.097 
109.792 
108.513 
107.067 
105.271 
103.046 
100.46 
97.738 
95.2552 
93.4445 
92.6121 
92.8516 
94.0739 
95.9641 
98.0187 
99.7086 
100.677 
100.822 
100.147 
98.7406 
96.8867 
94.953 
93.2215 
91.8266 
90.7709 
89.9477 
89.1744 
88.275 
87.1561 
85.8299 
84.3893 
82.936 
81.5244 
80.1647 
78.8265 
77.455 
76.0327 
74.6149 
73.3153 
72.2607 
71.5416 
71.1974 
71.2822 
71.6122 
71.7623 
71.607 
71.1408 
70.2121 
68.7642 
66.913 
64.8757 
62.8556 
60.9651 
59.2337 
57.6577 
56.2323 
54.9584 
53.8577 
52.9808 
52.3809 
52.0716 
51.9874 
52.0079 
52.0382 
51.9431 
51.4901 
50.5032 
48.9673 
47.0255 
44.9592 
43.1158 
41.7964 
41.1665 
41.2686 
41.9656 
42.753 
43.0305 
42.5571 
41.3401 
39.4763 
37.2316 
35.015 
33.2141 
32.0504 
31.5899 
31.8316 
32.5753 
33.389 
33.9598 
34.1961 
34.0798 
33.6425 
32.9731 
32.1735 
31.3142 
30.4287 
29.5242 
28.6022 
27.6785 
26.7907 
25.9917 
25.331 
24.8366 
24.5076 
24.3131 
24.1972 
24.0961 
23.9598 
23.7625 
23.4992 
23.1822 
22.8373 
22.4974 
22.1955 
21.9595 
21.8072 
21.7443 
21.7964 
21.9203 
21.9656 
21.8605 
21.6007 
21.1576 
20.5266 
19.7515 
18.9174 
18.1282 
17.4785 
17.0345 
16.8068 
16.7583 
16.8644 
17.109 
17.448 
17.8191 
18.1577 
18.3943 
18.4709 
18.3671 
18.0862 
17.6434 
17.0697 
16.4064 
15.6975 
14.9845 
14.3048 
13.6902 
13.1655 
12.7471 
12.4446 
12.2725 
12.2495 
12.384 
12.6732 
13.098 
13.6026 
14.0872 
14.4132 
14.4603 
14.1859 
13.6155 
12.8509 
12.078 
11.5107 
11.2981 
11.4851 
12.0102 
12.681 
13.2174 
13.3881 
13.1117 
12.4245 
11.4556 
10.4066 
9.46979 
8.76828 
8.34046 
8.1438 
8.07823 
8.03852 
7.95556 
7.80794 
7.61077 
7.44371 
7.39257 
7.43681 
7.50881 
7.55384 
7.48432 
7.23574 
6.85584 
6.40941 
5.9419 
5.51268 
5.16155 
4.90064 
4.71502 
4.57161 
4.44156 
4.31578 
4.19827 
4.09562 
4.01125 
3.93571 
3.84171 
3.69835 
3.48827 
3.21262 
2.89097 
2.55851 
2.24499 
2.02012 
1.9534 
1.99348 
2.05711 
2.09772 
2.0402 
1.84644 
1.58582 
1.31529 
1.04666 
0.799207 
0.588216 
0.42277 
0.304238 
0.22662 
0.178097 
0.145387 
0.118586 
0.092891 
0.0672438 
0.04314 
0.0233351 
0.00971537 
0.00241734 
0 
0 
0 
0 
0 
0 
0 
0 
0 
0 
0 
0 
0 
0 
0 
0 
0 
0 
0 
0 
0 
0 
0 
0 
0 
0 
0 
0 
0 
0 
0 
0 
0 
0 
0 
0 
0 
0 
0 
0 
0 
0 
0 
0 
0 
0 
0 
0 
0 
0 
0 
0 
0 
0 
0 
0 
0 
0 
0 
0 
0 
0 
0 
0 
0 
0 
0 
0 
0 
0 
0 
0 
0 
0 
0 
0 
0 
0 
0 
0 
0 
0 
0 
0 
0 
0 
0 
0 
0 
0 
0 
0 
0 
0 
0 
0 
0 
0 
0 
0 
0 
0 
0 
0 
0 
0 
0 
0 
0 
0 
0 
0 
0 
0 
0 
0 
0 
0 
0 
0 
0 
0 
0 
0 
0 
0 
0 
0 
0 
0 
0 
0 
0 
0 
0 
0 
0 
0 
0 
0 
0 
0 
0 
0 
0 
0 
0 
0 
0 
0 
0 
0 
0 
0 
0 
0 
0 
0 
0 
0 
0 
0 
0 
0 
0 
0 
0 
0 
0 
0 
0 
0 
0 
0 
0 
0 
0 
0 
0 
0 
0 
0 
0 
0 
0 
0 
0 
0 
0 
0 
0 
0 
0 
0 
0 
0 
0 
0 
0 
0 
0 
0 
0 
0 
0 
0 
0 
0 
0 
0 
0 
0 
0 
0 
0 
0 
0 
0 
0 
0 
0 
0 
0 
0 
0 
0 
0 
0 
0 
0 
0 
0 
0 
0 
0 
0 
0 
0 
0 
0 
0 
0 
0 
0 
0 
0 
0 
0 
0 
0 
0 
0 
0 
0 
0 
0 
0 
0 
0 
0 
0 
0 
0 
0 
0 
0 
0 
0 
0 
0 
0 
0 
0 
0 
0 
0 
0 
0 
0 
0 
0 
0 
0 
0 
0 
0 
0 
0 
0 
0 
0 
0 
0 
0 
0 
0 
0 
0 
0 
0 
0 
0 
0 
0 
0 
0 
0 
0 
0 
0 
0 
0 
0 
0 
0 
0 
0 
0 
0 
0 
0 
0 
0 
0 
0 
0 
0 
0 
0 
0 
0 
0 
0 
0 
0 
0 
0 
0 
0 
0 
0 
0 
0 
0 
0 
0 
0 
0 
0 
0 
0 
0 
0 
0 
0 
0 
0 
0 
0 
0 
0 
0 
0 
0 
0 
0 
0 
0 
0 
0 
0 
0 
0 
0 
0 
0 
0 
0 
0 
0 
0 
0 
0 
0 
0 
0 
0 
0 
0 
0 
0 
0 
0 
0 
0 
0 
0 
0 
0 
0 
0 
0 
0 
0 
0 
0 
0 
0 
0 
0 
0 
0 
0 
0 
0 
0 
0 
0 
0 
0 
0 
0 
0 
0 
0 
0 
0 
0 
0 
0 
0 
0 
0 
0 
0 
0 
0 
0 
0 
0 
0 
0 
0 
0 
0 
0 
0 
0 
0 
0 
0 
0 
0 
0 
0 
0 
0 
0 
0 
0 
0 
0 
0 
0 
0 
0 
0 
0 
0 
0 
0 
0 
0 
0 
0 
0 
0 
0 
0 
0 
0 
0 
0 
0 
0 
0 
0 
0 
0 
0 
0 
0 
0 
0 
0 
0 
0 
0 
0 
0 
0 
0 
0 
0 
0 
0 
0 
0 
0 
0 
0 
0 
0 
0 
0 
0 
0 
0 
0 
0 
0 
0 
0 
0 
0 
0 
0 
0 
0 
0 
0 
0 
0 
0 
0 
0 
0 
0 
0 
0 
0 
0 
0 
0 
0 
0 
0 
0 
0 
0 
0 
0 
0 
0 
0 
0 
0 
0 
0 
0 
0 
0 
0 
0 
0 
0 
0 
0 
0 
0 
0 
0 
0 
0 
0 
0 
0 
0 
0 
0 
0 
0 
0 
0 
0 
0 
0 
0 
0 
0 
0 
0 
0 
0 
0 
0 
0 
0 
0 
0 
0 
0 
0 
0 
0 
0 
0 
0 
0 
0 
0 
0 
0 
0 
0 
0 
0 
0 
0 
0 
0 
0 
0 
0 
0 
0 
0 
0 
0 
0 
0 
0 
0 
0 
0 
0 
0 
0 
0 
0 
0 
0 
0 
0 
0 
0 
0 
0 
0 
0 
0 
0 
0 
0 
0 
0 
0 
0 
0 
0 
0 
0 
0 
0 
0 
0 
0 
0 
0 
0 
0 
0 
0 
0 
0 
0 
0 
0 
0 
0 
0 
0 
0 
0 
0 
0 
0 
0 
0 
0 
0 
0 
0 
0 
0 
0 
0 
0 
0 
0 
0 
0 
0 
0 
0 
0 
0 
0 
0 
0 
0 
0 
0 
0 
0 
0 
0 
0 
0 
0 
0 
0 
0 
0 
0 
0 
0 
0 
0 
0 
0 
0 
0 
0 
0 
0 
0 
0 
0 
0 
0 
0 
0 
0 
0 
0 
0 
0 
0 
0 
0 
0 
0 
0 
0 
0 
0 
0 
0 
0 
0 
0 
0 
0 
0 
0 
0 
0 
0 
0 
0 
0 
0 
0 
0 
0 
0 
0 
0 
0 
0 
0 
0 
0 
0 
0 
0 
0 
0 
0 
0 
0 
0 
0 
0 
0 
0 
0 
0 
0 
0 
0 
0 
0 
0 
0 
0 
0 
0 
0 
0 
0 
0 
0 
0 
0 
0 
0 
0 
0 
0 
0 
0 
0 
0 
0 
0 
0 
0 
0 
0 
0 
0 
0 
0 
0 
0 
0 
0 
0 
0 
0 
0 
0 
0 
0 
0 
0 
0 
0 
0 
0 
0 
0 
0 
0 
0 
0 
0 
0 
0 
0 
0 
0 
0 
0 
0 
0 
0 
0 
0 
0 
0 
0 
0 
0 
0 
0 
0 
0 
0 
0 
0 
0 
0 
0 
0 
0 
0 
0 
0 
0 
0 
0 
0 
0 
0 
0 
0 
0 
0 
0 
0 
0 
0 
0 
0 
0 
0 
0 
0 
0 
0 
0 
0 
0 
0 
0 
0 
0 
0 
0 
0 
0 
0 
0 
0 
0 
0 
0 
0 
0 
0 
0 
0 
0 
0 
0 
0 
0 
0 
0 
0 
0 
0 
0 
0 
0 
0 
0 
0 
0 
0 
0 
0 
0 
0 
0 
0 
0 
0 
0 
0 
0 
0 
0 
0 
0 
0 
0 
0 
0 
0 
0 
0 
0 
0 
0 
0 
0 
0 
0 
0 
0 
0 
0 
0 
0 
0 
0 
0 
0 
0 
0 
0 
0 
0 
0 
0 
0 
0 
0 
0 
0 
0 
0 
0 
0 
0 
0 
0 
0 
0 
0 
0 
0 
0 
0 
0 
0 
0 
0 
0 
0 
0 
0 
0 
0 
0 
0 
0 
0 
0 
0 
0 
0 
0 
0 
0 
0 
0 
0 
0 
0 
0 
0 
0 
0 
0 
0 
0 
0 
0 
0 
0 
0 
0 
0 
0 
0 
0 
0 
0 
0 
0 
0 
0 
0 
0 
0 
0 
0 
0 
0 
0 
0 
0 
0 
0 
0 
0 
0 
0 
0 
0 
0 
0 
0 
0 
0 
0 
0 
0 
0 
0 
0 
0 
0 
0 
0 
0 
0 
0 
0 
0 
0 
0 
0 
0 
0 
0 
0 
0 
0 
0 
0 
0 
0 
0 
0 
0 
0 
0 
0 
0 
0 
0 
0 
0 
0 
0 
0 
0 
0 
0 
0 
0 
0 
0 
0 
0 
0 
0 
0 
0 
0 
0 
0 
0 
0 
0 
0 
0 
0 
0 
0 
0 
0 
0 
0 
0 
0 
0 
0 
0 
0 
0 
0 
0 
0 
0 
0 
0 
0 
0 
0 
0 
0 
0 
0 
0 
0 
0 
0 
0 
0 
0 
0 
0 
0 
0 
0 
0 
0 
0 
0 
0 
0 
0 
0 
0 
0 
0 
0 
0 
0 
0 
0 
0 
0 
0 
0 
0 
0 
0 
0 
0 
0 
0 
0 
0 
0 
0 
0 
0 
0 
0 
0 
0 
0 
0 
0 
0 
0 
0 
0 
0 
0 
0 
0 
0 
0 
0 
0 
0 
0 
0 
0 
0 
0 
0 
0 
0 
0 
0 
0 
0 
0 
0 
0 
0 
0 
0 
0 
0 
0 
0 
0 
0 
0 
0 
0 
0 
0 
0 
0 
0 
0 
0 
0 
0 
0 
0 
0 
0 
0 
0 
0 
0 
0 
0 
0 
0 
0 
0 
0 
0 
0 
0 
0 
0 
0 
0 
0 
0 
0 
0 
0 
0 
0 
0 
0 
0 
0 
0 
0 
0 
0 
0 
0 
0 
0 
0 
0 
0 
0 
0 
0 
0 
0 
0 
0 
0 
0 
0 
0 
0 
0 
0 
0 
0 
0 
0 
0 
0 
0 
0 
0 
0 
0 
0 
0 
0 
0 
0 
0 
0 
0 
0 
0 
0 
0 
0 
0 
0 
0 
0 
0 
0 
0 
0 
0 
0 
0 
0 
0 
0 
0 
0 
0 
0 
0 
0 
0 
0 
0 
0 
0 
0 
0 
0 
0 
0 
0 
0 
0 
0 
0 
0 
0 
0 
0 
0 
0 
0 
0 
0 
0 
0 
0 
0 
0 
0 
0 
0 
0 
0 
0 
0 
0 
0 
0 
0 
0 
0 
0 
0 
0 
0 
0 
0 
0 
0 
0 
0 
0 
0 
0 
0 
0 
0 
0 
0 
0 
0 
0 
0 
0 
0 
0 
0 
0 
0 
0 
0 
0 
0 
0 
0 
0 
0 
0 
0 
0 
0 
0 
0 
0 
0 
0 
0 
0 
0 
0 
0 
0 
0 
0 
0 
0 
0 
0 
0 
0 
0 
0 
0 
0 
0 
0 
0 
0 
0 
0 
0 
0 
0 
0 
0 
0 
0 
0 
0 
0 
0 
0 
0 
0 
0 
0 
0 
0 
0 
0 
0 
0 
0 
0 
0 
0 
0 
0 
0 
0 
0 
0 
0 
0 
0 
0 
0 
0 
0 
0 
0 
0 
0 
0 
0 
0 
0 
0 
0 
0 
0 
0 
0 
0 
0 
0 
0 
0 
0 
0 
0 
0 
0 
0 
0 
0 
0 
0 
0 
0 
0 
0 
0 
0 
0 
0 
0 
0 
0 
0 
0 
0 
0 
0 
0 
0 
0 
0 
0 
0 
0 
0 
0 
0 
0 
0 
0 
0 
0 
0 
0 
0 
0 
0 
0 
0 
0 
0 
0 
0 
0 
0 
0 
0 
0 
0 
0 
0 
0 
0 
0 
0 
0 
0 
0 
0 
0 
0 
0 
0 
0 
0 
0 
0 
0 
0 
0 
0 
0 
0 
0 
0 
0 
0 
0 
0 
0 
0 
0 
0 
0 
0 
0 
0 
0 
0 
0 
0 
0 
0 
0 
0 
0 
0 
0 
0 
0 
0 
0 
0 
0 
0 
0 
0 
0 
0 
0 
0 
0 
0 
0 
0 
0 
0 
0 
0 
0 
0 
0 
0 
0 
0 
0 
0 
0 
0 
0 
0 
0 
0 
0 
0 
0 
0 
0 
0 
0 
0 
0 
0 
0 
0 
0 
0 
0 
0 
0 
0 
0 
0 
0 
0 
0 
0 
0 
0 
0 
0 
0 
0 
0 
0 
0 
0 
0 
0 
0 
0 
0 
0 
0 
0 
0 
0 
0 
0 
0 
0 
0 
0 
0 
0 
0 
0 
0 
0 
0 
0 
0 
0 
0 
0 
0 
0 
0 
0 
0 
0 
0 
0 
0 
0 
0 
0 
0 
0 
0 
0 
0 
0 
0 
0 
0 
0 
0 
0 
0 
0 
0 
0 
0 
0 
0 
0 
0 
0 
0 
0 
0 
0 
0 
0 
0 
0 
0 
0 
0 
0 
0 
0 
0 
0 
0 
0 
0 
0 
0 
0 
0 
0 
0 
0 
0 
0 
0 
0 
0 
0 
0 
0 
0 
0 
0 
0 
0 
0 
0 
0 
0 
0 
0 
0 
0 
0 
0 
0 
0 
0 
0 
0 
0 
0 
0 
0 
0 
0 
0 
0 
0 
0 
0 
0 
0 
0 
0 
0 
0 
0 
0 
0 
0 
0 
0 
0 
0 
0 
0 
0 
0 
0 
0 
0 
0 
0 
0 
0 
0 
0 
0 
0 
0 
0 
0 
0 
0 
0 
0 
0 
0 
0 
0 
0 
0 
0 
0 
0 
0 
0 
0 
0 
0 
0 
0 
0 
0 
0 
0 
0 
0 
0 
0 
0 
0 
0 
0 
0 
0 
0 
0 
0 
0 
0 
0 
0 
0 
0 
0 
0 
0 
0 
0 
0 
0 
0 
0 
0 
0 
0 
0 
0 
0 
0 
0 
0 
0 
0 
0 
0 
0 
0 
0 
0 
0 
0 
0 
0 
0 
0 
0 
0 
0 
0 
0 
0 
0 
0 
0 
0 
0 
0 
0 
0 
0 
0 
0 
0 
0 
0 
0 
0 
0 
0 
0 
0 
0 
0 
0 
0 
0 
0 
0 
0 
0 
0 
0 
0 
0 
0 
0 
0 
0 
0 
0 
0 
0 
0 
0 
0 
0 
0 
0 
0 
0 
0 
0 
0 
0 
0 
0 
0 
0 
0 
0 
0 
0 
0 
0 
0 
0 
0 
0 
0 
0 
0 
0 
0 
0 
0 
0 
0 
0 
0 
0 
0 
0 
0 
0 
0 
0 
0 
0 
0 
0 
0 
0 
0 
0 
0 
0 
0 
0 
0 
0 
0 
0 
0 
0 
0 
0 
0 
0 
0 
0 
0 
0 
0 
0 
0 
0 
0 
0 
0 
0 
0 
0 
0 
0 
0 
0 
0 
0 
0 
0 
0 
0 
0 
0 
0 
0 
0 
0 
0 
0 
0 
0 
0 
0 
0 
0 
0 
0 
0 
0 
0 
0 
0 
0 
0 
0 
0 
0 
0 
0 
0 
0 
0 
0 
0 
0 
0 
0 
0 
0 
0 
0 
0 
0 
0 
0 
0 
0 
0 
0 
0 
0 
0 
0 
0 
0 
0 
0 
0 
0 
0 
0 
0 
0 
0 
0 
0 
0 
0 
0 
0 
0 
0 
0 
0 
0 
0 
0 
0 
0 
0 
0 
0 
0 
0 
0 
0 
0 
0 
0 
0 
0 
0 
0 
0 
0 
0 
0 
0 
0 
0 
0 
0 
0 
0 
0 
0 
0 
0 
0 
0 
0 
0 
0 
0 
0 
0 
0 
0 
0 
0 
0 
0 
0 
0 
0 
0 
0 
0 
0 
0 
0 
0 
0 
0 
0 
0 
0 
0 
0 
0 
0 
0 
0 
0 
0 
0 
0 
0 
0 
0 
0 
0 
0 
0 
0 
0 
0 
0 
0 
0 
0 
0 
0 
0 
0 
0 
0 
0 
0 
0 
0 
0 
0 
0 
0 
0 
0 
0 
0 
0 
0 
0 
0 
0 
0 
0 
0 
0 
0 
0 
0 
0 
0 
0 
0 
0 
0 
0 
0 
0 
0 
0 
0 
0 
0 
0 
0 
0 
0 
0 
0 
0 
0 
0 
0 
0 
0 
0 
0 
0 
0 
0 
0 
0 
0 
0 
0 
0 
0 
0 
0 
0 
0 
0 
0 
0 
0 
0 
0 
0 
0 
0 
0 
0 
0 
0 
0 
0 
0 
0 
0 
0 
0 
0 
0 
0 
0 
0 
0 
0 
0 
0 
0 
0 
0 
0 
0 
0 
0 
0 
0 
0 
0 
0 
0 
0 
0 
0 
0 
0 
0 
0 
0 
0 
0 
0 
0 
0 
0 
0 
0 
0 
0 
0 
0 
0 
0 
0 
0 
0 
0 
0 
0 
0 
0 
0 
0 
0 
0 
0 
0 
0 
0 
0 
0 
0 
0 
0 
0 
0 
0 
0 
0 
0 
0 
0 
0 
0 
0 
0 
0 
0 
0 
0 
0 
0 
0 
0 
0 
0 
0 
0 
0 
0 
0 
0 
0 
0 
0 
0 
0 
0 
0 
0 
0 
0 
0 
0 
0 
0 
0 
0 
0 
0 
0 
0 
0 
0 
0 
0 
0 
0 
0 
0 
0 
0 
0 
0 
0 
0 
0 
0 
0 
0 
0 
0 
0 
0 
0 
0 
0 
0 
0 
0 
0 
0 
0 
0 
0 
0 
0 
0 
0 
0 
0 
0 
0 
0 
0 
0 
0 
0 
0 
0 
0 
0 
0 
0 
0 
0 
0 
0 
0 
0 
0 
0 
0 
0 
0 
0 
0 
0 
0 
0 
0 
0 
0 
0 
0 
0 
0 
0 
0 
0 
0 
0 
0 
0 
0 
0 
0 
0 
0 
0 
0 
0 
0 
0 
0 
0 
0 
0 
0 
0 
0 
0 
0 
0 
0 
0 
0 
0 
0 
0 
0 
0 
0 
0 
0 
0 
0 
0 
0 
0 
0 
0 
0 
0 
0 
0 
0 
0 
0 
0 
0 
0 
0 
0 
0 
0 
0 
0 
0 
0 
0 
0 
0 
0 
0 
0 
0 
0 
0 
0 
0 
0 
0 
0 
0 
0 
0 
0 
0 
0 
0 
0 
0 
0 
0 
0 
0 
0 
0 
0 
0 
0 
0 
0 
0 
0 
0 
0 
0 
0 
0 
0 
0 
0 
0 
0 
0 
0 
0 
0 
0 
0 
0 
0 
0 
0 
0 
0 
0 
0 
0 
0 
0 
0 
0 
0 
0 
0 
0 
0 
0 
0 
0 
0 
0 
0 
0 
0 
0 
0 
0 
0 
0 
0 
0 
0 
0 
0 
0 
0 
0 
0 
0 
0 
0 
0 
0 
0 
0 
0 
0 
0 
0 
0 
0 
0 
0 
0 
0 
0 
0 
0 
0 
0 
0 
0 
0 
0 
0 
0 
0 
0 
0 
0 
0 
0 
0 
0 
0 
0 
0 
0 
0 
0 
0 
0 
0 
0 
0 
0 
0 
0 
0 
0 
0 
0 
0 
0 
0 
0 
0 
0 
0 
0 
0 
0 
0 
0 
0 
0 
0 
0 
0 
0 
0 
0 
0 
0 
0 
0 
0 
0 
0 
0 
0 
0 
0 
0 
0 
0 
0 
0 
0 
0 
0 
0 
0 
0 
0 
0 
0 
0 
0 
0 
0 
0 
0 
0 
0 
0 
0 
0 
0 
0 
0 
0 
0 
0 
0 
0 
0 
0 
0 
0 
0 
0 
0 
0 
0 
0 
0 
0 
0 
0 
0 
0 
0 
0 
0 
0 
0 
0 
0 
0 
0 
0 
0 
0 
0 
0 
0 
0 
0 
0 
0 
0 
0 
0 
0 
0 
0 
0 
0 
0 
0 
0 
0 
0 
0 
0 
0 
0 
0 
0 
0 
0 
0 
0 
0 
0 
0 
0 
0 
0 
0 
0 
0 
0 
0 
0 
0 
0 
0 
0 
0 
0 
0 
0 
0 
0 
0 
0 
0 
0 
0 
0 
0 
0 
0 
0 
0 
0 
0 
0 
0 
0 
0 
0 
0 
0 
0 
0 
0 
0 
0 
0 
0 
0 
0 
0 
0 
0 
0 
0 
0 
0 
0 
0 
0 
0 
0 
0 
0 
0 
0 
0 
0 
0 
0 
0 
0 
0 
0 
0 
0 
0 
0 
0 
0 
0 
0 
0 
0 
0 
0 
0 
0 
0 
0 
0 
0 
0 
0 
0 
0 
0 
0 
0 
0 
0 
0 
0 
0 
0 
0 
0 
0 
0 
0 
0 
0 
0 
0 
0 
0 
0 
0 
0 
0 
0 
0 
0 
0 
0 
0 
0 
0 
0 
0 
0 
0 
0 
0 
0 
0 
0 
0 
0 
0 
0 
0 
0 
0 
0 
0 
0 
0 
0 
0 
0 
0 
0 
0 
0 
0 
0 
0 
0 
0 
0 
0 
0 
0 
0 
0 
0 
0 
0 
0 
0 
0 
0 
0 
0 
0 
0 
0 
0 
0 
0 
0 
0 
0 
0 
0 
0 
0 
0 
0 
0 
0 
0 
0 
0 
0 
0 
0 
0 
0 
0 
0 
0 
0 
0 
0 
0 
0 
0 
0 
0 
0 
0 
0 
0 
0 
0 
0 
0 
0 
0 
0 
0 
0 
0 
0 
0 
0 
0 
0 
0 
0 
0 
0 
0 
0 
0 
0 
0 
0 
0 
0 
0 
0 
0 
0 
0 
0 
0 
0 
0 
0 
0 
0 
0 
0 
0 
0 
0 
0 
0 
0 
0 
0 
0 
0 
0 
0 
0 
0 
0 
0 
0 
0 
0 
0 
0 
0 
0 
0 
0 
0 
0 
0 
0 
0 
0 
0 
0 
0 
0 
0 
0 
0 
0 
0 
0 
0 
0 
0 
0 
0 
0 
0 
0 
0 
0 
0 
0 
0 
0 
0 
0 
0 
0 
0 
0 
0 
0 
0 
0 
0 
0 
0 
0 
0 
0 
0 
0 
0 
0 
0 
0 
0 
0 
0 
0 
0 
0 
0 
0 
0 
0 
0 
0 
0 
0 
0 
0 
0 
0 
0 
0 
0 
0 
0 
0 
0 
0 
0 
0 
0 
0 
0 
0 
0 
0 
0 
0 
0 
0 
0 
0 
0 
0 
0 
0 
0 
0 
0 
0 
0 
0 
0 
0 
0 
0 
0 
0 
0 
0 
0 
0 
0 
0 
0 
0 
0 
0 
0 
0 
0 
0 
0 
0 
0 
0 
0 
0 
0 
0 
0 
0 
0 
0 
0 
0 
0 
0 
0 
0 
0 
0 
0 
0 
0 
0 
0 
0 
0 
0 
0 
0 
0 
0 
0 
0 
0 
0 
0 
0 
0 
0 
0 
0 
0 
0 
0 
0 
0 
0 
0 
0 
0 
0 
0 
0 
0 
0 
0 
0 
0 
0 
0 
0 
0 
0 
0 
0 
0 
0 
0 
0 
0 
0 
0 
0 
0 
0 
0 
0 
0 
0 
0 
0 
0 
0 
0 
0 
0 
0 
0 
0 
0 
0 
0 
0 
0 
0 
0 
0 
0 
0 
0 
0 
0 
0 
0 
0 
0 
0 
0 
0 
0 
0 
0 
0 
0 
0 
0 
0 
0 
0 
0 
0 
0 
0 
0 
0 
0 
0 
0 
0 
0 
0 
0 
0 
0 
0 
0 
0 
0 
0 
0 
0 
0 
0 
0 
0 
0 
0 
0 
0 
0 
0 
0 
0 
0 
0 
0 
0 
0 
0 
0 
0 
0 
0 
0 
0 
0 
0 
0 
0 
0 
0 
0 
0 
0 
0 
0 
0 
0 
0 
0 
0 
0 
0 
0 
0 
0 
0 
0 
0 
0 
0 
0 
0 
0 
0 
0 
0 
0 
0 
0 
0 
0 
0 
0 
0 
0 
0 
0 
0 
0 
0 
0 
0 
0 
0 
0 
0 
0 
0 
0 
0 
0 
0 
0 
0 
0 
0 
0 
0 
0 
0 
0 
0 
0 
0 
0 
0 
0 
0 
0 
0 
0 
0 
0 
0 
0 
0 
0 
0 
0 
0 
0 
0 
0 
0 
0 
0 
0 
0 
0 
0 
0 
0 
0 
0 
0 
0 
0 
0 
0 
0 
0 
0 
0 
0 
0 
0 
0 
0 
0 
0 
0 
0 
0 
0 
0 
0 
0 
0 
0 
0 
0 
0 
0 
0 
0 
0 
0 
0 
0 
0 
0 
0 
0 
0 
0 
0 
0 
0 
0 
0 
0 
0 
0 
0 
0 
0 
0 
0 
0 
0 
0 
0 
0 
0 
0 
0 
0 
0 
0 
0 
0 
0 
0 
0 
0 
0 
0 
0 
0 
0 
0 
0 
0 
0 
0 
0 
0 
0 
0 
0 
0 
0 
0 
0 
0 
0 
0 
0 
0 
0 
0 
0 
0 
0 
0 
0 
0 
0 
0 
0 
0 
0 
0 
0 
0 
0 
0 
0 
0 
0 
0 
0 
0 
0 
0 
0 
0 
0 
0 
0 
0 
0 
0 
0 
0 
0 
0 
0 
0 
0 
0 
0 
0 
0 
0 
0 
0 
0 
0 
0 
0 
0 
0 
0 
0 
0 
0 
0 
0 
0 
0 
0 
0 
0 
0 
0 
0 
0 
0 
0 
0 
0 
0 
0 
0 
0 
0 
0 
0 
0 
0 
0 
0 
0 
0 
0 
0 
0 
0 
0 
0 
0 
0 
0 
0 
0 
0 
0 
0 
0 
0 
0 
0 
0 
0 
0 
0 
0 
0 
0 
0 
0 
0 
0 
0 
0 
0 
0 
0 
0 
0 
0 
0 
0 
0 
0 
0 
0 
0 
0 
0 
0 
0 
0 
0 
0 
0 
0 
0 
0 
0 
0 
0 
0 
0 
0 
0 
0 
0 
0 
0 
0 
0 
0 
0 
0 
0 
0 
0 
0 
0 
0 
0 
0 
0 
0 
0 
0 
0 
0 
0 
0 
0 
0 
0 
0 
0 
0 
0 
0 
0 
0 
0 
0 
0 
0 
0 
0 
0 
0 
0 
0 
0 
0 
0 
0 
0 
0 
0 
0 
0 
0 
0 
0 
0 
0 
0 
0 
0 
0 
0 
0 
0 
0 
0 
0 
0 
0 
0 
0 
0 
0 
0 
0 
0 
0 
0 
0 
0 
0 
0 
0 
0 
0 
0 
0 
0 
0 
0 
0 
0 
0 
0 
0 
0 
0 
0 
0 
0 
0 
0 
0 
0 
0 
0 
0 
0 
0 
0 
0 
0 
0 
0 
0 
0 
0 
0 
0 
0 
0 
0 
0 
0 
0 
0 
0 
0 
0 
0 
0 
0 
0 
0 
0 
0 
0 
0 
0 
0 
0 
0 
0 
0 
0 
0 
0 
0 
0 
0 
0 
0 
0 
0 
0 
0 
0 
0 
0 
0 
0 
0 
0 
0 
0 
0 
0 
0 
0 
0 
0 
0 
0 
0 
0 
0 
0 
0 
0 
0 
0 
0 
0 
0 
0 
0 
0 
0 
0 
0 
0 
0 
0 
0 
0 
0 
0 
0 
0 
0 
0 
0 
0 
0 
0 
0 
0 
0 
0 
0 
0 
0 
0 
0 
0 
0 
0 
0 
0 
0 
0 
0 
0 
0 
0 
0 
0 
0 
0 
0 
0 
0 
0 
0 
0 
0 
0 
0 
0 
0 
0 
0 
0 
0 
0 
0 
0 
0 
0 
0 
0 
0 
0 
0 
0 
0 
0 
0 
0 
0 
0 
0 
0 
0 
0 
0 
0 
0 
0 
0 
0 
0 
0 
0 
0 
0 
0 
0 
0 
0 
0 
0 
0 
0 
0 
0 
0 
0 
0 
0 
0 
0 
0 
0 
0 
0 
0 
0 
0 
0 
0 
0 
0 
0 
0 
0 
0 
0 
0 
0 
0 
0 
0 
0 
0 
0 
0 
0 
0 
0 
0 
0 
0 
0 
0 
0 
0 
0 
0 
0 
0 
0 
0 
0 
0 
0 
0 
0 
0 
0 
0 
0 
0 
0 
0 
0 
0 
0 
0 
0 
0 
0 
0 
0 
0 
0 
0 
0 
0 
0 
0 
0 
0 
0 
0 
0 
0 
0 
0 
0 
0 
0 
0 
0 
0 
0 
0 
0 
0 
0 
0 
0 
0 
0 
0 
0 
0 
0 
0 
0 
0 
0 
0 
0 
0 
0 
0 
0 
0 
0 
0 
0 
0 
0 
0 
0 
0 
0 
0 
0 
0 
0 
0 
0 
0 
0 
0 
0 
0 
0 
0 
0 
0 
0 
0 
0 
0 
0 
0 
0 
0 
0 
0 
0 
0 
0 
0 
0 
0 
0 
0 
0 
0 
0 
0 
0 
0 
0 
0 
0 
0 
0 
0 
0 
0 
0 
0 
0 
0 
0 
0 
0 
0 
0 
0 
0 
0 
0 
0 
0 
0 
0 
0 
0 
0 
0 
0 
0 
0 
0 
0 
0 
0 
0 
0 
0 
0 
0 
0 
0 
0 
0 
0 
0 
0 
0 
0 
0 
0 
0 
0 
0 
0 
0 
0 
0 
0 
0 
0 
0 
0 
0 
0 
0 
0 
0 
0 
0 
0 
0 
0 
0 
0 
0 
0 
0 
0 
0 
0 
0 
0 
0 
0 
0 
0 
0 
0 
0 
0 
0 
0 
0 
0 
0 
0 
0 
0 
0 
0 
0 
0 
0 
0 
0 
0 
0 
0 
0 
0 
0 
0 
0 
0 
0 
0 
0 
0 
0 
0 
0 
0 
0 
0 
0 
0 
0 
0 
0 
0 
0 
0 
0 
0 
0 
0 
0 
0 
0 
0 
0 
0 
0 
0 
0 
0 
0 
0 
0 
0 
0 
0 
0 
0 
0 
0 
0 
0 
0 
0 
0 
0 
0 
0 
0 
0 
0 
0 
0 
0 
0 
0 
0 
0 
0 
0 
0 
0 
0 
0 
0 
0 
0 
0 
0 
0 
0 
0 
0 
0 
0 
0 
0 
0 
0 
0 
0 
0 
0 
0 
0 
0 
0 
0 
0 
0 
0 
0 
0 
0 
0 
0 
0 
0 
0 
0 
0 
0 
0 
0 
0 
0 
0 
0 
0 
0 
0 
0 
0 
0 
0 
0 
0 
0 
0 
0 
0 
0 
0 
0 
0 
0 
0 
0 
0 
0 
0 
0 
0 
0 
0 
0 
0 
0 
0 
0 
0 
0 
0 
0 
0 
0 
0 
0 
0 
0 
0 
0 
0 
0 
0 
0 
0 
0 
0 
0 
0 
0 
0 
0 
0 
0 
0 
0 
0 
0 
0 
0 
0 
0 
0 
0 
0 
0 
0 
0 
0 
0 
0 
0 
0 
0 
0 
0 
0 
0 
0 
0 
0 
0 
0 
0 
0 
0 
0 
0 
0 
0 
0 
0 
0 
0 
0 
0 
0 
0 
0 
0 
0 
0 
0 
0 
0 
0 
0 
0 
0 
0 
0 
0 
0 
0 
0 
0 
0 
0 
0 
0 
0 
0 
0 
0 
0 
0 
0 
0 
0 
0 
0 
0 
0 
0 
0 
0 
0 
0 
0 
0 
0 
0 
0 
0 
0 
0 
0 
0 
0 
0 
0 
0 
0 
0 
0 
0 
0 
0 
0 
0 
0 
0 
0 
0 
0 
0 
0 
0 
0 
0 
0 
0 
0 
0 
0 
0 
0 
0 
0 
0 
0 
0 
0 
0 
0 
0 
0 
0 
0 
0 
0 
0 
0 
0 
0 
0 
0 
0 
0 
0 
0 
0 
0 
0 
0 
0 
0 
0 
0 
0 
0 
0 
0 
0 
0 
0 
0 
0 
0 
0 
0 
0 
0 
0 
0 
0 
0 
0 
0 
0 
0 
0 
0 
0 
0 
0 
0 
0 
0 
0 
0 
0 
0 
0 
0 
0 
0 
0 
0 
0 
0 
0 
0 
0 
0 
0 
0 
0 
0 
0 
0 
0 
0 
0 
0 
0 
0 
0 
0 
0 
0 
0 
0 
0 
0 
0 
0 
0 
0 
0 
0 
0 
0 
0 
0 
0 
0 
0 
0 
0 
0 
0 
0 
0 
0 
0 
0 
0 
0 
0 
0 
0 
0 
0 
0 
0 
0 
0 
0 
0 
0 
0 
0 
0 
0 
0 
0 
0 
0 
0 
0 
0 
0 
0 
0 
0 
0 
0 
0 
0 
0 
0 
0 
0 
0 
0 
0 
0 
0 
0 
0 
0 
0 
0 
0 
0 
0 
0 
0 
0 
0 
0 
0 
0 
0 
0 
0 
0 
0 
0 
0 
0 
0 
0 
0 
0 
0 
0 
0 
0 
0 
0 
0 
0 
0 
0 
0 
0 
0 
0 
0 
0 
0 
0 
0 
0 
0 
0 
0 
0 
0 
0 
0 
0 
0 
0 
0 
0 
0 
0 
0 
0 
0 
0 
0 
0 
0 
0 
0 
0 
0 
0 
0 
0 
0 
0 
0 
0 
0 
0 
0 
0 
0 
0 
0 
0 
0 
0 
0 
0 
0 
0 
0 
0 
0 
0 
0 
0 
0 
0 
0 
0 
0 
0 
0 
0 
0 
0 
0 
0 
0 
0 
0 
0 
0 
0 
0 
0 
0 
0 
0 
0 
0 
0 
0 
0 
0 
0 
0 
0 
0 
0 
0 
0 
0 
0 
0 
0 
0 
0 
0 
0 
0 
0 
0 
0 
0 
0 
0 
0 
0 
0 
0 
0 
0 
0 
0 
0 
0 
0 
0 
0 
0 
0 
0 
0 
0 
0 
0 
0 
0 
0 
0 
0 
0 
0 
0 
0 
0 
0 
0 
0 
0 
0 
0 
0 
0 
0 
0 
0 
0 
0 
0 
0 
0 
0 
0 
0 
0 
0 
0 
0 
0 
0 
0 
0 
0 
0 
0 
0 
0 
0 
0 
0 
0 
0 
0 
0 
0 
0 
0 
0 
0 
0 
0 
0 
0 
0 
0 
0 
0 
0 
0 
0 
0 
0 
0 
0 
0 
0 
0 
0 
0 
0 
0 
0 
0 
0 
0 
0 
0 
0 
0 
0 
0 
0 
0 
0 
0 
0 
0 
0 
0 
0 
0 
0 
0 
0 
0 
0 
0 
0 
0 
0 
0 
0 
0 
0 
0 
0 
0 
0 
0 
0 
0 
0 
0 
0 
0 
0 
0 
0 
0 
0 
0 
0 
0 
0 
0 
0 
0 
0 
0 
0 
0 
0 
0 
0 
0 
0 
0 
0 
0 
0 
0 
0 
0 
0 
0 
0 
0 
0 
0 
0 
0 
0 
0 
0 
0 
0 
0 
0 
0 
0 
0 
0 
0 
0 
0 
0 
0 
0 
0 
0 
0 
0 
0 
0 
0 
0 
0 
0 
0 
0 
0 
0 
0 
0 
0 
0 
0 
0 
0 
0 
0 
0 
0 
0 
0 
0 
0 
0 
0 
0 
0 
0 
0 
0 
0 
0 
0 
0 
0 
0 
0 
0 
0 
0 
0 
0 
0 
0 
0 
0 
0 
0 
0 
0 
0 
0 
0 
0 
0 
0 
0 
0 
0 
0 
0 
0 
0 
0 
0 
0 
0 
0 
0 
0 
0 
0 
0 
0 
0 
0 
0 
0 
0 
0 
0 
0 
0 
0 
0 
0 
0 
0 
0 
0 
0 
0 
0 
0 
0 
0 
0 
0 
0 
0 
0 
0 
0 
0 
0 
0 
0 
0 
0 
0 
0 
0 
0 
0 
0 
0 
0 
0 
0 
0 
0 
0 
0 
0 
0 
0 
0 
0 
0 
0 
0 
0 
0 
0 
0 
0 
0 
0 
0 
0 
0 
0 
0 
0 
0 
0 
0 
0 
0 
0 
0 
0 
0 
0 
0 
0 
0 
0 
0 
0 
0 
0 
0 
0 
0 
0 
0 
0 
0 
0 
0 
0 
0 
0 
0 
0 
0 
0 
0 
0 
0 
0 
0 
0 
0 
0 
0 
0 
0 
0 
0 
0 
0 
0 
0 
0 
0 
0 
0 
0 
0 
0 
0 
0 
0 
0 
0 
0 
0 
0 
0 
0 
0 
0 
0 
0 
0 
0 
0 
0 
0 
0 
0 
0 
0 
0 
0 
0 
0 
0 
0 
0 
0 
0 
0 
0 
0 
0 
0 
0 
0 
0 
0 
0 
0 
0 
0 
0 
0 
0 
0 
0 
0 
0 
0 
0 
0 
0 
0 
0 
0 
0 
0 
0 
0 
0 
0 
0 
0 
0 
0 
0 
0 
0 
0 
0 
0 
0 
0 
0 
0 
0 
0 
0 
0 
0 
0 
0 
0 
0 
0 
0 
0 
0 
0 
0 
0 
0 
0 
0 
0 
0 
0 
0 
0 
0 
0 
0 
0 
0 
0 
0 
0 
0 
0 
0 
0 
0 
0 
0 
0 
0 
0 
0 
0 
0 
0 
0 
0 
0 
0 
0 
0 
0 
0 
0 
0 
0 
0 
0 
0 
0 
0 
0 
0 
0 
0 
0 
0 
0 
0 
0 
0 
0 
0 
0 
0 
0 
0 
0 
0 
0 
0 
0 
0 
0 
0 
0 
0 
0 
0 
0 
0 
0 
0 
0 
0 
0 
0 
0 
0 
0 
0 
0 
0 
0 
0 
0 
0 
0 
0 
0 
0 
0 
0 
0 
0 
0 
0 
0 
0 
0 
0 
0 
0 
0 
0 
0 
0 
0 
0 
0 
0 
0 
0 
0 
0 
0 
0 
0 
0 
0 
0 
0 
0 
0 
0 
0 
0 
0 
0 
0 
0 
0 
0 
0 
0 
0 
0 
0 
0 
0 
0 
0 
0 
0 
0 
0 
0 
0 
0 
0 
0 
0 
0 
0 
0 
0 
0 
0 
0 
0 
0 
0 
0 
0 
0 
0 
0 
0 
0 
0 
0 
0 
0 
0 
0 
0 
0 
0 
0 
0 
0 
0 
0 
0 
0 
0 
0 
0 
0 
0 
0 
0 
0 
0 
0 
0 
0 
0 
0 
0 
0 
0 
0 
0 
0 
0 
0 
0 
0 
0 
0 
0 
0 
0 
0 
0 
0 
0 
0 
0 
0 
0 
0 
0 
0 
0 
0 
0 
0 
0 
0 
0 
0 
0 
0 
0 
0 
0 
0 
0 
0 
0 
0 
0 
0 
0 
0 
0 
0 
0 
0 
0 
0 
0 
0 
0 
0 
0 
0 
0 
0 
0 
0 
0 
0 
0 
0 
0 
0 
0 
0 
0 
0 
0 
0 
0 
0 
0 
0 
0 
0 
0 
0 
0 
0 
0 
0 
0 
0 
0 
0 
0 
0 
0 
0 
0 
0 
0 
0 
0 
0 
0 
0 
0 
0 
0 
0 
0 
0 
0 
0 
0 
0 
0 
0 
0 
0 
0 
0 
0 
0 
0 
0 
0 
0 
0 
0 
0 
0 
0 
0 
0 
0 
0 
0 
0 
0 
0 
0 
0 
0 
0 
0 
0 
0 
0 
0 
0 
0 
0 
0 
0 
0 
0 
0 
0 
0 
0 
0 
0 
0 
0 
0 
0 
0 
0 
0 
0 
0 
0 
0 
0 
0 
0 
0 
0 
0 
0 
0 
0 
0 
0 
0 
0 
0 
0 
0 
0 
0 
0 
0 
0 
0 
0 
0 
0 
0 
0 
0 
0 
0 
0 
0 
0 
0 
0 
0 
0 
0 
0 
0 
0 
0 
0 
0 
0 
0 
0 
0 
0 
0 
0 
0 
0 
0 
0 
0 
0 
0 
0 
0 
0 
0 
0 
0 
0 
0 
0 
0 
0 
0 
0 
0 
0 
0 
0 
0 
0 
0 
0 
0 
0 
0 
0 
0 
0 
0 
0 
0 
0 
0 
0 
0 
0 
0 
0 
0 
0 
0 
0 
0 
0 
0 
0 
0 
0 
0 
0 
0 
0 
0 
0 
0 
0 
0 
0 
0 
0 
0 
0 
0 
0 
0 
0 
0 
0 
0 
0 
0 
0 
0 
0 
0 
0 
0 
0 
0 
0 
0 
0 
0 
0 
0 
0 
0 
0 
0 
0 
0 
0 
0 
0 
0 
0 
0 
0 
0 
0 
0 
0 
0 
0 
0 
0 
0 
0 
0 
0 
0 
0 
0 
0 
0 
0 
0 
0 
0 
0 
0 
0 
0 
0 
0 
0 
0 
0 
0 
0 
0 
0 
0 
0 
0 
0 
0 
0 
0 
0 
0 
0 
0 
0 
0 
0 
0 
0 
0 
0 
0 
0 
0 
0 
0 
0 
0 
0 
0 
0 
0 
0 
0 
0 
0 
0 
0 
0 
0 
0 
0 
0 
0 
0 
0 
0 
0 
0 
0 
0 
0 
0 
0 
0 
0 
0 
0 
0 
0 
0 
0 
0 
0 
0 
0 
0 
0 
0 
0 
0 
0 
0 
0 
0 
0 
0 
0 
0 
0 
0 
0 
0 
0 
0 
0 
0 
0 
0 
0 
0 
0 
0 
0 
0 
0 
0 
0 
0 
0 
0 
0 
0 
0 
0 
0 
0 
0 
0 
0 
0 
0 
0 
0 
0 
0 
0 
0 
0 
0 
0 
0 
0 
0 
0 
0 
0 
0 
0 
0 
0 
0 
0 
0 
0 
0 
0 
0 
0 
0 
0 
0 
0 
0 
0 
0 
0 
0 
0 
0 
0 
0 
0 
0 
0 
0 
0 
0 
0 
0 
0 
0 
0 
0 
0 
0 
0 
0 
0 
0 
0 
0 
0 
0 
0 
0 
0 
0 
0 
0 
0 
0 
0 
0 
0 
0 
0 
0 
0 
0 
0 
0 
0 
0 
0 
0 
0 
0 
0 
0 
0 
0 
0 
0 
0 
0 
0 
0 
0 
0 
0 
0 
0 
0 
0 
0 
0 
0 
0 
0 
0 
0 
0 
0 
0 
0 
0 
0 
0 
0 
0 
0 
0 
0 
0 
0 
0 
0 
0 
0 
0 
0 
0 
0 
0 
0 
0 
0 
0 
0 
0 
0 
0 
0 
0 
0 
0 
0 
0 
0 
0 
0 
0 
0 
0 
0 
0 
0 
0 
0 
0 
0 
0 
0 
0 
0 
0 
0 
0 
0 
0 
0 
0 
0 
0 
0 
0 
0 
0 
0 
0 
0 
0 
0 
0 
0 
0 
0 
0 
0 
0 
0 
0 
0 
0 
0 
0 
0 
0 
0 
0 
0 
0 
0 
0 
0 
0 
0 
0 
0 
0 
0 
0 
0 
0 
0 
0 
0 
0 
0 
0 
0 
0 
0 
0 
0 
0 
0 
0 
0 
0 
0 
0 
0 
0 
0 
0 
0 
0 
0 
0 
0 
0 
0 
0 
0 
0 
0 
0 
0 
0 
0 
0 
0 
0 
0 
0 
0 
0 
0 
0 
0 
0 
0 
0 
0 
0 
0 
0 
0 
0 
0 
0 
0 
0 
0 
0 
0 
0 
0 
0 
0 
0 
0 
0 
0 
0 
0 
0 
0 
0 
0 
0 
0 
0 
0 
0 
0 
0 
0 
0 
0 
0 
0 
0 
0 
0 
0 
0 
0 
0 
0 
0 
0 
0 
0 
0 
0 
0 
0 
0 
0 
0 
0 
0 
0 
0 
0 
0 
0 
0 
0 
0 
0 
0 
0 
0 
0 
0 
0 
0 
0 
0 
0 
0 
0 
0 
0 
0 
0 
0 
0 
0 
0 
0 
0 
0 
0 
0 
0 
0 
0 
0 
0 
0 
0 
0 
0 
0 
0 
0 
0 
0 
0 
0 
0 
0 
0 
0 
0 
0 
0 
0 
0 
0 
0 
0 
0 
0 
0 
0 
0 
0 
0 
0 
0 
0 
0 
0 
0 
0 
0 
0 
0 
0 
0 
0 
0 
0 
0 
0 
0 
0 
0 
0 
0 
0 
0 
0 
0 
0 
0 
0 
0 
0 
0 
0 
0 
0 
0 
0 
0 
0 
0 
0 
0 
0 
0 
0 
0 
0 
0 
0 
0 
0 
0 
0 
0 
0 
0 
0 
0 
0 
0 
0 
0 
0 
0 
0 
0 
0 
0 
0 
0 
0 
0 
0 
0 
0 
0 
0 
0 
0 
0 
0 
0 
0 
0 
0 
0 
0 
0 
0 
0 
0 
0 
0 
0 
0 
0 
0 
0 
0 
0 
0 
0 
0 
0 
0 
0 
0 
0 
0 
0 
0 
0 
0 
0 
0 
0 
0 
0 
0 
0 
0 
0 
0 
0 
0 
0 
0 
0 
0 
0 
0 
0 
0 
0 
0 
0 
0 
0 
0 
0 
0 
0 
0 
0 
0 
0 
0 
0 
0 
0 
0 
0 
0 
0 
0 
0 
0 
0 
0 
0 
0 
0 
0 
0 
0 
0 
0 
0 
0 
0 
0 
0 
0 
0 
0 
0 
0 
0 
0 
0 
0 
0 
0 
0 
0 
0 
0 
0 
0 
0 
0 
0 
0 
0 
0 
0 
0 
0 
0 
0 
0 
0 
0 
0 
0 
0 
0 
0 
0 
0 
0 
0 
0 
0 
0 
0 
0 
0 
0 
0 
0 
0 
0 
0 
0 
0 
0 
0 
0 
0 
0 
0 
0 
0 
0 
0 
0 
0 
0 
0 
0 
0 
0 
0 
0 
0 
0 
0 
0 
0 
0 
0 
0 
0 
0 
0 
0 
0 
0 
0 
0 
0 
0 
0 
0 
0 
0 
0 
0 
0 
0 
0 
0 
0 
0 
0 
0 
0 
0 
0 
0 
0 
0 
0 
0 
0 
0 
0 
0 
0 
0 
0 
0 
0 
0 
0 
0 
0 
0 
0 
0 
0 
0 
0 
0 
0 
0 
0 
0 
0 
0 
0 
0 
0 
0 
0 
0 
0 
0 
0 
0 
0 
0 
0 
0 
0 
0 
0 
0 
0 
0 
0 
0 
0 
0 
0 
0 
0 
0 
0 
0 
0 
0 
0 
0 
0 
0 
0 
0 
0 
0 
0 
0 
0 
0 
0 
0 
0 
0 
0 
0 
0 
0 
0 
0 
0 
0 
0 
0 
0 
0 
0 
0 
0 
0 
0 
0 
0 
0 
0 
0 
0 
0 
0 
0 
0 
0 
0 
0 
0 
0 
0 
0 
0 
0 
0 
0 
0 
0 
0 
0 
0 
0 
0 
0 
0 
0 
0 
0 
0 
0 
0 
0 
0 
0 
0 
0 
0 
0 
0 
0 
0 
0 
0 
0 
0 
0 
0 
0 
0 
0 
0 
0 
0 
0 
0 
0 
0 
0 
0 
0 
0 
0 
0 
0 
0 
0 
0 
0 
0 
0 
0 
0 
0 
0 
0 
0 
0 
0 
0 
0 
0 
0 
0 
0 
0 
0 
0 
0 
0 
0 
0 
0 
0 
0 
0 
0 
0 
0 
0 
0 
0 
0 
0 
0 
0 
0 
0 
0 
0 
0 
0 
0 
0 
0 
0 
0 
0 
0 
0 
0 
0 
0 
0 
0 
0 
0 
0 
0 
0 
0 
0 
0 
0 
0 
0 
0 
0 
0 
0 
0 
0 
0 
0 
0 
0 
0 
0 
0 
0 
0 
0 
0 
0 
0 
0 
0 
0 
0 
0 
0 
0 
0 
0 
0 
0 
0 
0 
0 
0 
0 
0 
0 
0 
0 
0 
0 
0 
0 
0 
0 
0 
0 
0 
0 
0 
0 
0 
0 
0 
0 
0 
0 
0 
0 
0 
0 
0 
0 
0 
0 
0 
0 
0 
0 
0 
0 
0 
0 
0 
0 
0 
0 
0 
0 
0 
0 
0 
0 
0 
0 
0 
0 
0 
0 
0 
0 
0 
0 
0 
0 
0 
0 
0 
0 
0 
0 
0 
0 
0 
0 
0 
0 
0 
0 
0 
0 
0 
0 
0 
0 
0 
0 
0 
0 
0 
0 
0 
0 
0 
0 
0 
0 
0 
0 
0 
0 
0 
0 
0 
0 
0 
0 
0 
0 
0 
0 
0 
0 
0 
0 
0 
0 
0 
0 
0 
0 
0 
0 
0 
0 
0 
0 
0 
0 
0 
0 
0 
0 
0 
0 
0 
0 
0 
0 
0 
0 
0 
0 
0 
0 
0 
0 
0 
0 
0 
0 
0 
0 
0 
0 
0 
0 
0 
0 
0 
0 
0 
0 
0 
0 
0 
0 
0 
0 
0 
0 
0 
0 
0 
0 
0 
0 
0 
0 
0 
0 
0 
0 
0 
0 
0 
0 
0 
0 
0 
0 
0 
0 
0 
0 
0 
0 
0 
0 
0 
0 
0 
0 
0 
0 
0 
0 
0 
0 
0 
0 
0 
0 
0 
0 
0 
0 
0 
0 
0 
0 
0 
0 
0 
0 
0 
0 
0 
0 
0 
0 
0 
0 
0 
0 
0 
0 
0 
0 
0 
0 
0 
0 
0 
0 
0 
0 
0 
0 
0 
0 
0 
0 
0 
0 
0 
0 
0 
0 
0 
0 
0 
0 
0 
0 
0 
0 
0 
0 
0 
0 
0 
0 
0 
0 
0 
0 
0 
0 
0 
0 
0 
0 
0 
0 
0 
0 
0 
0 
0 
0 
0 
0 
0 
0 
0 
0 
0 
0 
0 
0 
0 
0 
0 
0 
0 
0 
0 
0 
0 
0 
0 
0 
0 
0 
0 
0 
0 
0 
0 
0 
0 
0 
0 
0 
0 
0 
0 
0 
0 
0 
0 
0 
0 
0 
0 
0 
0 
0 
0 
0 
0 
0 
0 
0 
0 
0 
0 
0 
0 
0 
0 
0 
0 
0 
0 
0 
0 
0 
0 
0 
0 
0 
0 
0 
0 
0 
0 
0 
0 
0 
0 
0 
0 
0 
0 
0 
0 
0 
0 
0 
0 
0 
0 
0 
0 
0 
0 
0 
0 
0 
0 
0 
0 
0 
0 
0 
0 
0 
0 
0 
0 
0 
0 
0 
0 
0 
0 
0 
0 
0 
0 
0 
0 
0 
0 
0 
0 
0 
0 
0 
0 
0 
0 
0 
0 
0 
0 
0 
0 
0 
0 
0 
0 
0 
0 
0 
0 
0 
0 
0 
0 
0 
0 
0 
0 
0 
0 
0 
0 
0 
0 
0 
0 
0 
0 
0 
0 
0 
0 
0 
0 
0 
0 
0 
0 
0 
0 
0 
0 
0 
0 
0 
0 
0 
0 
0 
0 
0 
0 
0 
0 
0 
0 
0 
0 
0 
0 
0 
0 
0 
0 
0 
0 
0 
0 
0 
0 
0 
0 
0 
0 
0 
0 
0 
0 
0 
0 
0 
0 
0 
0 
0 
0 
0 
0 
0 
0 
0 
0 
0 
0 
0 
0 
0 
0 
0 
0 
0 
0 
0 
0 
0 
0 
0 
0 
0 
0 
0 
0 
0 
0 
0 
0 
0 
0 
0 
0 
0 
0 
0 
0 
0 
0 
0 
0 
0 
0 
0 
0 
0 
0 
0 
0 
0 
0 
0 
0 
0 
0 
0 
0 
0 
0 
0 
0 
0 
0 
0 
0 
0 
0 
0 
0 
0 
0 
0 
0 
0 
0 
0 
0 
0 
0 
0 
0 
0 
0 
0 
0 
0 
0 
0 
0 
0 
0 
0 
0 
0 
0 
0 
0 
0 
0 
0 
0 
0 
0 
0 
0 
0 
0 
0 
0 
0 
0 
0 
0 
0 
0 
0 
0 
0 
0 
0 
0 
0 
0 
0 
0 
0 
0 
0 
0 
0 
0 
0 
0 
0 
0 
0 
0 
0 
0 
0 
0 
0 
0 
0 
0 
0 
0 
0 
0 
0 
0 
0 
0 
0 
0 
0 
0 
0 
0 
0 
0 
0 
0 
0 
0 
0 
0 
0 
0 
0 
0 
0 
0 
0 
0 
0 
0 
0 
0 
0 
0 
0 
0 
0 
0 
0 
0 
0 
0 
0 
0 
0 
0 
0 
0 
0 
0 
0 
0 
0 
0 
0 
0 
0 
0 
0 
0 
0 
0 
0 
0 
0 
0 
0 
0 
0 
0 
0 
0 
0 
0 
0 
0 
0 
0 
0 
0 
0 
0 
0 
0 
0 
0 
0 
0 
0 
0 
0 
0 
0 
0 
0 
0 
0 
0 
0 
0 
0 
0 
0 
0 
0 
0 
0 
0 
0 
0 
0 
0 
0 
0 
0 
0 
0 
0 
0 
0 
0 
0 
0 
0 
0 
0 
0 
0 
0 
0 
0 
0 
0 
0 
0 
0 
0 
0 
0 
0 
0 
0 
0 
0 
0 
0 
0 
0 
0 
0 
0 
0 
0 
0 
0 
0 
0 
0 
0 
0 
0 
0 
0 
0 
0 
0 
0 
0 
0 
0 
0 
0 
0 
0 
0 
0 
0 
0 
0 
0 
0 
0 
0 
0 
0 
0 
0 
0 
0 
0 
0 
0 
0 
0 
0 
0 
0 
0 
0 
0 
0 
0 
0 
0 
0 
0 
0 
0 
0 
0 
0 
0 
0 
0 
0 
0 
0 
0 
0 
0 
0 
0 
0 
0 
0 
0 
0 
0 
0 
0 
0 
0 
0 
0 
0 
0 
0 
0 
0 
0 
0 
0 
0 
0 
0 
0 
0 
0 
0 
0 
0 
0 
0 
0 
0 
0 
0 
0 
0 
0 
0 
0 
0 
0 
0 
0 
0 
0 
0 
0 
0 
0 
0 
0 
0 
0 
0 
0 
0 
0 
0 
0 
0 
0 
0 
0 
0 
0 
0 
0 
0 
0 
0 
0 
0 
0 
0 
0 
0 
0 
0 
0 
0 
0 
0 
0 
0 
0 
0 
0 
0 
0 
0 
0 
0 
0 
0 
0 
0 
0 
0 
0 
0 
0 
0 
0 
0 
0 
0 
0 
0 
0 
0 
0 
0 
0 
0 
0 
0 
0 
0 
0 
0 
0 
0 
0 
0 
0 
0 
0 
0 
0 
0 
0 
0 
0 
0 
0 
0 
0 
0 
0 
0 
0 
0 
0 
0 
0 
0 
0 
0 
0 
0 
0 
0 
0 
0 
0 
0 
0 
0 
0 
0 
0 
0 
0 
0 
0 
0 
0 
0 
0 
0 
0 
0 
0 
0 
0 
0 
0 
0 
0 
0 
0 
0 
0 
0 
0 
0 
0 
0 
0 
0 
0 
0 
0 
0 
0 
0 
0 
0 
0 
0 
0 
0 
0 
0 
0 
0 
0 
0 
0 
0 
0 
0 
0 
0 
0 
0 
0 
0 
0 
0 
0 
0 
0 
0 
0 
0 
0 
0 
0 
0 
0 
0 
0 
0 
0 
0 
0 
0 
0 
0 
0 
0 
0 
0 
0 
0 
0 
0 
0 
0 
0 
0 
0 
0 
0 
0 
0 
0 
0 
0 
0 
0 
0 
0 
0 
0 
0 
0 
0 
0 
0 
0 
0 
0 
0 
0 
0 
0 
0 
0 
0 
0 
0 
0 
0 
0 
0 
0 
0 
0 
0 
0 
0 
0 
0 
0 
0 
0 
0 
0 
0 
0 
0 
0 
0 
0 
0 
0 
0 
0 
0 
0 
0 
0 
0 
0 
0 
0 
0 
0 
0 
0 
0 
0 
0 
0 
0 
0 
0 
0 
0 
0 
0 
0 
0 
0 
0 
0 
0 
0 
0 
0 
0 
0 
0 
0 
0 
0 
0 
0 
0 
0 
0 
0 
0 
0 
0 
0 
0 
0 
0 
0 
0 
0 
0 
0 
0 
0 
0 
0 
0 
0 
0 
0 
0 
0 
0 
0 
0 
0 
0 
0 
0 
0 
0 
0 
0 
0 
0 
0 
0 
0 
0 
0 
0 
0 
0 
0 
0 
0 
0 
0 
0 
0 
0 
0 
0 
0 
0 
0 
0 
0 
0 
0 
0 
0 
0 
0 
0 
0 
0 
0 
0 
0 
0 
0 
0 
0 
0 
0 
0 
0 
0 
0 
0 
0 
0 
0 
0 
0 
0 
0 
0 
0 
0 
0 
0 
0 
0 
0 
0 
0 
0 
0 
0 
0 
0 
0 
0 
0 
0 
0 
0 
0 
0 
0 
0 
0 
0 
0 
0 
0 
0 
0 
0 
0 
0 
0 
0 
0 
0 
0 
0 
0 
0 
0 
0 
0 
0 
0 
0 
0 
0 
0 
0 
0 
0 
0 
0 
0 
0 
0 
0 
0 
0 
0 
0 
0 
0 
0 
0 
0 
0 
0 
0 
0 
0 
0 
0 
0 
0 
0 
0 
0 
0 
0 
0 
0 
0 
0 
0 
0 
0 
0 
0 
0 
0 
0 
0 
0 
0 
0 
0 
0 
0 
0 
0 
0 
0 
0 
0 
0 
0 
0 
0 
0 
0 
0 
0 
0 
0 
0 
0 
0 
0 
0 
0 
0 
0 
0 
0 
0 
0 
0 
0 
0 
0 
0 
0 
0 
0 
0 
0 
0 
0 
0 
0 
0 
0 
0 
0 
0 
0 
0 
0 
0 
0 
0 
0 
0 
0 
0 
0 
0 
0 
0 
0 
0 
0 
0 
0 
0 
0 
0 
0 
0 
0 
0 
0 
0 
0 
0 
0 
0 
0 
0 
0 
0 
0 
0 
0 
0 
0 
0 
0 
0 
0 
0 
0 
0 
0 
0 
0 
0 
0 
0 
0 
0 
0 
0 
0 
0 
0 
0 
0 
0 
0 
0 
0 
0 
0 
0 
0 
0 
0 
0 
0 
0 
0 
0 
0 
0 
0 
0 
0 
0 
0 
0 
0 
0 
0 
0 
0 
0 
0 
0 
0 
0 
0 
0 
0 
0 
0 
0 
0 
0 
0 
0 
0 
0 
0 
0 
0 
0 
0 
0 
0 
0 
0 
0 
0 
0 
0 
0 
0 
0 
0 
0 
0 
0 
0 
0 
0 
0 
0 
0 
0 
0 
0 
0 
0 
0 
0 
0 
0 
0 
0 
0 
0 
0 
0 
0 
0 
0 
0 
0 
0 
0 
0 
0 
0 
0 
0 
0 
0 
0 
0 
0 
0 
0 
0 
0 
0 
0 
0 
0 
0 
0 
0 
0 
0 
0 
0 
0 
0 
0 
0 
0 
0 
0 
0 
0 
0 
0 
0 
0 
0 
0 
0 
0 
0 
0 
0 
0 
0 
0 
0 
0 
0 
0 
0 
0 
0 
0 
0 
0 
0 
0 
0 
0 
0 
0 
0 
0 
0 
0 
0 
0 
0 
0 
0 
0 
0 
0 
0 
0 
0 
0 
0 
0 
0 
0 
0 
0 
0 
0 
0 
0 
0 
0 
0 
0 
0 
0 
0 
0 
0 
0 
0 
0 
0 
0 
0 
0 
0 
0 
0 
0 
0 
0 
0 
0 
0 
0 
0 
0 
0 
0 
0 
0 
0 
0 
0 
0 
0 
0 
0 
0 
0 
0 
0 
0 
0 
0 
0 
0 
0 
0 
0 
0 
0 
0 
0 
0 
0 
0 
0 
0 
0 
0 
0 
0 
0 
0 
0 
0 
0 
0 
0 
0 
0 
0 
0 
0 
0 
0 
0 
0 
0 
0 
0 
0 
0 
0 
0 
0 
0 
0 
0 
0 
0 
0 
0 
0 
0 
0 
0 
0 
0 
0 
0 
0 
0 
0 
0 
0 
0 
0 
0 
0 
0 
0 
0 
0 
0 
0 
0 
0 
0 
0 
0 
0 
0 
0 
0 
0 
0 
0 
0 
0 
0 
0 
0 
0 
0 
0 
0 
0 
0 
0 
0 
0 
0 
0 
0 
0 
0 
0 
0 
0 
0 
0 
0 
0 
0 
0 
0 
0 
0 
0 
0 
0 
0 
0 
0 
0 
0 
0 
0 
0 
0 
0 
0 
0 
0 
0 
0 
0 
0 
0 
0 
0 
0 
0 
0 
0 
0 
0 
0 
0 
0 
0 
0 
0 
0 
0 
0 
0 
0 
0 
0 
0 
0 
0 
0 
0 
0 
0 
0 
0 
0 
0 
0 
0 
0 
0 
0 
0 
0 
0 
0 
0 
0 
0 
0 
0 
0 
0 
0 
0 
0 
0 
0 
0 
0 
0 
0 
0 
0 
0 
0 
0 
0 
0 
0 
0 
0 
0 
0 
0 
0 
0 
0 
0 
0 
0 
0 
0 
0 
0 
0 
0 
0 
0 
0 
0 
0 
0 
0 
0 
0 
0 
0 
0 
0 
0 
0 
0 
0 
0 
0 
0 
0 
0 
0 
0 
0 
0 
0 
0 
0 
0 
0 
0 
0 
0 
0 
0 
0 
0 
0 
0 
0 
0 
0 
0 
0 
0 
0 
0 
0 
0 
0 
0 
0 
0 
0 
0 
0 
0 
0 
0 
0 
0 
0 
0 
0 
0 
0 
0 
0 
0 
0 
0 
0 
0 
0 
0 
0 
0 
0 
0 
0 
0 
0 
0 
0 
0 
0 
0 
0 
0 
0 
0 
0 
0 
0 
0 
0 
0 
0 
0 
0 
0 
0 
0 
0 
0 
0 
0 
0 
0 
0 
0 
0 
0 
0 
0 
0 
0 
0 
0 
0 
0 
0 
0 
0 
0 
0 
0 
0 
0 
0 
0 
0 
0 
0 
0 
0 
0 
0 
0 
0 
0 
0 
0 
0 
0 
0 
0 
0 
0 
0 
0 
0 
0 
0 
0 
0 
0 
0 
0 
0 
0 
0 
0 
0 
0 
0 
0 
0 
0 
0 
0 
0 
0 
0 
0 
0 
0 
0 
0 
0 
0 
0 
0 
0 
0 
0 
0 
0 
0 
0 
0 
0 
0 
0 
0 
0 
0 
0 
0 
0 
0 
0 
0 
0 
0 
0 
0 
0 
0 
0 
0 
0 
0 
0 
0 
0 
0 
0 
0 
0 
0 
0 
0 
0 
0 
0 
0 
0 
0 
0 
0 
0 
0 
0 
0 
0 
0 
0 
0 
0 
0 
0 
0 
0 
0 
0 
0 
0 
0 
0 
0 
0 
0 
0 
0 
0 
0 
0 
0 
0 
0 
0 
0 
0 
0 
0 
0 
0 
0 
0 
0 
0 
0 
0 
0 
0 
0 
0 
0 
0 
0 
0 
0 
0 
0 
0 
0 
0 
0 
0 
0 
0 
0 
0 
0 
0 
0 
0 
0 
0 
0 
0 
0 
0 
0 
0 
0 
0 
0 
0 
0 
0 
0 
0 
0 
0 
0 
0 
0 
0 
0 
0 
0 
0 
0 
0 
0 
0 
0 
0 
0 
0 
0 
0 
0 
0 
0 
0 
0 
0 
0 
0 
0 
0 
0 
0 
0 
0 
0 
0 
0 
0 
0 
0 
0 
0 
0 
0 
0 
0 
0 
0 
0 
0 
0 
0 
0 
0 
0 
0 
0 
0 
0 
0 
0 
0 
0 
0 
0 
0 
0 
0 
0 
0 
0 
0 
0 
0 
0 
0 
0 
0 
0 
0 
0 
0 
0 
0 
0 
0 
0 
0 
0 
0 
0 
0 
0 
0 
0 
0 
0 
0 
0 
0 
0 
0 
0 
0 
0 
0 
0 
0 
0 
0 
0 
0 
0 
0 
0 
0 
0 
0 
0 
0 
0 
0 
0 
0 
0 
0 
0 
0 
0 
0 
0 
0 
0 
0 
0 
0 
0 
0 
0 
0 
0 
0 
0 
0 
0 
0 
0 
0 
0 
0 
0 
0 
0 
0 
0 
0 
0 
0 
0 
0 
0 
0 
0 
0 
0 
0 
0 
0 
0 
0 
0 
0 
0 
0 
0 
0 
0 
0 
0 
0 
0 
0 
0 
0 
0 
0 
0 
0 
0 
0 
0 
0 
0 
0 
0 
0 
0 
0 
0 
0 
0 
0 
0 
0 
0 
0 
0 
0 
0 
0 
0 
0 
0 
0 
0 
0 
0 
0 
0 
0 
0 
0 
0 
0 
0 
0 
0 
0 
0 
0 
0 
0 
0 
0 
0 
0 
0 
0 
0 
0 
0 
0 
0 
0 
0 
0 
0 
0 
0 
0 
0 
0 
0 
0 
0 
0 
0 
0 
0 
0 
0 
0 
0 
0 
0 
0 
0 
0 
0 
0 
0 
0 
0 
0 
0 
0 
0 
0 
0 
0 
0 
0 
0 
0 
0 
0 
0 
0 
0 
0 
0 
0 
0 
0 
0 
0 
0 
0 
0 
0 
0 
0 
0 
0 
0 
0 
0 
0 
0 
0 
0 
0 
0 
0 
0 
0 
0 
0 
0 
0 
0 
0 
0 
0 
0 
0 
0 
0 
0 
0 
0 
0 
0 
0 
0 
0 
0 
0 
0 
0 
0 
0 
0 
0 
0 
0 
0 
0 
0 
0 
0 
0 
0 
0 
0 
0 
0 
0 
0 
0 
0 
0 
0 
0 
0 
0 
0 
0 
0 
0 
0 
0 
0 
0 
0 
0 
0 
0 
0 
0 
0 
0 
0 
0 
0 
0 
0 
0 
0 
0 
0 
0 
0 
0 
0 
0 
0 
0 
0 
0 
0 
0 
0 
0 
0 
0 
0 
0 
0 
0 
0 
0 
0 
0 
0 
0 
0 
0 
0 
0 
0 
0 
0 
0 
0 
0 
0 
0 
0 
0 
0 
0 
0 
0 
0 
0 
0 
0 
0 
0 
0 
0 
0 
0 
0 
0 
0 
0 
0 
0 
0 
0 
0 
0 
0 
0 
0 
0 
0 
0 
0 
0 
0 
0 
0 
0 
0 
0 
0 
0 
0 
0 
0 
0 
0 
0 
0 
0 
0 
0 
0 
0 
0 
0 
0 
0 
0 
0 
0 
0 
0 
0 
0 
0 
0 
0 
0 
0 
0 
0 
0 
0 
0 
0 
0 
0 
0 
0 
0 
0 
0 
0 
0 
0 
0 
0 
0 
0 
0 
0 
0 
0 
0 
0 
0 
0 
0 
0 
0 
0 
0 
0 
0 
0 
0 
0 
0 
0 
0 
0 
0 
0 
0 
0 
0 
0 
0 
0 
0 
0 
0 
0 
0 
0 
0 
0 
0 
0 
0 
0 
0 
0 
0 
0 
0 
0 
0 
0 
0 
0 
0 
0 
0 
0 
0 
0 
0 
0 
0 
0 
0 
0 
0 
0 
0 
0 
0 
0 
0 
0 
0 
0 
0 
0 
0 
0 
0 
0 
0 
0 
0 
0 
0 
0 
0 
0 
0 
0 
0 
0 
0 
0 
0 
0 
0 
0 
0 
0 
0 
0 
0 
0 
0 
0 
0 
0 
0 
0 
0 
0 
0 
0 
0 
0 
0 
0 
0 
0 
0 
0 
0 
0 
0 
0 
0 
0 
0 
0 
0 
0 
0 
0 
0 
0 
0 
0 
0 
0 
0 
0 
0 
0 
0 
0 
0 
0 
0 
0 
0 
0 
0 
0 
0 
0 
0 
0 
0 
0 
0 
0 
0 
0 
0 
0 
0 
0 
0 
0 
0 
0 
0 
0 
0 
0 
0 
0 
0 
0 
0 
0 
0 
0 
0 
0 
0 
0 
0 
0 
0 
0 
0 
0 
0 
0 
0 
0 
0 
0 
0 
0 
0 
0 
0 
0 
0 
0 
0 
0 
0 
0 
0 
0 
0 
0 
0 
0 
0 
0 
0 
0 
0 
0 
0 
0 
0 
0 
0 
0 
0 
0 
0 
0 
0 
0 
0 
0 
0 
0 
0 
0 
0 
0 
0 
0 
0 
0 
0 
0 
0 
0 
0 
0 
0 
0 
0 
0 
0 
0 
0 
0 
0 
0 
0 
0 
0 
0 
0 
0 
0 
0 
0 
0 
0 
0 
0 
0 
0 
0 
0 
0 
0 
0 
0 
0 
0 
0 
0 
0 
0 
0 
0 
0 
0 
0 
0 
0 
0 
0 
0 
0 
0 
0 
0 
0 
0 
0 
0 
0 
0 
0 
0 
0 
0 
0 
0 
0 
0 
0 
0 
0 
0 
0 
0 
0 
0 
0 
0 
0 
0 
0 
0 
0 
0 
0 
0 
0 
0 
0 
0 
0 
0 
0 
0 
0 
0 
0 
0 
0 
0 
0 
0 
0 
0 
0 
0 
0 
0 
0 
0 
0 
0 
0 
0 
0 
0 
0 
0 
0 
0 
0 
0 
0 
0 
0 
0 
0 
0 
0 
0 
0 
0 
0 
0 
0 
0 
0 
0 
0 
0 
0 
0 
0 
0 
0 
0 
0 
0 
0 
0 
0 
0 
0 
0 
0 
0 
0 
0 
0 
0 
0 
0 
0 
0 
0 
0 
0 
0 
0 
0 
0 
0 
0 
0 
0 
0 
0 
0 
0 
0 
0 
0 
0 
0 
0 
0 
0 
0 
0 
0 
0 
0 
0 
0 
0 
0 
0 
0 
0 
0 
0 
0 
0 
0 
0 
0 
0 
0 
0 
0 
0 
0 
0 
0 
0 
0 
0 
0 
0 
0 
0 
0 
0 
0 
0 
0 
0 
0 
0 
0 
0 
0 
0 
0 
0 
0 
0 
0 
0 
0 
0 
0 
0 
0 
0 
0 
0 
0 
0 
0 
0 
0 
0 
0 
0 
0 
0 
0 
0 
0 
0 
0 
0 
0 
0 
0 
0 
0 
0 
0 
0 
0 
0 
0 
0 
0 
0 
0 
0 
0 
0 
0 
0 
0 
0 
0 
0 
0 
0 
0 
0 
0 
0 
0 
0 
0 
0 
0 
0 
0 
0 
0 
0 
0 
0 
0 
0 
0 
0 
0 
0 
0 
0 
0 
0 
0 
0 
0 
0 
0 
0 
0 
0 
0 
0 
0 
0 
0 
0 
0 
0 
0 
0 
0 
0 
0 
0 
0 
0 
0 
0 
0 
0 
0 
0 
0 
0 
0 
0 
0 
0 
0 
0 
0 
0 
0 
0 
0 
0 
0 
0 
0 
0 
0 
0 
0 
0 
0 
0 
0 
0 
0 
0 
0 
0 
0 
0 
0 
0 
0 
0 
0 
0 
0 
0 
0 
0 
0 
0 
0 
0 
0 
0 
0 
0 
0 
0 
0 
0 
0 
0 
0 
0 
0 
0 
0 
0 
0 
0 
0 
0 
0 
0 
0 
0 
0 
0 
0 
0 
0 
0 
0 
0 
0 
0 
0 
0 
0 
0 
0 
0 
0 
0 
0 
0 
0 
0 
0 
0 
0 
0 
0 
0 
0 
0 
0 
0 
0 
0 
0 
0 
0 
0 
0 
0 
0 
0 
0 
0 
0 
0 
0 
0 
0 
0 
0 
0 
0 
0 
0 
0 
0 
0 
0 
0 
0 
0 
0 
0 
0 
0 
0 
0 
0 
0 
0 
0 
0 
0 
0 
0 
0 
0 
0 
0 
0 
0 
0 
0 
0 
0 
0 
0 
0 
0 
0 
0 
0 
0 
0 
0 
0 
0 
0 
0 
0 
0 
0 
0 
0 
0 
0 
0 
0 
0 
0 
0 
0 
0 
0 
0 
0 
0 
0 
0 
0 
0 
0 
0 
0 
0 
0 
0 
0 
0 
0 
0 
0 
0 
0 
0 
0 
0 
0 
0 
0 
0 
0 
0 
0 
0 
0 
0 
0 
0 
0 
0 
0 
0 
0 
0 
0 
0 
0 
0 
0 
0 
0 
0 
0 
0 
0 
0 
0 
0 
0 
0 
0 
0 
0 
0 
0 
0 
0 
0 
0 
0 
0 
0 
0 
0 
0 
0 
0 
0 
0 
0 
0 
0 
0 
0 
0 
0 
0 
0 
0 
0 
0 
0 
0 
0 
0 
0 
0 
0 
0 
0 
0 
0 
0 
0 
0 
0 
0 
0 
0 
0 
0 
0 
0 
0 
0 
0 
0 
0 
0 
0 
0 
0 
0 
0 
0 
0 
0 
0 
0 
0 
0 
0 
0 
0 
0 
0 
0 
0 
0 
0 
0 
0 
0 
0 
0 
0 
0 
0 
0 
0 
0 
0 
0 
0 
0 
0 
0 
0 
0 
0 
0 
0 
0 
0 
0 
0 
0 
0 
0 
0 
0 
0 
0 
0 
0 
0 
0 
0 
0 
0 
0 
0 
0 
0 
0 
0 
0 
0 
0 
0 
0 
0 
0 
0 
0 
0 
0 
0 
0 
0 
0 
0 
0 
0 
0 
0 
0 
0 
0 
0 
0 
0 
0 
0 
0 
0 
0 
0 
0 
0 
0 
0 
0 
0 
0 
0 
0 
0 
0 
0 
0 
0 
0 
0 
0 
0 
0 
0 
0 
0 
0 
0 
0 
0 
0 
0 
0 
0 
0 
0 
0 
0 
0 
0 
0 
0 
0 
0 
0 
0 
0 
0 
0 
0 
0 
0 
0 
0 
0 
0 
0 
0 
0 
0 
0 
0 
0 
0 
0 
0 
0 
0 
0 
0 
0 
0 
0 
0 
0 
0 
0 
0 
0 
0 
0 
0 
0 
0 
0 
0 
0 
0 
0 
0 
0 
0 
0 
0 
0 
0 
0 
0 
0 
0 
0 
0 
0 
0 
0 
0 
0 
0 
0 
0 
0 
0 
0 
0 
0 
0 
0 
0 
0 
0 
0 
0 
0 
0 
0 
0 
0 
0 
0 
0 
0 
0 
0 
0 
0 
0 
0 
0 
0 
0 
0 
0 
0 
0 
0 
0 
0 
0 
0 
0 
0 
0 
0 
0 
0 
0 
0 
0 
0 
0 
0 
0 
0 
0 
0 
0 
0 
0 
0 
0 
0 
0 
0 
0 
0 
0 
0 
0 
0 
0 
0 
0 
0 
0 
0 
0 
0 
0 
0 
0 
0 
0 
0 
0 
0 
0 
0 
0 
0 
0 
0 
0 
0 
0 
0 
0 
0 
0 
0 
0 
0 
0 
0 
0 
0 
0 
0 
0 
0 
0 
0 
0 
0 
0 
0 
0 
0 
0 
0 
0 
0 
0 
0 
0 
0 
0 
0 
0 
0 
0 
0 
0 
0 
0 
0 
0 
0 
0 
0 
0 
0 
0 
0 
0 
0 
0 
0 
0 
0 
0 
0 
0 
0 
0 
0 
0 
0 
0 
0 
0 
0 
0 
0 
0 
0 
0 
0 
0 
0 
0 
0 
0 
0 
0 
0 
0 
0 
0 
0 
0 
0 
0 
0 
0 
0 
0 
0 
0 
0 
0 
0 
0 
0 
0 
0 
0 
0 
0 
0 
0 
0 
0 
0 
0 
0 
0 
0 
0 
0 
0 
0 
0 
0 
0 
0 
0 
0 
0 
0 
0 
0 
0 
0 
0 
0 
0 
0 
0 
0 
0 
0 
0 
0 
0 
0 
0 
0 
0 
0 
0 
0 
0 
0 
0 
0 
0 
0 
0 
0 
0 
0 
0 
0 
0 
0 
0 
0 
0 
0 
0 
0 
0 
0 
0 
0 
0 
0 
0 
0 
0 
0 
0 
0 
0 
0 
0 
0 
0 
0 
0 
0 
0 
0 
0 
0 
0 
0 
0 
0 
0 
0 
0 
0 
0 
0 
0 
0 
0 
0 
0 
0 
0 
0 
0 
0 
0 
0 
0 
0 
0 
0 
0 
0 
0 
0 
0 
0 
0 
0 
0 
0 
0 
0 
0 
0 
0 
0 
0 
0 
0 
0 
0 
0 
0 
0 
0 
0 
0 
0 
0 
0 
0 
0 
0 
0 
0 
0 
0 
0 
0 
0 
0 
0 
0 
0 
0 
0 
0 
0 
0 
0 
0 
0 
0 
0 
0 
0 
0 
0 
0 
0 
0 
0 
0 
0 
0 
0 
0 
0 
0 
0 
0 
0 
0 
0 
0 
0 
0 
0 
0 
0 
0 
0 
0 
0 
0 
0 
0 
0 
0 
0 
0 
0 
0 
0 
0 
0 
0 
0 
0 
0 
0 
0 
0 
0 
0 
0 
0 
0 
0 
0 
0 
0 
0 
0 
0 
0 
0 
0 
0 
0 
0 
0 
0 
0 
0 
0 
0 
0 
0 
0 
0 
0 
0 
0 
0 
0 
0 
0 
0 
0 
0 
0 
0 
0 
0 
0 
0 
0 
0 
0 
0 
0 
0 
0 
0 
0 
0 
0 
0 
0 
0 
0 
0 
0 
0 
0 
0 
0 
0 
0 
0 
0 
0 
0 
0 
0 
0 
0 
0 
0 
0 
0 
0 
0 
0 
0 
0 
0 
0 
0 
0 
0 
0 
0 
0 
0 
0 
0 
0 
0 
0 
0 
0 
0 
0 
0 
0 
0 
0 
0 
0 
0 
0 
0 
0 
0 
0 
0 
0 
0 
0 
0 
0 
0 
0 
0 
0 
0 
0 
0 
0 
0 
0 
0 
0 
0 
0 
0 
0 
0 
0 
0 
0 
0 
0 
0 
0 
0 
0 
0 
0 
0 
0 
0 
0 
0 
0 
0 
0 
0 
0 
0 
0 
0 
0 
0 
0 
0 
0 
0 
0 
0 
0 
0 
0 
0 
0 
0 
0 
0 
0 
0 
0 
0 
0 
0 
0 
0 
0 
0 
0 
0 
0 
0 
0 
0 
0 
0 
0 
0 
0 
0 
0 
0 
0 
0 
0 
0 
0 
0 
0 
0 
0 
0 
0 
0 
0 
0 
0 
0 
0 
0 
0 
0 
0 
0 
0 
0 
0 
0 
0 
0 
0 
0 
0 
0 
0 
0 
0 
0 
0 
0 
0 
0 
0 
0 
0 
0 
0 
0 
0 
0 
0 
0 
0 
0 
0 
0 
0 
0 
0 
0 
0 
0 
0 
0 
0 
0 
0 
0 
0 
0 
0 
0 
0 
0 
0 
0 
0 
0 
0 
0 
0 
0 
0 
0 
0 
0 
0 
0 
0 
0 
0 
0 
0 
0 
0 
0 
0 
0 
0 
0 
0 
0 
0 
0 
0 
0 
0 
0 
0 
0 
0 
0 
0 
0 
0 
0 
0 
0 
0 
0 
0 
0 
0 
0 
0 
0 
0 
0 
0 
0 
0 
0 
0 
0 
0 
0 
0 
0 
0 
0 
0 
0 
0 
0 
0 
0 
0 
0 
0 
0 
0 
0 
0 
0 
0 
0 
0 
0 
0 
0 
0 
0 
0 
0 
0 
0 
0 
0 
0 
0 
0 
0 
0 
0 
0 
0 
0 
0 
0 
0 
0 
0 
0 
0 
0 
0 
0 
0 
0 
0 
0 
0 
0 
0 
0 
0 
0 
0 
0 
0 
0 
0 
0 
0 
0 
0 
0 
0 
0 
0 
0 
0 
0 
0 
0 
0 
0 
0 
0 
0 
0 
0 
0 
0 
0 
0 
0 
0 
0 
0 
0 
0 
0 
0 
0 
0 
0 
0 
0 
0 
0 
0 
0 
0 
0 
0 
0 
0 
0 
0 
0 
0 
0 
0 
0 
0 
0 
0 
0 
0 
0 
0 
0 
0 
0 
0 
0 
0 
0 
0 
0 
0 
0 
0 
0 
0 
0 
0 
0 
0 
0 
0 
0 
0 
0 
0 
0 
0 
0 
0 
0 
0 
0 
0 
0 
0 
0 
0 
0 
0 
0 
0 
0 
0 
0 
0 
0 
0 
0 
0 
0 
0 
0 
0 
0 
0 
0 
0 
0 
0 
0 
0 
0 
0 
0 
0 
0 
0 
0 
0 
0 
0 
0 
0 
0 
0 
0 
0 
0 
0 
0 
0 
0 
0 
0 
0 
0 
0 
0 
0 
0 
0 
0 
0 
0 
0 
0 
0 
0 
0 
0 
0 
0 
0 
0 
0 
0 
0 
0 
0 
0 
0 
0 
0 
0 
0 
0 
0 
0 
0 
0 
0 
0 
0 
0 
0 
0 
0 
0 
0 
0 
0 
0 
0 
0 
0 
0 
0 
0 
0 
0 
0 
0 
0 
0 
0 
0 
0 
0 
0 
0 
0 
0 
0 
0 
0 
0 
0 
0 
0 
0 
0 
0 
0 
0 
0 
0 
0 
0 
0 
0 
0 
0 
0 
0 
0 
0 
0 
0 
0 
0 
0 
0 
0 
0 
0 
0 
0 
0 
0 
0 
0 
0 
0 
0 
0 
0 
0 
0 
0 
0 
0 
0 
0 
0 
0 
0 
0 
0 
0 
0 
0 
0 
0 
0 
0 
0 
0 
0 
0 
0 
0 
0 
0 
0 
0 
0 
0 
0 
0 
0 
0 
0 
0 
0 
0 
0 
0 
0 
0 
0 
0 
0 
0 
0 
0 
0 
0 
0 
0 
0 
0 
0 
0 
0 
0 
0 
0 
0 
0 
0 
0 
0 
0 
0 
0 
0 
0 
0 
0 
0 
0 
0 
0 
0 
0 
0 
0 
0 
0 
0 
0 
0 
0 
0 
0 
0 
0 
0 
0 
0 
0 
0 
0 
0 
0 
0 
0 
0 
0 
0 
0 
0 
0 
0 
0 
0 
0 
0 
0 
0 
0 
0 
0 
0 
0 
0 
0 
0 
0 
0 
0 
0 
0 
0 
0 
0 
0 
0 
0 
0 
0 
0 
0 
0 
0 
0 
0 
0 
0 
0 
0 
0 
0 
0 
0 
0 
0 
0 
0 
0 
0 
0 
0 
0 
0 
0 
0 
0 
0 
0 
0 
0 
0 
0 
0 
0 
0 
0 
0 
0 
0 
0 
0 
0 
0 
0 
0 
0 
0 
0 
0 
0 
0 
0 
0 
0 
0 
0 
0 
0 
0 
0 
0 
0 
0 
0 
0 
0 
0 
0 
0 
0 
0 
0 
0 
0 
0 
0 
0 
0 
0 
0 
0 
0 
0 
0 
0 
0 
0 
0 
0 
0 
0 
0 
0 
0 
0 
0 
0 
0 
0 
0 
0 
0 
0 
0 
0 
0 
0 
0 
0 
0 
0 
0 
0 
0 
0 
0 
0 
0 
0 
0 
0 
0 
0 
0 
0 
0 
0 
0 
0 
0 
0 
0 
0 
0 
0 
0 
0 
0 
0 
0 
0 
0 
0 
0 
0 
0 
0 
0 
0 
0 
0 
0 
0 
0 
0 
0 
0 
0 
0 
0 
0 
0 
0 
0 
0 
0 
0 
0 
0 
0 
0 
0 
0 
0 
0 
0 
0 
0 
0 
0 
0 
0 
0 
0 
0 
0 
0 
0 
0 
0 
0 
0 
0 
0 
0 
0 
0 
0 
0 
0 
0 
0 
0 
0 
0 
0 
0 
0 
0 
0 
0 
0 
0 
0 
0 
0 
0 
0 
0 
0 
0 
0 
0 
0 
0 
0 
0 
0 
0 
0 
0 
0 
0 
0 
0 
0 
0 
0 
0 
0 
0 
0 
0 
0 
0 
0 
0 
0 
0 
0 
0 
0 
0 
0 
0 
0 
0 
0 
0 
0 
0 
0 
0 
0 
0 
0 
0 
0 
0 
0 
0 
0 
0 
0 
0 
0 
0 
0 
0 
0 
0 
0 
0 
0 
0 
0 
0 
0 
0 
0 
0 
0 
0 
0 
0 
0 
0 
0 
0 
0 
0 
0 
0 
0 
0 
0 
0 
0 
0 
0 
0 
0 
0 
0 
0 
0 
0 
0 
0 
0 
0 
0 
0 
0 
0 
0 
0 
0 
0 
0 
0 
0 
0 
0 
0 
0 
0 
0 
0 
0 
0 
0 
0 
0 
0 
0 
0 
0 
0 
0 
0 
0 
0 
0 
0 
0 
0 
0 
0 
0 
0 
0 
0 
0 
0 
0 
0 
0 
0 
0 
0 
0 
0 
0 
0 
0 
0 
0 
0 
0 
0 
0 
0 
0 
0 
0 
0 
0 
0 
0 
0 
0 
0 
0 
0 
0 
0 
0 
0 
0 
0 
0 
0 
0 
0 
0 
0 
0 
0 
0 
0 
0 
0 
0 
0 
0 
0 
0 
0 
0 
0 
0 
0 
0 
0 
0 
0 
0 
0 
0 
0 
0 
0 
0 
0 
0 
0 
0 
0 
0 
0 
0 
0 
0 
0 
0 
0 
0 
0 
0 
0 
0 
0 
0 
0 
0 
0 
0 
0 
0 
0 
0 
0 
0 
0 
0 
0 
0 
0 
0 
0 
0 
0 
0 
0 
0 
0 
0 
0 
0 
0 
0 
0 
0 
0 
0 
0 
0 
0 
0 
0 
0 
0 
0 
0 
0 
0 
0 
0 
0 
0 
0 
0 
0 
0 
0 
0 
0 
0 
0 
0 
0 
0 
0 
0 
0 
0 
0 
0 
0 
0 
0 
0 
0 
0 
0 
0 
0 
0 
0 
0 
0 
0 
0 
0 
0 
0 
0 
0 
0 
0 
0 
0 
0 
0 
0 
0 
0 
0 
0 
0 
0 
0 
0 
0 
0 
0 
0 
0 
0 
0 
0 
0 
0 
0 
0 
0 
0 
0 
0 
0 
0 
0 
0 
0 
0 
0 
0 
0 
0 
0 
0 
0 
0 
0 
0 
0 
0 
0 
0 
0 
0 
0 
0 
0 
0 
0 
0 
0 
0 
0 
0 
0 
0 
0 
0 
0 
0 
0 
0 
0 
0 
0 
0 
0 
0 
0 
0 
0 
0 
0 
0 
0 
0 
0 
0 
0 
0 
0 
0 
0 
0 
0 
0 
0 
0 
0 
0 
0 
0 
0 
0 
0 
0 
0 
0 
0 
0 
0 
0 
0 
0 
0 
0 
0 
0 
0 
0 
0 
0 
0 
0 
0 
0 
0 
0 
0 
0 
0 
0 
0 
0 
0 
0 
0 
0 
0 
0 
0 
0 
0 
0 
0 
0 
0 
0 
0 
0 
0 
0 
0 
0 
0 
0 
0 
0 
0 
0 
0 
0 
0 
0 
0 
0 
0 
0 
0 
0 
0 
0 
0 
0 
0 
0 
0 
0 
0 
0 
0 
0 
0 
0 
0 
0 
0 
0 
0 
0 
0 
0 
0 
0 
0 
0 
0 
0 
0 
0 
0 
0 
0 
0 
0 
0 
0 
0 
0 
0 
0 
0 
0 
0 
0 
0 
0 
0 
0 
0 
0 
0 
0 
0 
0 
0 
0 
0 
0 
0 
0 
0 
0 
0 
0 
0 
0 
0 
0 
0 
0 
0 
0 
0 
0 
0 
0 
0 
0 
0 
0 
0 
0 
0 
0 
0 
0 
0 
0 
0 
0 
0 
0 
0 
0 
0 
0 
0 
0 
0 
0 
0 
0 
0 
0 
0 
0 
0 
0 
0 
0 
0 
0 
0 
0 
0 
0 
0 
0 
0 
0 
0 
0 
0 
0 
0 
0 
0 
0 
0 
0 
0 
0 
0 
0 
0 
0 
0 
0 
0 
0 
0 
0 
0 
0 
0 
0 
0 
0 
0 
0 
0 
0 
0 
0 
0 
0 
0 
0 
0 
0 
0 
0 
0 
0 
0 
0 
0 
0 
0 
0 
0 
0 
0 
0 
0 
0 
0 
0 
0 
0 
0 
0 
0 
0 
0 
0 
0 
0 
0 
0 
0 
0 
0 
0 
0 
0 
0 
0 
0 
0 
0 
0 
0 
0 
0 
0 
0 
0 
0 
0 
0 
0 
0 
0 
0 
0 
0 
0 
0 
0 
0 
0 
0 
0 
0 
0 
0 
0 
0 
0 
0 
0 
0 
0 
0 
0 
0 
0 
0 
0 
0 
0 
0 
0 
0 
0 
0 
0 
0 
0 
0 
0 
0 
0 
0 
0 
0 
0 
0 
0 
0 
0 
0 
0 
0 
0 
0 
0 
0 
0 
0 
0 
0 
0 
0 
0 
0 
0 
0 
0 
0 
0 
0 
0 
0 
0 
0 
0 
0 
0 
0 
0 
0 
0 
0 
0 
0 
0 
0 
0 
0 
0 
0 
0 
0 
0 
0 
0 
0 
0 
0 
0 
0 
0 
0 
0 
0 
0 
0 
0 
0 
0 
0 
0 
0 
0 
0 
0 
0 
0 
0 
0 
0 
0 
0 
0 
0 
0 
0 
0 
0 
0 
0 
0 
0 
0 
0 
0 
0 
0 
0 
0 
0 
0 
0 
0 
0 
0 
0 
0 
0 
0 
0 
0 
0 
0 
0 
0 
0 
0 
0 
0 
0 
0 
0 
0 
0 
0 
0 
0 
0 
0 
0 
0 
0 
0 
0 
0 
0 
0 
0 
0 
0 
0 
0 
0 
0 
0 
0 
0 
0 
0 
0 
0 
0 
0 
0 
0 
0 
0 
0 
0 
0 
0 
0 
0 
0 
0 
0 
0 
0 
0 
0 
0 
0 
0 
0 
0 
0 
0 
0 
0 
0 
0 
0 
0 
0 
0 
0 
0 
0 
0 
0 
0 
0 
0 
0 
0 
0 
0 
0 
0 
0 
0 
0 
0 
0 
0 
0 
0 
0 
0 
0 
0 
0 
0 
0 
0 
0 
0 
0 
0 
0 
0 
0 
0 
0 
0 
0 
0 
0 
0 
0 
0 
0 
0 
0 
0 
0 
0 
0 
0 
0 
0 
0 
0 
0 
0 
0 
0 
0 
0 
0 
0 
0 
0 
0 
0 
0 
0 
0 
0 
0 
0 
0 
0 
0 
0 
0 
0 
0 
0 
0 
0 
0 
0 
0 
0 
0 
0 
0 
0 
0 
0 
0 
0 
0 
0 
0 
0 
0 
0 
0 
0 
0 
0 
0 
0 
0 
0 
0 
0 
0 
0 
0 
0 
0 
0 
0 
0 
0 
0 
0 
0 
0 
0 
0 
0 
0 
0 
0 
0 
0 
0 
0 
0 
0 
0 
0 
0 
0 
0 
0 
0 
0 
0 
0 
0 
0 
0 
0 
0 
0 
0 
0 
0 
0 
0 
0 
0 
0 
0 
0 
0 
0 
0 
0 
0 
0 
0 
0 
0 
0 
0 
0 
0 
0 
0 
0 
0 
0 
0 
0 
0 
0 
0 
0 
0 
0 
0 
0 
0 
0 
0 
0 
0 
0 
0 
0 
0 
0 
0 
0 
0 
0 
0 
0 
0 
0 
0 
0 
0 
0 
0 
0 
0 
0 
0 
0 
0 
0 
0 
0 
0 
0 
0 
0 
0 
0 
0 
0 
0 
0 
0 
0 
0 
0 
0 
0 
0 
0 
0 
0 
0 
0 
0 
0 
0 
0 
0 
0 
0 
0 
0 
0 
0 
0 
0 
0 
0 
0 
0 
0 
0 
0 
0 
0 
0 
0 
0 
0 
0 
0 
0 
0 
0 
0 
0 
0 
0 
0 
0 
0 
0 
0 
0 
0 
0 
0 
0 
0 
0 
0 
0 
0 
0 
0 
0 
0 
0 
0 
0 
0 
0 
0 
0 
0 
0 
0 
0 
0 
0 
0 
0 
0 
0 
0 
0 
0 
0 
0 
0 
0 
0 
0 
0 
0 
0 
0 
0 
0 
0 
0 
0 
0 
0 
0 
0 
0 
0 
0 
0 
0 
0 
0 
0 
0 
0 
0 
0 
0 
0 
0 
0 
0 
0 
0 
0 
0 
0 
0 
0 
0 
0 
0 
0 
0 
0 
0 
0 
0 
0 
0 
0 
0 
0 
0 
0 
0 
0 
0 
0 
0 
0 
0 
0 
0 
0 
0 
0 
0 
0 
0 
0 
0 
0 
0 
0 
0 
0 
0 
0 
0 
0 
0 
0 
0 
0 
0 
0 
0 
0 
0 
0 
0 
0 
0 
0 
0 
0 
0 
0 
0 
0 
0 
0 
0 
0 
0 
0 
0 
0 
0 
0 
0 
0 
0 
0 
0 
0 
0 
0 
0 
0 
0 
0 
0 
0 
0 
0 
0 
0 
0 
0 
0 
0 
0 
0 
0 
0 
0 
0 
0 
0 
0 
0 
0 
0 
0 
0 
0 
0 
0 
0 
0 
0 
0 
0 
0 
0 
0 
0 
0 
0 
0 
0 
0 
0 
0 
0 
0 
0 
0 
0 
0 
0 
0 
0 
0 
0 
0 
0 
0 
0 
0 
0 
0 
0 
0 
0 
0 
0 
0 
0 
0 
0 
0 
0 
0 
0 
0 
0 
0 
0 
0 
0 
0 
0 
0 
0 
0 
0 
0 
0 
0 
0 
0 
0 
0 
0 
0 
0 
0 
0 
0 
0 
0 
0 
0 
0 
0 
0 
0 
0 
0 
0 
0 
0 
0 
0 
0 
0 
0 
0 
0 
0 
0 
0 
0 
0 
0 
0 
0 
0 
0 
0 
0 
0 
0 
0 
0 
0 
0 
0 
0 
0 
0 
0 
0 
0 
0 
0 
0 
0 
0 
0 
0 
0 
0 
0 
0 
0 
0 
0 
0 
0 
0 
0 
0 
0 
0 
0 
0 
0 
0 
0 
0 
0 
0 
0 
0 
0 
0 
0 
0 
0 
0 
0 
0 
0 
0 
0 
0 
0 
0 
0 
0 
0 
0 
0 
0 
0 
0 
0 
0 
0 
0 
0 
0 
0 
0 
0 
0 
0 
0 
0 
0 
0 
0 
0 
0 
0 
0 
0 
0 
0 
0 
0 
0 
0 
0 
0 
0 
0 
0 
0 
0 
0 
0 
0 
0 
0 
0 
0 
0 
0 
0 
0 
0 
0 
0 
0 
0 
0 
0 
0 
0 
0 
0 
0 
0 
0 
0 
0 
0 
0 
0 
0 
0 
0 
0 
0 
0 
0 
0 
0 
0 
0 
0 
0 
0 
0 
0 
0 
0 
0 
0 
0 
0 
0 
0 
0 
0 
0 
0 
0 
0 
0 
0 
0 
0 
0 
0 
0 
0 
0 
0 
0 
0 
0 
0 
0 
0 
0 
0 
0 
0 
0 
0 
0 
0 
0 
0 
0 
0 
0 
0 
0 
0 
0 
0 
0 
0 
0 
0 
0 
0 
0 
0 
0 
0 
0 
0 
0 
0 
0 
0 
0 
0 
0 
0 
0 
0 
0 
0 
0 
0 
0 
0 
0 
0 
0 
0 
0 
0 
0 
0 
0 
0 
0 
0 
0 
0 
0 
0 
0 
0 
0 
0 
0 
0 
0 
0 
0 
0 
0 
0 
0 
0 
0 
0 
0 
0 
0 
0 
0 
0 
0 
0 
0 
0 
0 
0 
0 
0 
0 
0 
0 
0 
0 
0 
0 
0 
0 
0 
0 
0 
0 
0 
0 
0 
0 
0 
0 
0 
0 
0 
0 
0 
0 
0 
0 
0 
0 
0 
0 
0 
0 
0 
0 
0 
0 
0 
0 
0 
0 
0 
0 
0 
0 
0 
0 
0 
0 
0 
0 
0 
0 
0 
0 
0 
0 
0 
0 
0 
0 
0 
0 
0 
0 
0 
0 
0 
0 
0 
0 
0 
0 
0 
0 
0 
0 
0 
0 
0 
0 
0 
0 
0 
0 
0 
0 
0 
0 
0 
0 
0 
0 
0 
0 
0 
0 
0 
0 
0 
0 
0 
0 
0 
0 
0 
0 
0 
0 
0 
0 
0 
0 
0 
0 
0 
0 
0 
0 
0 
0 
0 
0 
0 
0 
0 
0 
0 
0 
0 
0 
0 
0 
0 
0 
0 
0 
0 
0 
0 
0 
0 
0 
0 
0 
0 
0 
0 
0 
0 
0 
0 
0 
0 
0 
0 
0 
0 
0 
0 
0 
0 
0 
0 
0 
0 
0 
0 
0 
0 
0 
0 
0 
0 
0 
0 
0 
0 
0 
0 
0 
0 
0 
0 
0 
0 
0 
0 
0 
0 
0 
0 
0 
0 
0 
0 
0 
0 
0 
0 
0 
0 
0 
0 
0 
0 
0 
0 
0 
0 
0 
0 
0 
0 
0 
0 
0 
0 
0 
0 
0 
0 
0 
0 
0 
0 
0 
0 
0 
0 
0 
0 
0 
0 
0 
0 
0 
0 
0 
0 
0 
0 
0 
0 
0 
0 
0 
0 
0 
0 
0 
0 
0 
0 
0 
0 
0 
0 
0 
0 
0 
0 
0 
0 
0 
0 
0 
0 
0 
0 
0 
0 
0 
0 
0 
0 
0 
0 
0 
0 
0 
0 
0 
0 
0 
0 
0 
0 
0 
0 
0 
0 
0 
0 
0 
0 
0 
0 
0 
0 
0 
0 
0 
0 
0 
0 
0 
0 
0 
0 
0 
0 
0 
0 
0 
0 
0 
0 
0 
0 
0 
0 
0 
0 
0 
0 
0 
0 
0 
0 
0 
0 
0 
0 
0 
0 
0 
0 
0 
0 
0 
0 
0 
0 
0 
0 
0 
0 
0 
0 
0 
0 
0 
0 
0 
0 
0 
0 
0 
0 
0 
0 
0 
0 
0 
0 
0 
0 
0 
0 
0 
0 
0 
0 
0 
0 
0 
0 
0 
0 
0 
0 
0 
0 
0 
0 
0 
0 
0 
0 
0 
0 
0 
0 
0 
0 
0 
0 
0 
0 
0 
0 
0 
0 
0 
0 
0 
0 
0 
0 
0 
0 
0 
0 
0 
0 
0 
0 
0 
0 
0 
0 
0 
0 
0 
0 
0 
0 
0 
0 
0 
0 
0 
0 
0 
0 
0 
0 
0 
0 
0 
0 
0 
0 
0 
0 
0 
0 
0 
0 
0 
0 
0 
0 
0 
0 
0 
0 
0 
0 
0 
0 
0 
0 
0 
0 
0 
0 
0 
0 
0 
0 
0 
0 
0 
0 
0 
0 
0 
0 
0 
0 
0 
0 
0 
0 
0 
0 
0 
0 
0 
0 
0 
0 
0 
0 
0 
0 
0 
0 
0 
0 
0 
0 
0 
0 
0 
0 
0 
0 
0 
0 
0 
0 
0 
0 
0 
0 
0 
0 
0 
0 
0 
0 
0 
0 
0 
0 
0 
0 
0 
0 
0 
0 
0 
0 
0 
0 
0 
0 
0 
0 
0 
0 
0 
0 
0 
0 
0 
0 
0 
0 
0 
0 
0 
0 
0 
0 
0 
0 
0 
0 
0 
0 
0 
0 
0 
0 
0 
0 
0 
0 
0 
0 
0 
0 
0 
0 
0 
0 
0 
0 
0 
0 
0 
0 
0 
0 
0 
0 
0 
0 
0 
0 
0 
0 
0 
0 
0 
0 
0 
0 
0 
0 
0 
0 
0 
0 
0 
0 
0 
0 
0 
0 
0 
0 
0 
0 
0 
0 
0 
0 
0 
0 
0 
0 
0 
0 
0 
0 
0 
0 
0 
0 
0 
0 
0 
0 
0 
0 
0 
0 
0 
0 
0 
0 
0 
0 
0 
0 
0 
0 
0 
0 
0 
0 
0 
0 
0 
0 
0 
0 
0 
0 
0 
0 
0 
0 
0 
0 
0 
0 
0 
0 
0 
0 
0 
0 
0 
0 
0 
0 
0 
0 
0 
0 
0 
0 
0 
0 
0 
0 
0 
0 
0 
0 
0 
0 
0 
0 
0 
0 
0 
0 
0 
0 
0 
0 
0 
0 
0 
0 
0 
0 
0 
0 
0 
0 
0 
0 
0 
0 
0 
0 
0 
0 
0 
0 
0 
0 
0 
0 
0 
0 
0 
0 
0 
0 
0 
0 
0 
0 
0 
0 
0 
0 
0 
0 
0 
0 
0 
0 
0 
0 
0 
0 
0 
0 
0 
0 
0 
0 
0 
0 
0 
0 
0 
0 
0 
0 
0 
0 
0 
0 
0 
0 
0 
0 
0 
0 
0 
0 
0 
0 
0 
0 
0 
0 
0 
0 
0 
0 
0 
0 
0 
0 
0 
0 
0 
0 
0 
0 
0 
0 
0 
0 
0 
0 
0 
0 
0 
0 
0 
0 
0 
0 
0 
0 
0 
0 
0 
0 
0 
0 
0 
0 
0 
0 
0 
0 
0 
0 
0 
0 
0 
0 
0 
0 
0 
0 
0 
0 
0 
0 
0 
0 
0 
0 
0 
0 
0 
0 
0 
0 
0 
0 
0 
0 
0 
0 
0 
0 
0 
0 
0 
0 
0 
0 
0 
0 
0 
0 
0 
0 
0 
0 
0 
0 
0 
0 
0 
0 
0 
0 
0 
0 
0 
0 
0 
0 
0 
0 
0 
0 
0 
0 
0 
0 
0 
0 
0 
0 
0 
0 
0 
0 
0 
0 
0 
0 
0 
0 
0 
0 
0 
0 
0 
0 
0 
0 
0 
0 
0 
0 
0 
0 
0 
0 
0 
0 
0 
0 
0 
0 
0 
0 
0 
0 
0 
0 
0 
0 
0 
0 
0 
0 
0 
0 
0 
0 
0 
0 
0 
0 
0 
0 
0 
0 
0 
0 
0 
0 
0 
0 
0 
0 
0 
0 
0 
0 
0 
0 
0 
0 
0 
0 
0 
0 
0 
0 
0 
0 
0 
0 
0 
0 
0 
0 
0 
0 
0 
0 
0 
0 
0 
0 
0 
0 
0 
0 
0 
0 
0 
0 
0 
0 
0 
0 
0 
0 
0 
0 
0 
0 
0 
0 
0 
0 
0 
0 
0 
0 
0 
0 
0 
0 
0 
0 
0 
0 
0 
0 
0 
0 
0 
0 
0 
0 
0 
0 
0 
0 
0 
0 
0 
0 
0 
0 
0 
0 
0 
0 
0 
0 
0 
0 
0 
0 
0 
0 
0 
0 
0 
0 
0 
0 
0 
0 
0 
0 
0 
0 
0 
0 
0 
0 
0 
0 
0 
0 
0 
0 
0 
0 
0 
0 
0 
0 
0 
0 
0 
0 
0 
0 
0 
0 
0 
0 
0 
0 
0 
0 
0 
0 
0 
0 
0 
0 
0 
0 
0 
0 
0 
0 
0 
0 
0 
0 
0 
0 
0 
0 
0 
0 
0 
0 
0 
0 
0 
0 
0 
0 
0 
0 
0 
0 
0 
0 
0 
0 
0 
0 
0 
0 
0 
0 
0 
0 
0 
0 
0 
0 
0 
0 
0 
0 
0 
0 
0 
0 
0 
0 
0 
0 
0 
0 
0 
0 
0 
0 
0 
0 
0 
0 
0 
0 
0 
0 
0 
0 
0 
0 
0 
0 
0 
0 
0 
0 
0 
0 
0 
0 
0 
0 
0 
0 
0 
0 
0 
0 
0 
0 
0 
0 
0 
0 
0 
0 
0 
!IDEND=

