!FILE=Disk 
!KIND=Matrix 
!LABORATORY=Oslo Cyclotron Laboratory (OCL) 
!EXPERIMENT=siri2root 
!COMMENT=none
!TIME=2021-01-12 12:47:42
!CALIBRATION EkeV=6, 0.000000E+00, 1.000000E+00, 0.000000E+00
!PRECISION=16
!DIMENSION=1,0:20999
!CHANNEL=(0:20999)
74.7639 
64.2283 
55.0691 
48.2521 
44.1315 
42.6165 
43.556 
46.3004 
49.5177 
52.2859 
54.3319 
55.5888 
56.1681 
56.3242 
56.3563 
56.5007 
56.8785 
57.5161 
58.4056 
59.5395 
60.9247 
62.6028 
64.6304 
67.0186 
69.7005 
72.5338 
75.3206 
77.835 
79.8534 
81.2122 
81.8475 
81.57 
80.7405 
80.4678 
81.1705 
82.7281 
85.1475 
88.2692 
91.703 
94.8823 
97.2086 
98.2815 
97.9835 
96.5292 
94.5448 
92.7876 
91.7642 
91.6473 
92.4484 
94.0775 
96.2599 
98.6477 
100.966 
103.038 
104.764 
106.115 
107.137 
107.962 
108.822 
110.01 
111.774 
114.178 
117.055 
120.027 
122.612 
124.403 
125.191 
124.93 
123.885 
122.819 
122.463 
123.05 
124.532 
126.716 
129.251 
131.787 
134.145 
136.365 
138.668 
141.299 
144.324 
147.546 
150.549 
152.822 
154.087 
154.411 
153.887 
152.681 
151.461 
151.09 
151.928 
153.973 
157.123 
161.082 
165.393 
169.557 
173.16 
175.955 
177.878 
179.043 
179.719 
180.242 
180.912 
181.908 
183.273 
184.916 
186.643 
188.237 
189.553 
190.566 
191.387 
192.231 
193.331 
194.839 
196.763 
198.955 
201.15 
203.054 
204.453 
205.274 
205.589 
205.606 
205.596 
205.832 
206.589 
208.054 
210.259 
213.095 
216.335 
219.693 
222.894 
225.701 
227.931 
229.432 
230.089 
229.852 
228.683 
226.562 
223.641 
220.32 
217.2 
215.027 
214.407 
215.55 
218.352 
222.41 
227.028 
231.423 
234.973 
237.385 
238.744 
239.41 
239.79 
240.163 
240.537 
240.709 
240.539 
239.884 
238.531 
236.472 
233.998 
231.566 
229.607 
228.391 
228.021 
228.511 
229.839 
231.933 
234.712 
238.114 
242.09 
246.578 
251.472 
256.62 
261.8 
266.698 
270.85 
273.516 
273.931 
271.797 
267.218 
260.68 
253.22 
246.251 
241.177 
238.645 
238.399 
240.154 
243.517 
247.501 
251.104 
253.807 
255.495 
256.345 
256.62 
256.421 
255.777 
254.694 
253.048 
250.723 
247.755 
244.374 
241.026 
238.277 
236.574 
236.079 
236.807 
238.606 
240.98 
243.207 
244.632 
244.894 
243.903 
241.814 
239.13 
236.543 
234.618 
233.558 
233.255 
233.586 
234.325 
234.991 
235.231 
234.971 
234.26 
233.279 
232.325 
231.685 
231.513 
231.846 
232.639 
233.596 
234.238 
234.303 
233.592 
231.919 
229.504 
226.767 
224.163 
222.211 
221.283 
221.497 
222.911 
225.553 
229.184 
233.31 
237.295 
240.439 
242.172 
242.238 
240.596 
237.429 
233.323 
229.067 
225.381 
222.935 
221.962 
222.055 
222.879 
224.116 
225.182 
225.713 
225.644 
225.053 
224.121 
223.006 
221.771 
220.427 
218.99 
217.537 
216.219 
215.235 
214.738 
214.776 
215.271 
215.976 
216.532 
216.638 
216.188 
215.237 
213.975 
212.697 
211.662 
210.983 
210.585 
210.233 
209.628 
208.545 
206.956 
205.058 
203.238 
201.981 
201.675 
202.449 
204.231 
206.762 
209.624 
212.371 
214.624 
216.14 
216.881 
216.982 
216.539 
215.582 
214.14 
212.221 
209.816 
206.919 
203.549 
199.814 
195.929 
192.196 
188.927 
186.383 
184.723 
184.01 
184.255 
185.348 
187.013 
188.954 
190.928 
192.731 
194.222 
195.33 
196.032 
196.373 
196.43 
196.24 
195.809 
195.151 
194.288 
193.26 
192.111 
190.863 
189.49 
187.905 
185.94 
183.367 
180.001 
175.817 
171.002 
165.942 
161.154 
157.166 
154.394 
152.919 
152.518 
153.041 
154.378 
156.235 
158.225 
159.977 
161.095 
161.24 
160.278 
158.24 
155.267 
151.655 
147.83 
144.277 
141.403 
139.415 
138.303 
137.948 
138.275 
139.091 
139.995 
140.675 
140.996 
140.916 
140.449 
139.663 
138.662 
137.514 
136.184 
134.569 
132.636 
130.492 
128.369 
126.6 
125.492 
125.198 
125.745 
127.028 
128.706 
130.32 
131.496 
132.051 
131.953 
131.409 
130.883 
130.718 
130.99 
131.646 
132.371 
132.69 
132.372 
131.326 
129.486 
127.042 
124.48 
122.398 
121.189 
120.911 
121.52 
122.867 
124.525 
125.951 
126.777 
126.904 
126.344 
125.204 
123.77 
122.389 
121.317 
120.659 
120.365 
120.265 
120.164 
119.921 
119.486 
118.92 
118.373 
118.011 
117.879 
117.882 
117.92 
117.967 
117.961 
117.705 
116.982 
115.743 
114.149 
112.524 
111.271 
110.693 
110.885 
111.837 
113.383 
115.026 
116.101 
116.149 
115.038 
112.942 
110.408 
108.15 
106.674 
106.178 
106.67 
107.886 
109.271 
110.338 
110.84 
110.703 
109.994 
108.918 
107.688 
106.379 
104.964 
103.385 
101.606 
99.6816 
97.7921 
96.1979 
95.1682 
94.8993 
95.4554 
96.7971 
98.7666 
101.055 
103.23 
104.759 
105.191 
104.367 
102.355 
99.4371 
96.1354 
93.0622 
90.7077 
89.2959 
88.8253 
89.2391 
90.2795 
91.4255 
92.318 
92.8647 
93.0914 
93.1244 
93.1304 
93.246 
93.535 
93.9773 
94.4716 
94.8562 
94.9903 
94.8254 
94.392 
93.7997 
93.2206 
92.7998 
92.5656 
92.3925 
92.0188 
91.1174 
89.4217 
86.8447 
83.5249 
79.7987 
76.0965 
72.7842 
70.0541 
67.9157 
66.2157 
64.69 
63.0923 
61.2942 
59.2828 
57.1357 
54.9885 
52.9721 
51.1696 
49.6218 
48.3597 
47.4238 
46.8487 
46.6518 
46.8403 
47.3351 
47.9316 
48.4212 
48.6813 
48.6739 
48.4202 
48.0049 
47.5713 
47.2528 
47.1181 
47.1826 
47.4003 
47.6655 
47.9041 
48.1165 
48.3653 
48.766 
49.4254 
50.3671 
51.5045 
52.6627 
53.5647 
53.9197 
53.5965 
52.5175 
50.61 
48.0046 
45.0745 
42.3255 
40.2705 
39.252 
39.3728 
40.5537 
42.4966 
44.6892 
46.5636 
47.6942 
47.9029 
47.1619 
45.5659 
43.421 
41.1592 
39.1764 
37.7456 
36.9643 
36.8019 
37.2264 
38.1935 
39.5716 
41.1656 
42.7634 
44.1536 
45.1161 
45.5454 
45.5225 
45.1268 
44.4562 
43.7288 
43.1342 
42.7518 
42.6045 
42.6935 
42.983 
43.3989 
43.8719 
44.3342 
44.6937 
44.8676 
44.822 
44.5313 
43.9747 
43.2206 
42.4212 
41.7348 
41.2726 
41.0821 
41.1695 
41.4516 
41.7373 
41.8841 
41.8598 
41.6755 
41.3789 
41.049 
40.7522 
40.513 
40.3124 
40.1015 
39.8355 
39.5094 
39.2122 
39.0996 
39.258 
39.6773 
40.2637 
40.8098 
41.0936 
41.0192 
40.4945 
39.4095 
37.9054 
36.371 
35.23 
34.7695 
35.0756 
36.0884 
37.5814 
39.1828 
40.532 
41.4011 
41.7009 
41.4243 
40.69 
39.7454 
38.7974 
37.9579 
37.277 
36.7342 
36.2724 
35.8557 
35.4853 
35.2209 
35.1639 
35.3673 
35.8174 
36.4416 
37.1022 
37.6334 
37.9139 
37.9055 
37.6212 
37.1404 
36.6968 
36.5751 
36.8967 
37.6383 
38.6808 
39.7914 
40.6868 
41.1722 
41.2059 
40.8022 
40.0257 
39.0515 
38.087 
37.2827 
36.7215 
36.4213 
36.3542 
36.4983 
36.8441 
37.3573 
37.9638 
38.5481 
38.9712 
39.1287 
38.9875 
38.5583 
37.909 
37.1966 
36.617 
36.2884 
36.2145 
36.3729 
36.7156 
37.1179 
37.4348 
37.578 
37.5261 
37.2739 
36.817 
36.1829 
35.423 
34.5966 
33.7734 
33.034 
32.46 
32.115 
31.9815 
31.9686 
32.0344 
32.1418 
32.1918 
32.1295 
31.9534 
31.6697 
31.3103 
30.9337 
30.5978 
30.3336 
30.1381 
29.977 
29.8063 
29.6499 
29.6009 
29.7105 
30.0155 
30.5877 
31.4462 
32.4959 
33.5404 
34.3338 
34.692 
34.5563 
33.9337 
32.9037 
31.6821 
30.5532 
29.7525 
29.4051 
29.5394 
30.0538 
30.6915 
31.194 
31.4462 
31.4609 
31.27 
30.9239 
30.5396 
30.2345 
30.063 
30.009 
30.0082 
29.9893 
29.9022 
29.7302 
29.4957 
29.2553 
29.0809 
29.0268 
29.1102 
29.3148 
29.5807 
29.8075 
29.9053 
29.839 
29.5856 
29.1302 
28.5407 
27.9521 
27.4992 
27.2707 
27.2928 
27.553 
28.0029 
28.5621 
29.1434 
29.6619 
30.0308 
30.1806 
30.0848 
29.7101 
29.0047 
27.9994 
26.8445 
25.7568 
24.9578 
24.5951 
24.7129 
25.2824 
26.1946 
27.2571 
28.231 
28.8758 
29.1228 
29.111 
28.9377 
28.7011 
28.5852 
28.6784 
28.9835 
29.4612 
29.9694 
30.3274 
30.4218 
30.2214 
29.7632 
29.1674 
28.5999 
28.1931 
28.0028 
27.9754 
28.0002 
28.003 
27.9118 
27.6469 
27.1964 
26.6446 
26.1921 
26.0688 
26.3733 
27.0805 
28.0688 
29.1058 
29.9101 
30.318 
30.3478 
30.044 
29.4932 
28.934 
28.5978 
28.5642 
28.836 
29.3429 
29.8662 
30.1745 
30.1814 
29.8094 
28.9523 
27.6739 
26.1737 
24.643 
23.233 
22.0511 
21.1747 
20.6678 
20.5752 
20.9117 
21.6663 
22.7875 
24.1587 
25.6003 
26.8958 
27.8331 
28.2712 
28.1673 
27.5712 
26.6511 
25.6683 
24.8981 
24.5315 
24.6265 
25.1492 
25.9619 
26.8216 
27.4738 
27.7574 
27.6268 
27.1312 
26.425 
25.7115 
25.15 
24.8116 
24.6698 
24.6273 
24.5818 
24.5168 
24.5003 
24.579 
24.7801 
25.1475 
25.6893 
26.3455 
27.0065 
27.5597 
27.9298 
28.0847 
28.0212 
27.7769 
27.4265 
27.0253 
26.5963 
26.1534 
25.7046 
25.2525 
24.7914 
24.3102 
23.7997 
23.2584 
22.7049 
22.1986 
21.8497 
21.7675 
21.9937 
22.5128 
23.2596 
24.1091 
24.9135 
25.5526 
25.9655 
26.1438 
26.0968 
25.8854 
25.6284 
25.3946 
25.1723 
24.9259 
24.642 
24.3443 
24.0797 
23.8947 
23.8094 
23.7972 
23.8045 
23.7676 
23.6114 
23.3089 
22.9238 
22.5832 
22.3927 
22.3776 
22.5316 
22.8134 
23.0841 
23.1888 
23.0706 
22.7528 
22.3289 
21.9646 
21.8052 
21.9009 
22.2638 
22.8752 
23.6158 
24.3109 
24.8127 
25.0359 
24.9568 
24.5949 
24.015 
23.3162 
22.6026 
21.9644 
21.4626 
21.1187 
20.9117 
20.7884 
20.6922 
20.6156 
20.6006 
20.6763 
20.8589 
21.1709 
21.6128 
22.1353 
22.6321 
22.9751 
23.0743 
22.9028 
22.4848 
21.8974 
21.245 
20.6145 
20.0572 
19.5919 
19.2252 
18.9739 
18.863 
18.9085 
19.158 
19.6833 
20.4806 
21.4547 
22.4657 
23.3577 
23.9967 
24.3301 
24.3869 
24.1935 
23.7845 
23.2586 
22.7448 
22.3583 
22.163 
22.1627 
22.3468 
22.6907 
23.1312 
23.5953 
24.0314 
24.4118 
24.7282 
24.9882 
25.2081 
25.3996 
25.5652 
25.688 
25.7368 
25.6953 
25.5388 
25.2205 
24.723 
24.079 
23.3583 
22.654 
22.0645 
21.6707 
21.5178 
21.6176 
21.9405 
22.4014 
22.8957 
23.3316 
23.6372 
23.7715 
23.7229 
23.4933 
23.0935 
22.5506 
21.9057 
21.2136 
20.5418 
19.9605 
19.5248 
19.2618 
19.1744 
19.2591 
19.4801 
19.7517 
19.9881 
20.1271 
20.1313 
19.9907 
19.7215 
19.3782 
19.0432 
18.7983 
18.6976 
18.7571 
18.9628 
19.2654 
19.5838 
19.8282 
19.9317 
19.8709 
19.6367 
19.2336 
18.724 
18.2194 
17.8392 
17.6663 
17.7263 
18.0053 
18.4448 
18.9385 
19.3811 
19.7163 
19.9529 
20.1608 
20.4464 
20.9028 
21.5626 
22.3829 
23.2538 
24.0289 
24.5745 
24.8392 
24.8514 
24.638 
24.2273 
23.6812 
23.0524 
22.3592 
21.6065 
20.8129 
20.0254 
19.317 
18.7716 
18.4634 
18.4356 
18.6996 
19.2404 
20.0062 
20.9115 
21.8543 
22.7288 
23.4367 
23.8981 
24.0655 
23.9253 
23.4881 
22.7952 
21.9235 
20.9727 
20.0492 
19.2482 
18.6365 
18.242 
18.063 
18.0913 
18.2773 
18.5238 
18.778 
19.0559 
19.4073 
19.8862 
20.5089 
21.2351 
21.9697 
22.579 
22.9321 
22.9525 
22.6208 
21.9732 
21.1308 
20.2728 
19.5751 
19.1485 
19.0193 
19.1808 
19.6016 
20.2034 
20.8963 
21.6168 
22.334 
23.0414 
23.7377 
24.4062 
24.9987 
25.4035 
25.484 
25.1799 
24.4919 
23.4408 
22.0926 
20.5714 
19.0415 
17.671 
16.5926 
15.8771 
15.5434 
15.5896 
15.9254 
16.3465 
16.6919 
16.9086 
17.0157 
17.0912 
17.2323 
17.5059 
17.9169 
18.3986 
18.8265 
19.0787 
19.0962 
18.8686 
18.4388 
17.9432 
17.5673 
17.4436 
17.6131 
18.0353 
18.5743 
19.0269 
19.2336 
19.1411 
18.7386 
18.0535 
17.2278 
16.4694 
15.9504 
15.7614 
15.9241 
16.3757 
16.9431 
17.431 
17.7182 
17.77 
17.5887 
17.2127 
16.7597 
16.3845 
16.1956 
16.2262 
16.4648 
16.8608 
17.3237 
17.7638 
18.1221 
18.3743 
18.53 
18.6225 
18.6909 
18.7687 
18.879 
19.0304 
19.2138 
19.401 
19.5352 
19.5532 
19.4282 
19.1661 
18.7958 
18.3726 
17.964 
17.6263 
17.3883 
17.2392 
17.1503 
17.1145 
17.1377 
17.2552 
17.5423 
18.046 
18.7544 
19.595 
20.4273 
21.0828 
21.4632 
21.5719 
21.4329 
21.0852 
20.6147 
20.1038 
19.5908 
19.0809 
18.5686 
18.0626 
17.6681 
17.5615 
17.8313 
18.4801 
19.4805 
20.7197 
21.9626 
22.8814 
23.1991 
22.8187 
21.7845 
20.2651 
18.5567 
16.9974 
15.8648 
15.3059 
15.3531 
15.8863 
16.6135 
17.2719 
17.7477 
18.0366 
18.2288 
18.4769 
18.9167 
19.5926 
20.4336 
21.271 
21.8746 
22.051 
21.7322 
20.9486 
19.814 
18.5259 
17.3133 
16.3808 
15.8385 
15.6911 
15.9201 
16.484 
17.2726 
18.1468 
18.9864 
19.7036 
20.2462 
20.5895 
20.7445 
20.7478 
20.6186 
20.3711 
20.0471 
19.7021 
19.3841 
19.1239 
18.9336 
18.8143 
18.7648 
18.7859 
18.8877 
19.0867 
19.3859 
19.7604 
20.1513 
20.4588 
20.5784 
20.4631 
20.1078 
19.5337 
18.8302 
18.1401 
17.5919 
17.2518 
17.1115 
17.094 
17.098 
17.0489 
16.9194 
16.7576 
16.652 
16.6466 
16.7983 
17.1992 
17.8451 
18.6355 
19.4504 
20.1621 
20.6533 
20.8517 
20.737 
20.3391 
19.7479 
19.0834 
18.4578 
17.9633 
17.6618 
17.5444 
17.5427 
17.6158 
17.7424 
17.8784 
17.9902 
18.0702 
18.121 
18.1447 
18.1422 
18.0968 
17.968 
17.7212 
17.3441 
16.8427 
16.2476 
15.6219 
15.0573 
14.6572 
14.5004 
14.6151 
15.017 
15.7131 
16.6433 
17.6881 
18.7053 
19.543 
20.069 
20.2774 
20.2863 
20.1706 
19.979 
19.8013 
19.6782 
19.5437 
19.2556 
18.6816 
17.7868 
16.6639 
15.5144 
14.5851 
14.0487 
13.9464 
14.2688 
14.9589 
15.8547 
16.7524 
17.4932 
17.9865 
18.1977 
18.1227 
17.8158 
17.4025 
17.0041 
16.7063 
16.5636 
16.5921 
16.7824 
17.0918 
17.432 
17.6933 
17.7947 
17.7107 
17.4496 
17.0558 
16.6243 
16.2712 
16.0802 
16.0788 
16.2804 
16.6905 
17.2527 
17.8525 
18.3541 
18.6446 
18.6732 
18.4318 
17.9604 
17.3915 
16.9229 
16.7154 
16.828 
17.2951 
18.1353 
19.2294 
20.3452 
21.2444 
21.7738 
21.8989 
21.6297 
21.0132 
20.1729 
19.2552 
18.3663 
17.5595 
16.8482 
16.2327 
15.7234 
15.3557 
15.1737 
15.2008 
15.4543 
15.9395 
16.5928 
17.2833 
17.8588 
18.1882 
18.1998 
17.8766 
17.2489 
16.4192 
15.5437 
14.7819 
14.2573 
14.0333 
14.1248 
14.4921 
15.0245 
15.5947 
16.1048 
16.4915 
16.7316 
16.8417 
16.8708 
16.8849 
16.9502 
17.1174 
17.409 
17.8134 
18.2851 
18.7522 
19.1392 
19.3927 
19.4891 
19.4254 
19.2392 
19.0129 
18.8078 
18.6324 
18.4541 
18.2086 
17.8306 
17.2878 
16.5942 
15.8194 
15.0894 
14.5546 
14.2871 
14.2501 
14.4065 
14.7038 
14.9985 
15.1508 
15.1135 
14.8711 
14.4351 
13.9174 
13.5039 
13.3476 
13.5016 
13.9526 
14.6405 
15.4393 
16.1758 
16.6712 
16.8687 
16.8595 
16.7172 
16.5012 
16.3335 
16.3225 
16.5097 
16.9026 
17.4824 
18.1865 
18.9306 
19.6329 
20.2204 
20.6237 
20.7859 
20.6817 
20.2944 
19.6233 
18.7453 
17.8087 
16.9719 
16.3534 
15.9876 
15.838 
15.8833 
16.0245 
16.0778 
15.9963 
15.8599 
15.7831 
15.8435 
16.1024 
16.6378 
17.4215 
18.303 
19.1008 
19.6704 
19.9382 
19.8897 
19.5763 
19.1152 
18.6145 
18.1426 
17.7493 
17.4768 
17.3565 
17.402 
17.6392 
18.1024 
18.7717 
19.5585 
20.3258 
20.8685 
20.9771 
20.5636 
19.6446 
18.3065 
16.7285 
15.1629 
13.8829 
13.0979 
12.8962 
13.291 
14.2263 
15.5183 
16.9017 
18.1243 
19.0062 
19.4908 
19.614 
19.4046 
18.8957 
18.1784 
17.371 
16.5815 
15.8969 
15.3773 
15.0522 
14.9276 
15.0013 
15.2308 
15.5163 
15.77 
15.9439 
16.0273 
16.0423 
16.0054 
15.9247 
15.8193 
15.7157 
15.6438 
15.6284 
15.6782 
15.7882 
15.9377 
16.0714 
16.1184 
16.0463 
15.8556 
15.5611 
15.2175 
14.9517 
14.9029 
15.125 
15.6005 
16.2544 
16.9426 
17.493 
17.7923 
17.8221 
17.593 
17.1485 
16.6188 
16.1734 
15.9177 
15.8635 
15.9973 
16.2788 
16.5965 
16.8128 
16.8358 
16.6383 
16.2452 
15.7386 
15.2364 
14.8471 
14.6315 
14.5962 
14.7325 
15.0231 
15.4344 
15.935 
16.5014 
17.1034 
17.69 
18.1856 
18.5042 
18.5838 
18.4051 
17.9891 
17.406 
16.7581 
16.1342 
15.5802 
15.0999 
14.6716 
14.2684 
13.8817 
13.5583 
13.3823 
13.4016 
13.6852 
14.3322 
15.3102 
16.4418 
17.4981 
18.2601 
18.5901 
18.4494 
17.9187 
17.2319 
16.669 
16.3792 
16.3508 
16.5446 
16.8929 
17.2301 
17.407 
17.3772 
17.162 
16.8398 
16.5268 
16.3131 
16.2371 
16.3061 
16.5086 
16.8083 
17.1495 
17.4676 
17.6983 
17.8148 
17.835 
17.7753 
17.6559 
17.5273 
17.4384 
17.4041 
17.3982 
17.3579 
17.2039 
16.8762 
16.3692 
15.7452 
15.124 
14.6471 
14.4163 
14.4628 
14.7694 
15.2688 
15.8452 
16.3774 
16.7685 
16.9626 
16.9446 
16.7091 
16.2566 
15.6229 
14.8831 
14.1386 
13.5032 
13.0774 
12.9206 
13.049 
13.4279 
13.9581 
14.5209 
15.0273 
15.4351 
15.756 
16.0431 
16.3561 
16.7296 
17.162 
17.6142 
18.0189 
18.3073 
18.4549 
18.4839 
18.4121 
18.2587 
18.0757 
17.925 
17.8471 
17.8545 
17.9475 
18.1137 
18.2737 
18.3054 
18.1504 
17.7966 
17.231 
16.4677 
15.5729 
14.6667 
13.8944 
13.3774 
13.1799 
13.3162 
13.7326 
14.2969 
14.8806 
15.4075 
15.8436 
16.2019 
16.5241 
16.8333 
17.1011 
17.2628 
17.2747 
17.0942 
16.6892 
16.1229 
15.5146 
14.9902 
14.6607 
14.5823 
14.7675 
15.1941 
15.7904 
16.4566 
17.1043 
17.6776 
18.1545 
18.5338 
18.8273 
19.0574 
19.2516 
19.4352 
19.6229 
19.8147 
19.9936 
20.1278 
20.1895 
20.1694 
20.0732 
19.9278 
19.786 
19.6969 
19.6786 
19.7322 
19.8438 
19.9719 
20.0691 
20.1099 
20.0905 
20.0129 
19.8782 
19.6827 
19.4048 
19.0131 
18.4969 
17.8839 
17.2419 
16.6702 
16.2727 
16.1176 
16.2246 
16.5491 
16.9634 
17.3148 
17.502 
17.4933 
17.2926 
16.9332 
16.4968 
16.0826 
15.7758 
15.6306 
15.6646 
15.9043 
16.3915 
17.12 
18.0213 
18.9781 
19.826 
20.3705 
20.4557 
20.0284 
19.1197 
17.8515 
16.4439 
15.1522 
14.1825 
13.6206 
13.4469 
13.6286 
14.0862 
14.6483 
15.1679 
15.5735 
15.8486 
16.0382 
16.2337 
16.5254 
16.9565 
17.5051 
18.0849 
18.5643 
18.836 
18.8646 
18.65 
18.2269 
17.7094 
17.2479 
16.9464 
16.8234 
16.8108 
16.8226 
16.8192 
16.7814 
16.717 
16.6728 
16.6849 
16.8138 
17.1434 
17.6531 
18.2213 
18.7231 
19.0708 
19.2223 
19.1692 
18.9482 
18.6455 
18.3437 
18.093 
17.9182 
17.8164 
17.7605 
17.705 
17.5969 
17.391 
17.0668 
16.637 
16.1603 
15.7519 
15.5284 
15.5387 
15.8134 
16.3648 
17.0873 
17.7902 
18.3146 
18.6059 
18.6916 
18.5957 
18.3649 
18.1066 
17.9139 
17.8227 
17.8097 
17.8204 
17.8285 
17.8262 
17.7921 
17.706 
17.5684 
17.392 
17.1819 
16.9263 
16.604 
16.2057 
15.7481 
15.2749 
14.854 
14.5683 
14.4842 
14.6245 
14.9764 
15.4925 
16.0925 
16.6847 
17.1865 
17.538 
17.7081 
17.6888 
17.4956 
17.1773 
16.8099 
16.4861 
16.2914 
16.2695 
16.4292 
16.7382 
17.0918 
17.3436 
17.3875 
17.1906 
16.7913 
16.3164 
15.9475 
15.8201 
15.9768 
16.3765 
16.8919 
17.366 
17.6925 
17.8283 
17.7337 
17.5077 
17.4207 
17.5892 
17.987 
18.5848 
19.2778 
19.8407 
20.0372 
19.7786 
19.0914 
18.0786 
16.9198 
15.8041 
14.8686 
14.1845 
13.7746 
13.6321 
13.7459 
14.1062 
14.6987 
15.5117 
16.5168 
17.6414 
18.7671 
19.7452 
20.4261 
20.7084 
20.561 
19.9884 
19.0374 
17.8418 
16.6113 
15.5888 
14.9833 
14.9006 
15.363 
16.3104 
17.5503 
18.8153 
19.8702 
20.5622 
20.8251 
20.6486 
20.1222 
19.4606 
18.8675 
18.4591 
18.2742 
18.2472 
18.2681 
18.2388 
18.0333 
17.5788 
16.929 
16.2336 
15.6981 
15.4832 
15.6408 
16.1714 
17.0198 
18.0063 
18.8827 
19.4466 
19.5982 
19.3157 
18.6336 
17.6638 
16.5659 
15.494 
14.5755 
13.9053 
13.5258 
13.4272 
13.5972 
14.01 
14.578 
15.1687 
15.6541 
15.9522 
16.0634 
16.0685 
16.0485 
16.0308 
16.0376 
16.1234 
16.3249 
16.6051 
16.8731 
17.0465 
17.0884 
16.9928 
16.7742 
16.4797 
16.1732 
15.9103 
15.7271 
15.6324 
15.6128 
15.6569 
15.7653 
15.9506 
16.234 
16.6233 
17.0974 
17.6019 
18.0483 
18.3285 
18.3603 
18.1171 
17.626 
16.981 
16.3302 
15.8251 
15.5644 
15.5769 
15.8234 
16.1835 
16.4983 
16.6548 
16.6175 
16.3906 
16.0111 
15.5636 
15.1313 
14.755 
14.441 
14.1722 
13.9212 
13.6737 
13.4385 
13.258 
13.1905 
13.2639 
13.4792 
13.826 
14.2589 
14.6936 
15.0482 
15.281 
15.3869 
15.3656 
15.2796 
15.2407 
15.2663 
15.3435 
15.4922 
15.6929 
15.891 
16.0387 
16.1118 
16.1045 
16.0235 
15.8854 
15.7157 
15.5426 
15.4161 
15.4036 
15.5394 
15.8449 
16.3415 
17.0179 
17.8302 
18.7053 
19.5483 
20.2689 
20.8049 
21.1312 
21.2504 
21.171 
20.9244 
20.5704 
20.1446 
19.6523 
19.0983 
18.4966 
17.8774 
17.2893 
16.794 
16.4551 
16.3155 
16.3885 
16.6635 
17.0979 
17.61 
18.0973 
18.4626 
18.6571 
18.689 
18.5731 
18.333 
18.0267 
17.7148 
17.4288 
17.1651 
16.8906 
16.5665 
16.178 
15.7478 
15.3322 
15.0033 
14.8077 
14.7484 
14.8181 
14.9802 
15.14 
15.231 
15.2621 
15.2045 
15.0763 
15.0445 
15.2106 
15.5803 
16.1476 
16.8419 
17.5202 
18.0155 
18.2128 
18.0782 
17.6676 
17.1467 
16.7193 
16.5213 
16.5939 
16.8987 
17.3108 
17.6574 
17.8142 
17.7433 
17.4722 
17.098 
16.7667 
16.5893 
16.6006 
16.7936 
17.1267 
17.5139 
17.8649 
18.1215 
18.2628 
18.3087 
18.3094 
18.3028 
18.3038 
18.3388 
18.4422 
18.6295 
18.8951 
19.1512 
19.2413 
19.081 
18.649 
17.9444 
17.0456 
16.1266 
15.4128 
15.0763 
15.1723 
15.6981 
16.5955 
17.6996 
18.8071 
19.777 
20.5543 
21.136 
21.5483 
21.8082 
21.8936 
21.7824 
21.457 
20.8975 
20.1143 
19.1713 
18.1737 
17.2202 
16.3634 
15.6148 
14.971 
14.4336 
14.024 
13.7821 
13.7397 
13.9063 
14.2609 
14.7335 
15.2241 
15.6458 
15.9531 
16.1522 
16.2924 
16.4384 
16.637 
16.8983 
17.1929 
17.437 
17.5272 
17.4164 
17.1084 
16.6352 
16.0724 
15.5331 
15.1345 
14.9533 
15.0118 
15.2868 
15.7054 
16.1695 
16.6009 
16.9646 
17.2758 
17.5878 
17.9567 
18.4026 
18.8947 
19.3582 
19.6967 
19.8386 
19.7612 
19.4715 
19.0039 
18.4216 
17.7886 
17.1507 
16.5453 
16.0204 
15.6466 
15.492 
15.5875 
15.9401 
16.5196 
17.207 
17.8196 
18.1926 
18.237 
17.9318 
17.3156 
16.5158 
15.7188 
15.1062 
14.7953 
14.8188 
15.1912 
15.9243 
16.9685 
18.2151 
19.5262 
20.7366 
21.6607 
22.1509 
22.1533 
21.6523 
20.673 
19.3676 
17.98 
16.7568 
15.8956 
15.4649 
15.4162 
15.7091 
16.2971 
17.055 
17.8332 
18.5174 
19.0389 
19.3729 
19.5237 
19.5003 
19.3483 
19.164 
19.0171 
18.9276 
18.8912 
18.8833 
18.8729 
18.8392 
18.7773 
18.6898 
18.5804 
18.4505 
18.2894 
18.0625 
17.7222 
17.2349 
16.598 
15.8483 
15.0654 
14.3558 
13.8274 
13.5465 
13.521 
13.7432 
14.1872 
14.7793 
15.4255 
16.0514 
16.6125 
17.0932 
17.5039 
17.867 
18.1952 
18.488 
18.734 
18.9164 
19.0287 
19.0828 
19.1079 
19.1443 
19.2289 
19.3761 
19.5673 
19.7546 
19.8851 
19.938 
19.933 
19.912 
19.9464 
20.1018 
20.3286 
20.4923 
20.5132 
20.2779 
19.6348 
18.632 
17.4791 
16.4255 
15.7356 
15.5786 
15.999 
16.9133 
18.0629 
19.1318 
19.9197 
20.3819 
20.5668 
20.4726 
20.2298 
20.161 
20.3691 
20.7717 
21.269 
21.702 
21.9346 
21.9168 
21.5995 
20.9133 
19.8991 
18.7099 
17.5291 
16.5299 
15.8362 
15.4702 
15.3702 
15.4914 
15.7806 
16.1244 
16.4288 
16.6628 
16.8462 
17.0454 
17.345 
17.8053 
18.433 
19.1744 
19.9267 
20.5676 
20.9931 
21.1443 
21.0057 
20.6028 
20.0142 
19.3468 
18.7035 
18.1634 
17.7652 
17.5011 
17.3218 
17.1544 
16.9358 
16.6465 
16.3245 
16.0826 
16.0573 
16.3085 
16.8258 
17.5535 
18.3811 
19.1723 
19.8137 
20.2441 
20.4449 
20.4163 
20.2055 
19.9089 
19.5852 
19.2403 
18.8706 
18.4777 
18.0808 
17.7149 
17.4165 
17.2358 
17.1852 
17.1989 
17.2223 
17.2395 
17.2336 
17.204 
17.1819 
17.1955 
17.2823 
17.4939 
17.821 
18.1794 
18.4591 
18.5813 
18.522 
18.3129 
18.0906 
18.0372 
18.2337 
18.6699 
19.2808 
19.9296 
20.4177 
20.5697 
20.3221 
19.6999 
18.7963 
17.7698 
16.7881 
15.9703 
15.3674 
14.9861 
14.816 
14.848 
15.0582 
15.4018 
15.8495 
16.379 
16.947 
17.4902 
17.9397 
18.2418 
18.3698 
18.3187 
18.1206 
17.8517 
17.5784 
17.3287 
17.1003 
16.8645 
16.5783 
16.204 
15.7242 
15.1473 
14.5134 
13.9043 
13.4723 
13.3899 
13.7342 
14.4929 
15.5927 
16.8756 
18.1134 
19.0556 
19.5423 
19.5529 
19.1059 
18.2665 
17.228 
16.2343 
15.4693 
15.016 
14.8725 
15.0163 
15.3952 
15.91 
16.484 
17.0756 
17.6509 
18.1848 
18.655 
19.0395 
19.3212 
19.4964 
19.5712 
19.5513 
19.4618 
19.3501 
19.2352 
19.0938 
18.8854 
18.5776 
18.1676 
17.6929 
17.2326 
16.8843 
16.7188 
16.7587 
16.9804 
17.303 
17.602 
17.7815 
17.8156 
17.7078 
17.4946 
17.3024 
17.2731 
17.459 
17.8375 
18.3263 
18.7945 
19.1202 
19.2361 
19.1254 
18.8281 
18.4581 
18.1514 
17.997 
18.0226 
18.2049 
18.4673 
18.7034 
18.8437 
18.8789 
18.8178 
18.6828 
18.5236 
18.3881 
18.294 
18.2256 
18.1413 
17.9993 
17.7854 
17.5234 
17.2721 
17.1076 
17.0879 
17.2315 
17.5201 
17.8912 
18.2522 
18.52 
18.6495 
18.6303 
18.5032 
18.3764 
18.3464 
18.4416 
18.6463 
18.9063 
19.1394 
19.2827 
19.3171 
19.2441 
19.083 
18.8903 
18.737 
18.6704 
18.7046 
18.8289 
18.9735 
19.0299 
18.9462 
18.7102 
18.3027 
17.7222 
17.0065 
16.2388 
15.5364 
15.0259 
14.7968 
14.877 
15.2622 
15.9076 
16.6943 
17.4637 
18.0877 
18.5038 
18.7109 
18.7663 
18.7593 
18.7469 
18.761 
18.8396 
18.9923 
19.1851 
19.355 
19.4428 
19.4261 
19.2859 
18.999 
18.5866 
18.1032 
17.5997 
17.1164 
16.6832 
16.3227 
16.0523 
15.884 
15.8226 
15.8686 
16.007 
16.2014 
16.4166 
16.632 
16.8382 
17.0344 
17.2222 
17.3972 
17.5396 
17.6217 
17.6283 
17.5566 
17.4227 
17.2871 
17.2235 
17.2652 
17.4482 
17.819 
18.3479 
18.9184 
19.3794 
19.6119 
19.5746 
19.2616 
18.705 
18.0342 
17.4408 
17.0834 
17.0355 
17.3103 
17.8691 
18.588 
19.3008 
19.8729 
20.2373 
20.385 
20.3262 
20.1323 
19.9482 
19.8671 
19.9033 
20.046 
20.2577 
20.4806 
20.6509 
20.7209 
20.6742 
20.4982 
20.1801 
19.7483 
19.273 
18.8341 
18.4955 
18.2869 
18.2091 
18.2738 
18.4187 
18.4812 
18.3869 
18.1353 
17.714 
17.1441 
16.5005 
15.9 
15.4564 
15.2224 
15.187 
15.3334 
15.6396 
16.0559 
16.5314 
17.037 
17.5644 
18.1147 
18.688 
19.2727 
19.8331 
20.2872 
20.5394 
20.546 
20.2766 
19.7089 
18.916 
18.0517 
17.2968 
16.8183 
16.7088 
16.9903 
17.621 
18.4661 
19.3408 
20.0942 
20.6444 
20.972 
21.106 
21.124 
21.1102 
21.1052 
21.1356 
21.2409 
21.4487 
21.762 
22.1599 
22.5952 
22.9961 
23.2692 
23.3335 
23.1603 
22.7612 
22.1791 
21.4839 
20.7473 
20.021 
19.3289 
18.6753 
18.0587 
17.4868 
16.9899 
16.6432 
16.5386 
16.7187 
17.1728 
17.8438 
18.617 
19.3354 
19.8396 
20.0246 
19.8599 
19.393 
18.7686 
18.2326 
18.0355 
18.2819 
18.9682 
20.0516 
21.3913 
22.7211 
23.7185 
24.1521 
23.9509 
23.1544 
21.9203 
20.5281 
19.2847 
18.4311 
18.0228 
17.9487 
18.1341 
18.5069 
18.8733 
19.047 
18.9653 
18.6018 
17.9552 
17.16 
16.4477 
16.0236 
16.0007 
16.4068 
17.1977 
18.229 
19.2926 
20.1976 
20.8206 
21.1134 
21.0707 
20.795 
20.5189 
20.4128 
20.5143 
20.7921 
21.1417 
21.4093 
21.4765 
21.3054 
20.9249 
20.4285 
19.9438 
19.5723 
19.3575 
19.2782 
19.268 
19.2636 
19.2355 
19.1846 
19.1334 
19.109 
19.1228 
19.178 
19.2706 
19.3608 
19.3915 
19.3379 
19.199 
18.9789 
18.7053 
18.4522 
18.3044 
18.2999 
18.472 
18.8555 
19.3951 
19.9564 
20.3937 
20.599 
20.5354 
20.1953 
19.6014 
18.8611 
18.1307 
17.5398 
17.1588 
17.0096 
17.0934 
17.3448 
17.6094 
17.7623 
17.765 
17.613 
17.3416 
17.0638 
16.9028 
16.9069 
17.1139 
17.5621 
18.1756 
18.7806 
19.2078 
19.3555 
19.1966 
18.7674 
18.186 
17.6189 
17.2096 
17.0371 
17.1214 
17.4354 
17.9007 
18.4261 
18.9508 
19.4501 
19.9226 
20.3667 
20.7524 
21.0025 
21.0318 
20.8069 
20.3448 
19.7233 
19.1038 
18.6908 
18.6361 
18.9877 
19.7011 
20.6274 
21.5512 
22.2921 
22.7583 
22.9268 
22.7985 
22.4533 
22.0736 
21.8189 
21.7675 
21.9434 
22.3252 
22.8351 
23.344 
23.7119 
23.8425 
23.7065 
23.332 
22.8118 
22.2791 
21.8489 
21.5792 
21.4576 
21.4096 
21.327 
21.1139 
20.7235 
20.1707 
19.5321 
18.9325 
18.5061 
18.342 
18.4661 
18.8404 
19.3501 
19.8487 
20.2243 
20.4294 
20.4923 
20.5033 
20.5794 
20.8146 
21.2361 
21.7865 
22.3345 
22.705 
22.7551 
22.4361 
21.7763 
20.8768 
19.9037 
19.0302 
18.3824 
18.0077 
17.8893 
18.0025 
18.3239 
18.8147 
19.4572 
20.2503 
21.1629 
22.1141 
22.9883 
23.6766 
24.1115 
24.2686 
24.1461 
23.8039 
23.3773 
22.9724 
22.6178 
22.2846 
21.8978 
21.3742 
20.6637 
19.7663 
18.7394 
17.7004 
16.7993 
16.1759 
15.9169 
16.0471 
16.5351 
17.2785 
18.1249 
18.9195 
19.5435 
19.9473 
20.1616 
20.2842 
20.4279 
20.6588 
20.9689 
21.2658 
21.4276 
21.3955 
21.1116 
20.5077 
19.6657 
18.8068 
18.1554 
17.8533 
17.9413 
18.3789 
19.0414 
19.7673 
20.4345 
20.9809 
21.3909 
21.6822 
21.8868 
22.0127 
22.0447 
21.9743 
21.8031 
21.5444 
21.2372 
20.9437 
20.7333 
20.6546 
20.7225 
20.9207 
21.1976 
21.4786 
21.685 
21.7547 
21.6657 
21.4241 
21.0554 
20.6116 
20.1713 
19.8546 
19.7879 
20.0259 
20.5553 
21.3076 
22.1441 
22.8733 
23.3086 
23.3401 
22.9399 
22.1601 
21.1716 
20.2218 
19.5364 
19.2491 
19.3962 
19.9109 
20.5972 
21.2106 
21.5754 
21.6242 
21.3498 
20.7992 
20.1213 
19.5193 
19.1503 
19.0822 
19.3263 
19.8497 
20.5474 
21.2744 
21.9009 
22.3372 
22.5396 
22.4995 
22.2461 
21.8459 
21.3705 
20.8911 
20.4949 
20.2676 
20.2594 
20.4824 
20.9071 
21.4401 
21.9556 
22.3552 
22.5982 
22.6904 
22.6463 
22.5272 
22.441 
22.4355 
22.5061 
22.6369 
22.7879 
22.9122 
22.9804 
22.9851 
22.9283 
22.8165 
22.6605 
22.4691 
22.252 
22.033 
21.8719 
21.8441 
21.985 
22.2855 
22.698 
23.1293 
23.4609 
23.6025 
23.5251 
23.2352 
22.7794 
22.2645 
21.8105 
21.4948 
21.3473 
21.3707 
21.5117 
21.6633 
21.7633 
21.8267 
21.9081 
22.0636 
22.3082 
22.5993 
22.8452 
22.958 
22.9026 
22.6606 
22.2279 
21.6804 
21.146 
20.7289 
20.4739 
20.3565 
20.3225 
20.3458 
20.4114 
20.5123 
20.6958 
21.0287 
21.5285 
22.1433 
22.7587 
23.2293 
23.4457 
23.373 
23.0278 
22.4888 
21.9132 
21.4724 
21.2714 
21.3383 
21.6109 
21.9042 
22.0314 
21.9241 
21.5715 
21.0056 
20.3703 
19.8802 
19.6937 
19.8597 
20.3499 
21.0521 
21.7742 
22.3161 
22.5481 
22.4321 
21.9973 
21.3487 
20.6579 
20.1144 
19.8567 
19.9316 
20.3763 
21.238 
22.4542 
23.8378 
25.1429 
26.1149 
26.6082 
26.6286 
26.2064 
25.4161 
24.4861 
23.7053 
23.2411 
23.1056 
23.2711 
23.6477 
24.0265 
24.2388 
24.2476 
24.0627 
23.7311 
23.3561 
23.0232 
22.747 
22.4746 
22.1092 
21.5691 
20.8429 
20.0068 
19.2096 
18.6254 
18.3765 
18.5004 
18.9688 
19.6824 
20.483 
21.1993 
21.6833 
21.891 
21.8869 
21.7185 
21.4334 
21.1783 
21.116 
21.3081 
21.7467 
22.3911 
23.1488 
23.8789 
24.4202 
24.6549 
24.5455 
24.1011 
23.3902 
22.5865 
21.9195 
21.5495 
21.5127 
21.7995 
22.3542 
23.0129 
23.5672 
23.8871 
23.9524 
23.7778 
23.4064 
22.9406 
22.4803 
22.0693 
21.7063 
21.3582 
20.9795 
20.5466 
20.076 
19.6251 
19.2848 
19.1348 
19.2044 
19.5005 
20.0055 
20.6327 
21.2536 
21.759 
22.0907 
22.2521 
22.2985 
22.3125 
22.3736 
22.5369 
22.8237 
23.2211 
23.6894 
24.1804 
24.6497 
25.0574 
25.3419 
25.4257 
25.2693 
24.8786 
24.2973 
23.6224 
22.9902 
22.5268 
22.2986 
22.2583 
22.281 
22.3039 
22.2972 
22.1663 
21.9415 
21.8429 
22.0118 
22.5025 
23.3729 
24.5739 
25.8747 
26.9025 
27.3455 
27.1013 
26.1619 
24.6078 
22.7348 
20.9607 
19.6459 
18.9951 
19.0622 
19.7668 
20.8687 
22.0586 
23.0714 
23.7258 
24.0071 
24.0404 
23.9078 
23.6519 
23.3656 
23.1354 
22.9962 
22.9376 
22.9262 
22.9425 
22.9744 
23.0027 
23.0185 
23.023 
23.0167 
23.0012 
22.9834 
22.9725 
22.9726 
22.988 
23.0236 
23.0754 
23.1209 
23.1266 
23.0743 
22.9547 
22.7598 
22.5025 
22.2134 
21.9213 
21.6428 
21.3839 
21.146 
20.9367 
20.781 
20.7098 
20.7385 
20.9245 
21.38 
22.1526 
23.1933 
24.3961 
25.6106 
26.6639 
27.3686 
27.5685 
27.2055 
26.2967 
24.9164 
23.213 
21.3982 
19.7192 
18.4182 
17.657 
17.4817 
17.8901 
18.8313 
20.1431 
21.5939 
22.9647 
24.1043 
24.9491 
25.5011 
25.8086 
25.9308 
25.893 
25.7263 
25.4925 
25.2302 
24.9583 
24.7028 
24.4877 
24.3387 
24.2833 
24.3337 
24.5091 
24.8512 
25.3864 
26.1054 
26.9522 
27.8005 
28.4651 
28.7875 
28.7069 
28.1817 
27.1784 
25.8105 
24.3275 
23.0034 
22.0572 
21.5609 
21.4595 
21.7095 
22.2638 
23.0007 
23.7821 
24.5128 
25.1489 
25.7016 
26.2099 
26.6899 
27.1237 
27.4734 
27.6971 
27.7702 
27.6867 
27.4605 
27.1365 
26.7798 
26.451 
26.1923 
26.0254 
25.9579 
26.0046 
26.1179 
26.1723 
26.112 
25.9153 
25.502 
24.7995 
23.803 
22.5881 
21.3048 
20.1494 
19.3138 
18.8863 
18.8339 
19.1199 
19.691 
20.4024 
21.0806 
21.6011 
21.9106 
22.0312 
22.0436 
22.0416 
22.0992 
22.2725 
22.592 
23.0559 
23.6373 
24.2947 
24.9801 
25.6409 
26.2168 
26.6171 
26.7401 
26.5387 
26.0217 
25.241 
24.3092 
23.3936 
22.683 
22.3136 
22.3281 
22.713 
23.3936 
24.2084 
24.9647 
25.5114 
25.7715 
25.7295 
25.4534 
25.0992 
24.7967 
24.5979 
24.518 
24.5577 
24.6871 
24.8447 
24.9861 
25.0893 
25.1364 
25.1204 
24.9855 
24.6118 
23.9358 
22.993 
21.9014 
20.8726 
20.1965 
20.1209 
20.7326 
21.9853 
23.702 
25.5698 
27.2307 
28.3906 
28.8945 
28.705 
27.9238 
26.8308 
25.7364 
24.8554 
24.2884 
24.0105 
23.8971 
23.7874 
23.551 
23.1287 
22.5453 
21.9053 
21.409 
21.2724 
21.5851 
22.3334 
23.4462 
24.7757 
26.1262 
27.309 
28.1899 
28.7139 
28.8873 
28.7291 
28.2998 
27.7163 
27.0592 
26.3638 
25.6618 
24.9786 
24.3353 
23.7555 
23.2778 
22.9678 
22.8939 
23.0826 
23.5241 
24.1702 
24.9114 
25.5898 
26.0513 
26.207 
26.035 
25.5809 
24.9925 
24.4766 
24.182 
24.1502 
24.3769 
24.8143 
25.3201 
25.7106 
25.8598 
25.7295 
25.3455 
24.801 
24.2454 
23.8256 
23.6326 
23.6923 
23.9758 
24.3893 
24.7952 
25.0595 
25.0951 
24.8763 
24.4282 
23.8369 
23.2347 
22.7582 
22.5024 
22.4998 
22.7523 
23.2345 
23.8638 
24.5202 
25.0888 
25.4855 
25.6696 
25.6339 
25.4202 
25.1225 
24.8158 
24.5192 
24.2159 
23.8764 
23.4894 
23.0917 
22.7779 
22.6467 
22.7416 
23.09 
23.6973 
24.4505 
25.1559 
25.6654 
25.9404 
26.024 
25.9567 
25.8258 
25.7654 
25.8147 
25.9441 
26.1078 
26.2375 
26.2881 
26.2478 
26.1573 
26.096 
26.0992 
26.2013 
26.4603 
26.8575 
27.3057 
27.716 
28.0169 
28.1666 
28.1535 
27.9813 
27.6715 
27.2749 
26.8671 
26.5601 
26.4726 
26.6566 
27.104 
27.7665 
28.5386 
29.2676 
29.7911 
29.9993 
29.8596 
29.4284 
28.8724 
28.4002 
28.1343 
28.0803 
28.2161 
28.4913 
28.7583 
28.8639 
28.7574 
28.4573 
28.0249 
27.5563 
27.133 
26.7899 
26.5115 
26.2501 
25.9637 
25.6398 
25.2986 
24.9841 
24.7405 
24.5897 
24.5239 
24.5095 
24.5 
24.4557 
24.3912 
24.3708 
24.4312 
24.594 
24.8992 
25.3569 
25.9135 
26.4597 
26.8601 
27.0132 
26.8867 
26.5148 
26.0178 
25.5841 
25.3674 
25.4186 
25.7544 
26.3724 
27.1615 
27.9044 
28.3818 
28.5406 
28.5339 
28.5037 
28.4974 
28.6226 
29.0005 
29.5745 
30.158 
30.6006 
30.8382 
30.859 
30.6639 
30.263 
29.6838 
28.9556 
28.0967 
27.1283 
26.0976 
25.0915 
24.2284 
23.6268 
23.3343 
23.3175 
23.5467 
23.9867 
24.5464 
25.1271 
25.6699 
26.155 
26.5824 
26.9535 
27.2594 
27.4712 
27.549 
27.4715 
27.2413 
26.8892 
26.4856 
26.1554 
26.0326 
26.1728 
26.5762 
27.2263 
28.0518 
28.8987 
29.5626 
29.8849 
29.8109 
29.3264 
28.4563 
27.354 
26.2673 
25.44 
24.994 
24.903 
25.1253 
25.6003 
26.1824 
26.7431 
27.1388 
27.2548 
27.1843 
27.0716 
27.0002 
27.096 
27.4178 
27.8436 
28.2648 
28.6394 
28.9189 
29.0866 
29.1655 
29.2067 
29.2525 
29.3065 
29.3441 
29.3467 
29.2707 
29.0436 
28.65 
28.141 
27.5946 
27.1059 
26.7651 
26.6284 
26.7113 
26.9929 
27.4097 
27.8787 
28.3256 
28.6912 
28.9292 
29.0094 
28.922 
28.6725 
28.2919 
27.8595 
27.5342 
27.4962 
27.8239 
28.5018 
29.4465 
30.4875 
31.3948 
31.9469 
32.011 
31.552 
30.6202 
29.3801 
28.0646 
26.8894 
26.0034 
25.4706 
25.2518 
25.2449 
25.3942 
25.6877 
26.1036 
26.6152 
27.1811 
27.7261 
28.1472 
28.3747 
28.4088 
28.2626 
27.9752 
27.702 
27.6337 
27.8469 
28.3268 
29.0053 
29.7504 
30.4046 
30.8366 
30.9764 
30.8069 
30.3494 
29.6753 
28.8927 
28.1108 
27.4122 
26.835 
26.3672 
25.9546 
25.5347 
25.0815 
24.6252 
24.2513 
24.0541 
24.0771 
24.353 
24.9011 
25.63 
26.3699 
26.9819 
27.4118 
27.7075 
27.9996 
28.4444 
29.1505 
30.1287 
31.2778 
32.4037 
33.2778 
33.7371 
33.7311 
33.279 
32.4653 
31.4463 
30.3888 
29.42 
28.6159 
28.0075 
27.5946 
27.3514 
27.2451 
27.2613 
27.3593 
27.4476 
27.4789 
27.4753 
27.4576 
27.4394 
27.4323 
27.4348 
27.4322 
27.3969 
27.3104 
27.2054 
27.1495 
27.1825 
27.3664 
27.8057 
28.5299 
29.4609 
30.4613 
31.384 
32.1262 
32.647 
32.9487 
33.0486 
32.9577 
32.701 
32.3315 
31.9007 
31.4602 
31.0709 
30.7807 
30.6068 
30.5304 
30.5028 
30.4646 
30.3688 
30.1959 
29.957 
29.6824 
29.3983 
29.1141 
28.8306 
28.5584 
28.3612 
28.3389 
28.5427 
28.9692 
29.5807 
30.2874 
30.8838 
31.1071 
30.8309 
30.0646 
28.9054 
27.5843 
26.4412 
25.7727 
25.7055 
26.2565 
27.3418 
28.6913 
29.9324 
30.7622 
31.1246 
31.1847 
31.0619 
30.8658 
30.7503 
30.7421 
30.8259 
30.9599 
31.0088 
30.8986 
30.6534 
30.3595 
30.1442 
30.0932 
30.2285 
30.5193 
30.8253 
30.9588 
30.8338 
30.4185 
29.6993 
28.7774 
27.881 
27.2706 
27.1181 
27.4726 
28.2831 
29.3828 
30.5364 
31.5413 
32.2793 
32.7201 
32.9124 
32.9667 
33.0124 
33.1492 
33.4174 
33.7898 
34.1815 
34.486 
34.6505 
34.6922 
34.6326 
34.5039 
34.3732 
34.2917 
34.2643 
34.2659 
34.2535 
34.1746 
33.9983 
33.7387 
33.4557 
33.2306 
33.1175 
33.1024 
33.1328 
33.1723 
33.1939 
33.1285 
32.9169 
32.6026 
32.2392 
31.8384 
31.4117 
30.9877 
30.6436 
30.4741 
30.5258 
30.872 
31.6234 
32.73 
33.9464 
34.9652 
35.5526 
35.6235 
35.1712 
34.2639 
33.1231 
32.0658 
31.3724 
31.0992 
31.0843 
31.2178 
31.409 
31.5078 
31.4506 
31.2374 
30.9062 
30.5859 
30.3963 
30.367 
30.4936 
30.7588 
31.1159 
31.5146 
31.9157 
32.2864 
32.5673 
32.6759 
32.5668 
32.218 
31.6254 
30.8602 
30.0833 
29.5035 
29.2812 
29.468 
30.0645 
31.0202 
32.1746 
33.3115 
34.2469 
34.8633 
35.1099 
34.98 
34.5319 
33.887 
33.1432 
32.3503 
31.5435 
30.7548 
30.0226 
29.3919 
28.9059 
28.5938 
28.4668 
28.5258 
28.7453 
29.0738 
29.4784 
29.9573 
30.5267 
31.2127 
32.0278 
32.9579 
33.9588 
34.9566 
35.8603 
36.5855 
37.0748 
37.3034 
37.2677 
37.005 
36.5994 
36.1253 
35.6225 
35.1126 
34.6052 
34.1091 
33.6423 
33.2365 
32.9261 
32.7251 
32.6129 
32.5303 
32.3793 
32.0453 
31.4439 
30.5688 
29.5085 
28.4339 
27.552 
27.0315 
26.9527 
27.3314 
28.1301 
29.2243 
30.4266 
31.5399 
32.39 
32.876 
32.9847 
32.7249 
32.1377 
31.3683 
30.7107 
30.494 
30.8641 
31.8 
33.1714 
34.6949 
35.971 
36.6666 
36.6625 
35.9433 
34.6098 
33.0367 
31.742 
31.0921 
31.1993 
32.0099 
33.3006 
34.6787 
35.7488 
36.2734 
36.1877 
35.562 
34.6145 
33.6258 
32.8048 
32.2519 
31.9961 
32.0367 
32.3298 
32.8047 
33.4322 
34.2215 
35.1834 
36.3201 
37.5943 
38.8968 
40.0564 
40.8834 
41.2387 
41.0755 
40.3768 
39.1522 
37.5223 
35.7034 
33.9378 
32.4513 
31.411 
30.8998 
30.9368 
31.4644 
32.3305 
33.3695 
34.4477 
35.4408 
36.2265 
36.6805 
36.7092 
36.2812 
35.4175 
34.2145 
32.8897 
31.7715 
31.1517 
31.1415 
31.8085 
33.195 
35.0978 
37.129 
38.9062 
40.1329 
40.6519 
40.4234 
39.5432 
38.2805 
36.9529 
35.8108 
35.0139 
34.6038 
34.5449 
34.8123 
35.3804 
36.1736 
37.0836 
37.9915 
38.7764 
39.3176 
39.516 
39.3296 
38.7519 
37.8102 
36.621 
35.4001 
34.4188 
33.8948 
33.9073 
34.4625 
35.4773 
36.6742 
37.6667 
38.1734 
38.1067 
37.5003 
36.5232 
35.5189 
34.8487 
34.7127 
35.1576 
36.0888 
37.2068 
38.1165 
38.5968 
38.6659 
38.3828 
37.8393 
37.2543 
36.8602 
36.7127 
36.7048 
36.7712 
36.8705 
36.9111 
36.8457 
36.7015 
36.5558 
36.4783 
36.4867 
36.5801 
36.7507 
36.969 
37.2026 
37.4319 
37.6454 
37.8288 
37.9587 
38.0129 
37.9819 
37.8573 
37.6301 
37.3209 
36.9914 
36.7438 
36.6823 
36.8497 
37.2332 
37.7727 
38.353 
38.8259 
39.0742 
39.0574 
38.7669 
38.2282 
37.5575 
36.9158 
36.4235 
36.127 
36.0147 
36.064 
36.2218 
36.4118 
36.6412 
37.0057 
37.6057 
38.4933 
39.6502 
40.9636 
42.2088 
43.102 
43.4331 
43.1366 
42.2805 
41.0941 
39.9189 
39.078 
38.767 
39.0398 
39.7881 
40.6991 
41.3908 
41.6056 
41.2629 
40.4349 
39.3495 
38.3024 
37.5089 
37.0439 
36.8783 
36.9694 
37.205 
37.3996 
37.5052 
37.6355 
37.9466 
38.5699 
39.5467 
40.8013 
42.1547 
43.3763 
44.2594 
44.6857 
44.6243 
44.1465 
43.4567 
42.7993 
42.3505 
42.1441 
42.1033 
42.1973 
42.3692 
42.4589 
42.371 
42.0519 
41.416 
40.4526 
39.2713 
38.0522 
36.973 
36.1567 
35.6596 
35.4874 
35.6297 
36.0413 
36.6337 
37.3417 
38.1321 
38.9714 
39.8272 
40.6715 
41.4824 
42.2413 
42.9294 
43.5272 
44.0176 
44.3894 
44.6265 
44.7061 
44.618 
44.3519 
43.8822 
43.1946 
42.3054 
41.271 
40.2016 
39.2551 
38.603 
38.3653 
38.5779 
39.2487 
40.3658 
41.8433 
43.5307 
45.2434 
46.7642 
47.8554 
48.3288 
48.1121 
47.1864 
45.6023 
43.6057 
41.596 
39.9864 
39.0506 
38.8583 
39.3987 
40.5868 
42.1721 
43.8172 
45.221 
46.1795 
46.6503 
46.7112 
46.4123 
45.8016 
45.0204 
44.2625 
43.714 
43.5 
43.6586 
44.1765 
44.9695 
45.8477 
46.5977 
47.084 
47.2571 
47.1119 
46.7341 
46.3203 
46.0305 
45.9083 
45.8982 
45.8499 
45.554 
44.8324 
43.6407 
42.1118 
40.5324 
39.2579 
38.5503 
38.4908 
39.0767 
40.2297 
41.7192 
43.2476 
44.5803 
45.5995 
46.3171 
46.8417 
47.2959 
47.7468 
48.1847 
48.4988 
48.534 
48.2174 
47.563 
46.6474 
45.6224 
44.6803 
43.9945 
43.6434 
43.606 
43.8546 
44.3512 
45.0017 
45.6968 
46.3503 
46.897 
47.2842 
47.477 
47.4646 
47.2485 
46.8522 
46.35 
45.8566 
45.4829 
45.2945 
45.3084 
45.4916 
45.7126 
45.81 
45.7137 
45.4003 
44.8679 
44.2114 
43.6385 
43.3481 
43.4144 
43.8511 
44.6095 
45.4751 
46.144 
46.4003 
46.1779 
45.5277 
44.6269 
43.7368 
43.0761 
42.7226 
42.6293 
42.7451 
43.0348 
43.4517 
43.9781 
44.6269 
45.4147 
46.3407 
47.3303 
48.1991 
48.7302 
48.7962 
48.367 
47.5083 
46.4308 
45.4235 
44.7286 
44.4758 
44.6954 
45.2932 
46.0246 
46.6338 
46.9927 
47.0952 
46.9659 
46.6567 
46.2721 
45.9024 
45.5784 
45.2675 
44.9004 
44.4416 
43.9284 
43.4775 
43.2242 
43.2305 
43.5538 
44.2555 
45.2422 
46.2946 
47.2068 
47.841 
48.1374 
48.0878 
47.7813 
47.4157 
47.1461 
47.0261 
47.0663 
47.2451 
47.5169 
47.8579 
48.2752 
48.7833 
49.3927 
50.0809 
50.7601 
51.29 
51.5503 
51.4951 
51.1208 
50.4792 
49.7382 
49.1246 
48.7742 
48.6884 
48.8393 
49.1711 
49.545 
49.819 
49.9501 
49.9858 
49.9375 
49.835 
49.8089 
49.9277 
50.1986 
50.6409 
51.2332 
51.9183 
52.6409 
53.3525 
53.987 
54.4478 
54.6438 
54.5352 
54.1038 
53.3622 
52.4331 
51.5293 
50.8659 
50.5823 
50.7187 
51.2113 
51.8723 
52.4321 
52.6555 
52.4489 
51.7999 
50.7381 
49.4217 
48.1198 
47.1142 
46.595 
46.6196 
47.1837 
48.2347 
49.6322 
51.19 
52.7276 
54.09 
55.168 
55.9136 
56.3454 
56.5118 
56.4391 
56.2001 
55.9357 
55.7185 
55.5454 
55.3978 
55.2509 
55.1251 
55.0854 
55.1709 
55.3949 
55.754 
56.111 
56.2247 
55.9684 
55.3095 
54.2397 
52.8594 
51.4077 
50.2031 
49.4761 
49.274 
49.5812 
50.305 
51.1516 
51.7473 
51.8499 
51.3915 
50.4586 
49.3351 
48.4228 
48.0189 
48.2142 
49.0262 
50.4206 
52.1877 
54.0147 
55.6244 
56.829 
57.5457 
57.8389 
57.8744 
57.7456 
57.4772 
57.0872 
56.5324 
55.7151 
54.5602 
53.0627 
51.3334 
49.6401 
48.333 
47.669 
47.7285 
48.4956 
49.8419 
51.4384 
52.8442 
53.7133 
53.9085 
53.4139 
52.3353 
51.0162 
49.9908 
49.7199 
50.3677 
51.8667 
53.9479 
56.1176 
57.7417 
58.2968 
57.6009 
55.7423 
53.0652 
50.1872 
47.8189 
46.412 
46.0175 
46.5726 
47.9082 
49.5913 
51.1558 
52.3318 
53.0511 
53.4193 
53.6672 
54.0315 
54.6515 
55.5479 
56.6315 
57.7355 
58.6926 
59.4037 
59.8512 
60.0917 
60.2338 
60.3859 
60.6123 
60.9212 
61.215 
61.3271 
61.1722 
60.7343 
60.0152 
59.084 
58.0888 
57.2117 
56.6019 
56.3331 
56.419 
56.7616 
57.1278 
57.3394 
57.359 
57.1907 
56.8791 
56.5575 
56.3642 
56.3501 
56.5635 
57.0753 
57.8618 
58.8224 
59.8523 
60.8448 
61.6929 
62.2764 
62.4845 
62.2727 
61.6373 
60.5845 
59.1752 
57.5504 
55.8921 
54.3786 
53.1731 
52.4189 
52.2101 
52.575 
53.4765 
54.7805 
56.2577 
57.6441 
58.7256 
59.3981 
59.6386 
59.4507 
58.9276 
58.2631 
57.5879 
56.9323 
56.2979 
55.6792 
55.0702 
54.4774 
53.9441 
53.5534 
53.3623 
53.362 
53.5332 
53.8441 
54.2292 
54.6515 
55.1458 
55.8082 
56.745 
58.0036 
59.5398 
61.2055 
62.7475 
63.8627 
64.3298 
64.0799 
63.1527 
61.7116 
60.0489 
58.4802 
57.2395 
56.4289 
56.0076 
55.8287 
55.7188 
55.5468 
55.2546 
54.9429 
54.8285 
55.0328 
55.5826 
56.4581 
57.5047 
58.4218 
58.9237 
58.8966 
58.2969 
57.1583 
55.7855 
54.6507 
54.0977 
54.233 
55.0089 
56.2171 
57.481 
58.4259 
58.8375 
58.6605 
57.9978 
57.1309 
56.3452 
55.7659 
55.3386 
54.8644 
54.1351 
53.1048 
52.1775 
52.053 
53.0853 
55.3412 
58.8453 
63.3992 
68.5181 
73.5641 
77.9837 
81.4967 
84.1132 
86.0836 
87.7954 
89.5827 
91.5964 
93.7826 
95.9347 
97.8059 
99.2143 
100.078 
100.459 
100.514 
100.326 
99.931 
99.3914 
98.7504 
97.9929 
97.0589 
95.8832 
94.4375 
92.7453 
90.8922 
89.0389 
87.4093 
86.245 
85.7167 
85.8773 
86.7141 
88.135 
89.9157 
91.7701 
93.4709 
94.9233 
96.1879 
97.4476 
98.8962 
100.609 
102.492 
104.293 
105.668 
106.344 
106.229 
105.316 
103.69 
101.636 
99.5384 
97.706 
96.3174 
95.4338 
95.0073 
94.9462 
95.2133 
95.8261 
96.8207 
98.2182 
100.005 
102.121 
104.439 
106.781 
108.957 
110.783 
112.088 
112.74 
112.692 
111.892 
110.268 
107.888 
105.026 
102.088 
99.5173 
97.6836 
96.7888 
96.8839 
97.8287 
99.2358 
100.67 
101.827 
102.565 
102.923 
103.079 
103.256 
103.629 
104.273 
105.161 
106.171 
107.142 
107.948 
108.533 
108.895 
109.05 
109.008 
108.778 
108.375 
107.796 
107.044 
106.198 
105.481 
105.151 
105.329 
106.103 
107.504 
109.223 
110.643 
111.225 
110.767 
109.226 
106.751 
103.988 
101.902 
101.243 
102.256 
104.774 
108.222 
111.73 
114.451 
115.842 
115.748 
114.272 
111.77 
108.765 
105.746 
103.093 
101.085 
99.9016 
99.616 
100.241 
101.719 
103.852 
106.302 
108.654 
110.482 
111.512 
111.702 
111.072 
109.736 
108.083 
106.683 
105.983 
106.136 
107.233 
109.332 
112.152 
115.144 
117.754 
119.555 
120.328 
120.018 
118.704 
116.632 
114.14 
111.585 
109.324 
107.69 
106.903 
107.033 
108.052 
109.792 
111.839 
113.615 
114.648 
114.75 
113.902 
112.256 
110.297 
108.757 
108.256 
109.011 
110.938 
113.73 
116.877 
119.842 
122.223 
123.813 
124.546 
124.415 
123.542 
122.188 
120.547 
118.705 
116.74 
114.781 
113.029 
111.788 
111.365 
111.884 
113.325 
115.574 
118.405 
121.514 
124.589 
127.374 
129.695 
131.458 
132.624 
133.182 
133.131 
132.516 
131.488 
130.262 
129.074 
128.128 
127.512 
127.17 
126.891 
126.36 
125.314 
123.688 
121.682 
119.717 
118.278 
117.608 
117.519 
117.631 
117.751 
117.757 
117.309 
116.096 
114.355 
112.772 
111.927 
112.013 
113.122 
115.283 
118.112 
120.958 
123.278 
124.768 
125.32 
124.924 
123.759 
122.244 
120.763 
119.545 
118.708 
118.241 
118.071 
118.158 
118.413 
118.663 
118.818 
118.893 
118.933 
118.995 
119.12 
119.331 
119.616 
119.922 
120.143 
120.162 
119.938 
119.487 
118.884 
118.275 
117.826 
117.61 
117.585 
117.709 
117.937 
118.181 
118.406 
118.694 
119.223 
120.167 
121.553 
123.171 
124.597 
125.402 
125.41 
124.521 
122.7 
120.317 
118.013 
116.363 
115.707 
116.14 
117.437 
118.98 
120.125 
120.672 
120.809 
120.583 
120.137 
120.02 
120.507 
121.528 
122.944 
124.492 
125.91 
127.068 
128.016 
128.896 
129.803 
130.739 
131.466 
131.561 
130.802 
129.181 
126.752 
123.719 
120.48 
117.547 
115.415 
114.404 
114.609 
115.966 
118.225 
120.912 
123.444 
125.254 
125.965 
125.466 
123.816 
121.284 
118.399 
115.788 
113.974 
113.237 
113.641 
114.985 
116.76 
118.457 
119.768 
120.577 
120.965 
121.094 
121.033 
120.841 
120.631 
120.43 
120.194 
119.972 
119.911 
120.102 
120.576 
121.345 
122.363 
123.316 
123.698 
123.247 
121.888 
119.588 
116.539 
113.21 
110.212 
108.077 
107.096 
107.339 
108.58 
110.207 
111.46 
111.763 
110.906 
108.954 
106.17 
103.046 
100.186 
98.122 
97.0629 
96.8969 
97.5202 
98.8076 
100.438 
102.054 
103.423 
104.445 
105.149 
105.644 
106.029 
106.309 
106.412 
106.293 
105.922 
105.225 
104.129 
102.619 
100.751 
98.6569 
96.5457 
94.6852 
93.3522 
92.673 
92.5764 
92.9941 
93.8303 
94.8174 
95.6325 
96.0973 
96.2111 
96.0116 
95.5638 
95.0095 
94.4863 
94.0661 
93.7716 
93.613 
93.6032 
93.7483 
94.0455 
94.4729 
94.9739 
95.4656 
95.8711 
96.1446 
96.2811 
96.3212 
96.3251 
96.3225 
96.3186 
96.2894 
96.1447 
95.7601 
95.0459 
93.9897 
92.67 
91.2384 
89.8696 
88.7006 
87.7933 
87.1251 
86.6179 
86.1997 
85.847 
85.5921 
85.4902 
85.5704 
85.8432 
86.2899 
86.8163 
87.3038 
87.6957 
88.0265 
88.4162 
89.0129 
89.9045 
91.0729 
92.3838 
93.4867 
93.9229 
93.4689 
92.1355 
90.0904 
87.7555 
85.7426 
84.5464 
84.349 
85.1652 
86.872 
89.0833 
91.2773 
93.0053 
94.0262 
94.3127 
93.8954 
92.8495 
91.3686 
89.7086 
88.1214 
86.8263 
85.9755 
85.6384 
85.8266 
86.4355 
87.2169 
87.9515 
88.5394 
88.9697 
89.3176 
89.7213 
90.3137 
91.1541 
92.2029 
93.3234 
94.3182 
95.0099 
95.3551 
95.4368 
95.318 
95.0451 
94.7041 
94.3481 
93.9567 
93.4692 
92.8363 
92.0555 
91.1755 
90.279 
89.4414 
88.6932 
88.0094 
87.3362 
86.6411 
85.9356 
85.2868 
84.8251 
84.6747 
84.8797 
85.4101 
86.1565 
86.9723 
87.7919 
88.6908 
89.8966 
91.7605 
94.6297 
98.6927 
103.911 
110.002 
116.487 
122.842 
128.689 
133.888 
138.561 
143.003 
147.505 
152.203 
157.044 
161.805 
166.15 
169.722 
172.262 
173.704 
174.237 
174.282 
174.22 
174.215 
174.404 
174.873 
175.435 
175.782 
175.767 
175.193 
173.756 
171.511 
168.894 
166.454 
164.713 
163.899 
163.886 
164.555 
165.749 
167.079 
168.139 
168.737 
168.933 
168.94 
168.943 
168.991 
169.045 
169.061 
168.935 
168.496 
167.708 
166.686 
165.613 
164.717 
164.187 
164.026 
164.046 
164.084 
164.052 
163.929 
163.805 
163.782 
164.145 
165.306 
167.213 
169.354 
171.1 
171.935 
171.652 
170.092 
167.116 
163.118 
159.002 
155.757 
154.068 
154.145 
155.921 
159.04 
162.759 
166.225 
168.815 
170.298 
170.744 
170.256 
168.98 
167.227 
165.283 
163.331 
161.51 
159.951 
158.812 
158.196 
158.092 
158.474 
159.272 
160.273 
161.216 
161.91 
162.257 
162.15 
161.778 
161.649 
161.919 
162.473 
163.23 
164.117 
165.144 
166.424 
168.109 
170.235 
172.644 
174.987 
176.764 
177.546 
177.17 
175.568 
172.772 
169.199 
165.54 
162.44 
160.349 
159.475 
159.854 
161.263 
163.199 
165.2 
166.989 
168.418 
169.469 
170.251 
170.97 
171.837 
172.965 
174.319 
175.607 
176.387 
176.429 
175.558 
173.627 
170.948 
168.132 
165.781 
164.324 
163.887 
164.461 
165.916 
167.898 
169.975 
171.832 
173.31 
174.366 
175.046 
175.438 
175.594 
175.528 
175.173 
174.322 
172.771 
170.482 
167.631 
164.604 
161.953 
160.256 
159.889 
160.961 
163.322 
166.469 
169.645 
172.104 
173.365 
173.288 
172.051 
170.217 
168.613 
167.93 
168.43 
170.349 
174.029 
179.322 
185.545 
191.856 
197.474 
201.811 
204.518 
205.447 
204.572 
202.095 
198.55 
194.599 
190.932 
188.24 
186.855 
186.651 
187.487 
189.145 
191.018 
192.401 
192.877 
192.334 
190.898 
188.961 
187.037 
185.501 
184.489 
183.868 
183.319 
182.519 
181.31 
179.75 
178.109 
176.784 
176.043 
175.89 
176.27 
177.057 
177.774 
177.847 
177.046 
175.4 
173.055 
170.321 
167.594 
165.239 
163.507 
162.492 
162.169 
162.499 
163.376 
164.559 
165.781 
166.769 
167.281 
167.226 
166.507 
164.991 
162.78 
160.252 
157.892 
156.165 
155.376 
155.612 
156.788 
158.6 
160.559 
162.137 
162.971 
162.949 
162.089 
160.529 
158.604 
156.742 
155.345 
154.681 
154.836 
155.815 
157.546 
159.744 
161.966 
163.648 
164.26 
163.589 
161.671 
158.705 
155.109 
151.475 
148.424 
146.391 
145.529 
145.842 
146.74 
147.274 
147.256 
146.395 
143.888 
139.752 
134.705 
129.429 
124.45 
120.062 
116.345 
113.282 
110.839 
108.986 
107.739 
107.095 
106.976 
107.329 
108.085 
109.013 
109.793 
110.192 
110.142 
109.609 
108.559 
107.077 
105.321 
103.424 
101.486 
99.5833 
97.7767 
96.1237 
94.6794 
93.5039 
92.6751 
92.2279 
92.1157 
92.3015 
92.7302 
93.2269 
93.5838 
93.6881 
93.5157 
93.1347 
92.7444 
92.5243 
92.5088 
92.7201 
93.0639 
93.2382 
93.0516 
92.3897 
91.0838 
89.1216 
86.7321 
84.263 
82.0121 
80.149 
78.7331 
77.734 
77.0519 
76.5483 
76.0579 
75.4036 
74.4438 
73.122 
71.487 
69.6892 
67.9511 
66.5059 
65.5184 
65.0534 
65.2486 
65.8382 
66.0218 
65.5094 
64.4258 
62.8345 
60.898 
58.8411 
56.8684 
55.1113 
53.6124 
52.3269 
51.1647 
50.074 
49.0856 
48.3383 
47.966 
47.9615 
48.3024 
48.8489 
49.2495 
49.2866 
48.7421 
47.3475 
45.2917 
43.0773 
41.1077 
39.6228 
38.6973 
38.2986 
38.4084 
38.7726 
38.9422 
38.8349 
38.4981 
37.8699 
37.0454 
36.2241 
35.5544 
35.0888 
34.778 
34.5002 
34.126 
33.5754 
32.8367 
31.9695 
31.0904 
30.3359 
29.8162 
29.5883 
29.6643 
29.9915 
30.4379 
30.8709 
31.1843 
31.2932 
31.167 
30.8018 
30.1895 
29.3297 
28.2447 
26.992 
25.6632 
24.3626 
23.1739 
22.1386 
21.2613 
20.519 
19.8761 
19.3129 
18.8395 
18.4959 
18.3266 
18.3489 
18.5432 
18.8389 
19.1247 
19.3087 
19.3574 
19.2688 
19.062 
18.7873 
18.4918 
18.1886 
17.8535 
17.4428 
16.9352 
16.3534 
15.7638 
15.2618 
14.9381 
14.804 
14.7924 
14.8592 
14.9764 
15.0907 
15.1726 
15.2492 
15.3848 
15.6354 
16.0108 
16.4647 
16.9033 
17.2017 
17.2553 
17.0275 
16.5357 
15.8455 
15.0721 
14.3454 
13.7706 
13.3986 
13.218 
13.1609 
13.1252 
13.0112 
12.755 
12.3472 
11.8364 
11.3191 
10.9084 
10.6727 
10.6136 
10.7184 
10.9577 
11.2476 
11.4834 
11.596 
11.567 
11.3956 
11.0936 
10.7054 
10.2895 
9.88935 
9.52145 
9.17307 
8.80844 
8.39167 
7.91428 
7.40682 
6.9353 
6.58396 
6.39755 
6.35809 
6.44562 
6.62728 
6.80939 
6.90004 
6.869 
6.70321 
6.39723 
6.00298 
5.60678 
5.27544 
5.03887 
4.89422 
4.81692 
4.7756 
4.74695 
4.71642 
4.6713 
4.59761 
4.48275 
4.32047 
4.11347 
3.87416 
3.6221 
3.37507 
3.13956 
2.90737 
2.65902 
2.37425 
2.04318 
1.67052 
1.27627 
0.893319 
0.557952 
0.297847 
0.12472 
0.0325355 
0.000537925 
0 
0 
0 
0 
0 
0 
0 
0 
0 
0 
0 
0 
0 
0 
0 
0 
0 
0 
0 
0 
0 
0 
0 
0 
0 
0 
0 
0 
0 
0 
0 
0 
0 
0 
0 
0 
0 
0 
0 
0 
0 
0 
0 
0 
0 
0 
0 
0 
0 
0 
0 
0 
0 
0 
0 
0 
0 
0 
0 
0 
0 
0 
0 
0 
0 
0 
0 
0 
0 
0 
0 
0 
0 
0 
0 
0 
0 
0 
0 
0 
0 
0 
0 
0 
0 
0 
0 
0 
0 
0 
0 
0 
0 
0 
0 
0 
0 
0 
0 
0 
0 
0 
0 
0 
0 
0 
0 
0 
0 
0 
0 
0 
0 
0 
0 
0 
0 
0 
0 
0 
0 
0 
0 
0 
0 
0 
0 
0 
0 
0 
0 
0 
0 
0 
0 
0 
0 
0 
0 
0 
0 
0 
0 
0 
0 
0 
0 
0 
0 
0 
0 
0 
0 
0 
0 
0 
0 
0 
0 
0 
0 
0 
0 
0 
0 
0 
0 
0 
0 
0 
0 
0 
0 
0 
0 
0 
0 
0 
0 
0 
0 
0 
0 
0 
0 
0 
0 
0 
0 
0 
0 
0 
0 
0 
0 
0 
0 
0 
0 
0 
0 
0 
0 
0 
0 
0 
0 
0 
0 
0 
0 
0 
0 
0 
0 
0 
0 
0 
0 
0 
0 
0 
0 
0 
0 
0 
0 
0 
0 
0 
0 
0 
0 
0 
0 
0 
0 
0 
0 
0 
0 
0 
0 
0 
0 
0 
0 
0 
0 
0 
0 
0 
0 
0 
0 
0 
0 
0 
0 
0 
0 
0 
0 
0 
0 
0 
0 
0 
0 
0 
0 
0 
0 
0 
0 
0 
0 
0 
0 
0 
0 
0 
0 
0 
0 
0 
0 
0 
0 
0 
0 
0 
0 
0 
0 
0 
0 
0 
0 
0 
0 
0 
0 
0 
0 
0 
0 
0 
0 
0 
0 
0 
0 
0 
0 
0 
0 
0 
0 
0 
0 
0 
0 
0 
0 
0 
0 
0 
0 
0 
0 
0 
0 
0 
0 
0 
0 
0 
0 
0 
0 
0 
0 
0 
0 
0 
0 
0 
0 
0 
0 
0 
0 
0 
0 
0 
0 
0 
0 
0 
0 
0 
0 
0 
0 
0 
0 
0 
0 
0 
0 
0 
0 
0 
0 
0 
0 
0 
0 
0 
0 
0 
0 
0 
0 
0 
0 
0 
0 
0 
0 
0 
0 
0 
0 
0 
0 
0 
0 
0 
0 
0 
0 
0 
0 
0 
0 
0 
0 
0 
0 
0 
0 
0 
0 
0 
0 
0 
0 
0 
0 
0 
0 
0 
0 
0 
0 
0 
0 
0 
0 
0 
0 
0 
0 
0 
0 
0 
0 
0 
0 
0 
0 
0 
0 
0 
0 
0 
0 
0 
0 
0 
0 
0 
0 
0 
0 
0 
0 
0 
0 
0 
0 
0 
0 
0 
0 
0 
0 
0 
0 
0 
0 
0 
0 
0 
0 
0 
0 
0 
0 
0 
0 
0 
0 
0 
0 
0 
0 
0 
0 
0 
0 
0 
0 
0 
0 
0 
0 
0 
0 
0 
0 
0 
0 
0 
0 
0 
0 
0 
0 
0 
0 
0 
0 
0 
0 
0 
0 
0 
0 
0 
0 
0 
0 
0 
0 
0 
0 
0 
0 
0 
0 
0 
0 
0 
0 
0 
0 
0 
0 
0 
0 
0 
0 
0 
0 
0 
0 
0 
0 
0 
0 
0 
0 
0 
0 
0 
0 
0 
0 
0 
0 
0 
0 
0 
0 
0 
0 
0 
0 
0 
0 
0 
0 
0 
0 
0 
0 
0 
0 
0 
0 
0 
0 
0 
0 
0 
0 
0 
0 
0 
0 
0 
0 
0 
0 
0 
0 
0 
0 
0 
0 
0 
0 
0 
0 
0 
0 
0 
0 
0 
0 
0 
0 
0 
0 
0 
0 
0 
0 
0 
0 
0 
0 
0 
0 
0 
0 
0 
0 
0 
0 
0 
0 
0 
0 
0 
0 
0 
0 
0 
0 
0 
0 
0 
0 
0 
0 
0 
0 
0 
0 
0 
0 
0 
0 
0 
0 
0 
0 
0 
0 
0 
0 
0 
0 
0 
0 
0 
0 
0 
0 
0 
0 
0 
0 
0 
0 
0 
0 
0 
0 
0 
0 
0 
0 
0 
0 
0 
0 
0 
0 
0 
0 
0 
0 
0 
0 
0 
0 
0 
0 
0 
0 
0 
0 
0 
0 
0 
0 
0 
0 
0 
0 
0 
0 
0 
0 
0 
0 
0 
0 
0 
0 
0 
0 
0 
0 
0 
0 
0 
0 
0 
0 
0 
0 
0 
0 
0 
0 
0 
0 
0 
0 
0 
0 
0 
0 
0 
0 
0 
0 
0 
0 
0 
0 
0 
0 
0 
0 
0 
0 
0 
0 
0 
0 
0 
0 
0 
0 
0 
0 
0 
0 
0 
0 
0 
0 
0 
0 
0 
0 
0 
0 
0 
0 
0 
0 
0 
0 
0 
0 
0 
0 
0 
0 
0 
0 
0 
0 
0 
0 
0 
0 
0 
0 
0 
0 
0 
0 
0 
0 
0 
0 
0 
0 
0 
0 
0 
0 
0 
0 
0 
0 
0 
0 
0 
0 
0 
0 
0 
0 
0 
0 
0 
0 
0 
0 
0 
0 
0 
0 
0 
0 
0 
0 
0 
0 
0 
0 
0 
0 
0 
0 
0 
0 
0 
0 
0 
0 
0 
0 
0 
0 
0 
0 
0 
0 
0 
0 
0 
0 
0 
0 
0 
0 
0 
0 
0 
0 
0 
0 
0 
0 
0 
0 
0 
0 
0 
0 
0 
0 
0 
0 
0 
0 
0 
0 
0 
0 
0 
0 
0 
0 
0 
0 
0 
0 
0 
0 
0 
0 
0 
0 
0 
0 
0 
0 
0 
0 
0 
0 
0 
0 
0 
0 
0 
0 
0 
0 
0 
0 
0 
0 
0 
0 
0 
0 
0 
0 
0 
0 
0 
0 
0 
0 
0 
0 
0 
0 
0 
0 
0 
0 
0 
0 
0 
0 
0 
0 
0 
0 
0 
0 
0 
0 
0 
0 
0 
0 
0 
0 
0 
0 
0 
0 
0 
0 
0 
0 
0 
0 
0 
0 
0 
0 
0 
0 
0 
0 
0 
0 
0 
0 
0 
0 
0 
0 
0 
0 
0 
0 
0 
0 
0 
0 
0 
0 
0 
0 
0 
0 
0 
0 
0 
0 
0 
0 
0 
0 
0 
0 
0 
0 
0 
0 
0 
0 
0 
0 
0 
0 
0 
0 
0 
0 
0 
0 
0 
0 
0 
0 
0 
0 
0 
0 
0 
0 
0 
0 
0 
0 
0 
0 
0 
0 
0 
0 
0 
0 
0 
0 
0 
0 
0 
0 
0 
0 
0 
0 
0 
0 
0 
0 
0 
0 
0 
0 
0 
0 
0 
0 
0 
0 
0 
0 
0 
0 
0 
0 
0 
0 
0 
0 
0 
0 
0 
0 
0 
0 
0 
0 
0 
0 
0 
0 
0 
0 
0 
0 
0 
0 
0 
0 
0 
0 
0 
0 
0 
0 
0 
0 
0 
0 
0 
0 
0 
0 
0 
0 
0 
0 
0 
0 
0 
0 
0 
0 
0 
0 
0 
0 
0 
0 
0 
0 
0 
0 
0 
0 
0 
0 
0 
0 
0 
0 
0 
0 
0 
0 
0 
0 
0 
0 
0 
0 
0 
0 
0 
0 
0 
0 
0 
0 
0 
0 
0 
0 
0 
0 
0 
0 
0 
0 
0 
0 
0 
0 
0 
0 
0 
0 
0 
0 
0 
0 
0 
0 
0 
0 
0 
0 
0 
0 
0 
0 
0 
0 
0 
0 
0 
0 
0 
0 
0 
0 
0 
0 
0 
0 
0 
0 
0 
0 
0 
0 
0 
0 
0 
0 
0 
0 
0 
0 
0 
0 
0 
0 
0 
0 
0 
0 
0 
0 
0 
0 
0 
0 
0 
0 
0 
0 
0 
0 
0 
0 
0 
0 
0 
0 
0 
0 
0 
0 
0 
0 
0 
0 
0 
0 
0 
0 
0 
0 
0 
0 
0 
0 
0 
0 
0 
0 
0 
0 
0 
0 
0 
0 
0 
0 
0 
0 
0 
0 
0 
0 
0 
0 
0 
0 
0 
0 
0 
0 
0 
0 
0 
0 
0 
0 
0 
0 
0 
0 
0 
0 
0 
0 
0 
0 
0 
0 
0 
0 
0 
0 
0 
0 
0 
0 
0 
0 
0 
0 
0 
0 
0 
0 
0 
0 
0 
0 
0 
0 
0 
0 
0 
0 
0 
0 
0 
0 
0 
0 
0 
0 
0 
0 
0 
0 
0 
0 
0 
0 
0 
0 
0 
0 
0 
0 
0 
0 
0 
0 
0 
0 
0 
0 
0 
0 
0 
0 
0 
0 
0 
0 
0 
0 
0 
0 
0 
0 
0 
0 
0 
0 
0 
0 
0 
0 
0 
0 
0 
0 
0 
0 
0 
0 
0 
0 
0 
0 
0 
0 
0 
0 
0 
0 
0 
0 
0 
0 
0 
0 
0 
0 
0 
0 
0 
0 
0 
0 
0 
0 
0 
0 
0 
0 
0 
0 
0 
0 
0 
0 
0 
0 
0 
0 
0 
0 
0 
0 
0 
0 
0 
0 
0 
0 
0 
0 
0 
0 
0 
0 
0 
0 
0 
0 
0 
0 
0 
0 
0 
0 
0 
0 
0 
0 
0 
0 
0 
0 
0 
0 
0 
0 
0 
0 
0 
0 
0 
0 
0 
0 
0 
0 
0 
0 
0 
0 
0 
0 
0 
0 
0 
0 
0 
0 
0 
0 
0 
0 
0 
0 
0 
0 
0 
0 
0 
0 
0 
0 
0 
0 
0 
0 
0 
0 
0 
0 
0 
0 
0 
0 
0 
0 
0 
0 
0 
0 
0 
0 
0 
0 
0 
0 
0 
0 
0 
0 
0 
0 
0 
0 
0 
0 
0 
0 
0 
0 
0 
0 
0 
0 
0 
0 
0 
0 
0 
0 
0 
0 
0 
0 
0 
0 
0 
0 
0 
0 
0 
0 
0 
0 
0 
0 
0 
0 
0 
0 
0 
0 
0 
0 
0 
0 
0 
0 
0 
0 
0 
0 
0 
0 
0 
0 
0 
0 
0 
0 
0 
0 
0 
0 
0 
0 
0 
0 
0 
0 
0 
0 
0 
0 
0 
0 
0 
0 
0 
0 
0 
0 
0 
0 
0 
0 
0 
0 
0 
0 
0 
0 
0 
0 
0 
0 
0 
0 
0 
0 
0 
0 
0 
0 
0 
0 
0 
0 
0 
0 
0 
0 
0 
0 
0 
0 
0 
0 
0 
0 
0 
0 
0 
0 
0 
0 
0 
0 
0 
0 
0 
0 
0 
0 
0 
0 
0 
0 
0 
0 
0 
0 
0 
0 
0 
0 
0 
0 
0 
0 
0 
0 
0 
0 
0 
0 
0 
0 
0 
0 
0 
0 
0 
0 
0 
0 
0 
0 
0 
0 
0 
0 
0 
0 
0 
0 
0 
0 
0 
0 
0 
0 
0 
0 
0 
0 
0 
0 
0 
0 
0 
0 
0 
0 
0 
0 
0 
0 
0 
0 
0 
0 
0 
0 
0 
0 
0 
0 
0 
0 
0 
0 
0 
0 
0 
0 
0 
0 
0 
0 
0 
0 
0 
0 
0 
0 
0 
0 
0 
0 
0 
0 
0 
0 
0 
0 
0 
0 
0 
0 
0 
0 
0 
0 
0 
0 
0 
0 
0 
0 
0 
0 
0 
0 
0 
0 
0 
0 
0 
0 
0 
0 
0 
0 
0 
0 
0 
0 
0 
0 
0 
0 
0 
0 
0 
0 
0 
0 
0 
0 
0 
0 
0 
0 
0 
0 
0 
0 
0 
0 
0 
0 
0 
0 
0 
0 
0 
0 
0 
0 
0 
0 
0 
0 
0 
0 
0 
0 
0 
0 
0 
0 
0 
0 
0 
0 
0 
0 
0 
0 
0 
0 
0 
0 
0 
0 
0 
0 
0 
0 
0 
0 
0 
0 
0 
0 
0 
0 
0 
0 
0 
0 
0 
0 
0 
0 
0 
0 
0 
0 
0 
0 
0 
0 
0 
0 
0 
0 
0 
0 
0 
0 
0 
0 
0 
0 
0 
0 
0 
0 
0 
0 
0 
0 
0 
0 
0 
0 
0 
0 
0 
0 
0 
0 
0 
0 
0 
0 
0 
0 
0 
0 
0 
0 
0 
0 
0 
0 
0 
0 
0 
0 
0 
0 
0 
0 
0 
0 
0 
0 
0 
0 
0 
0 
0 
0 
0 
0 
0 
0 
0 
0 
0 
0 
0 
0 
0 
0 
0 
0 
0 
0 
0 
0 
0 
0 
0 
0 
0 
0 
0 
0 
0 
0 
0 
0 
0 
0 
0 
0 
0 
0 
0 
0 
0 
0 
0 
0 
0 
0 
0 
0 
0 
0 
0 
0 
0 
0 
0 
0 
0 
0 
0 
0 
0 
0 
0 
0 
0 
0 
0 
0 
0 
0 
0 
0 
0 
0 
0 
0 
0 
0 
0 
0 
0 
0 
0 
0 
0 
0 
0 
0 
0 
0 
0 
0 
0 
0 
0 
0 
0 
0 
0 
0 
0 
0 
0 
0 
0 
0 
0 
0 
0 
0 
0 
0 
0 
0 
0 
0 
0 
0 
0 
0 
0 
0 
0 
0 
0 
0 
0 
0 
0 
0 
0 
0 
0 
0 
0 
0 
0 
0 
0 
0 
0 
0 
0 
0 
0 
0 
0 
0 
0 
0 
0 
0 
0 
0 
0 
0 
0 
0 
0 
0 
0 
0 
0 
0 
0 
0 
0 
0 
0 
0 
0 
0 
0 
0 
0 
0 
0 
0 
0 
0 
0 
0 
0 
0 
0 
0 
0 
0 
0 
0 
0 
0 
0 
0 
0 
0 
0 
0 
0 
0 
0 
0 
0 
0 
0 
0 
0 
0 
0 
0 
0 
0 
0 
0 
0 
0 
0 
0 
0 
0 
0 
0 
0 
0 
0 
0 
0 
0 
0 
0 
0 
0 
0 
0 
0 
0 
0 
0 
0 
0 
0 
0 
0 
0 
0 
0 
0 
0 
0 
0 
0 
0 
0 
0 
0 
0 
0 
0 
0 
0 
0 
0 
0 
0 
0 
0 
0 
0 
0 
0 
0 
0 
0 
0 
0 
0 
0 
0 
0 
0 
0 
0 
0 
0 
0 
0 
0 
0 
0 
0 
0 
0 
0 
0 
0 
0 
0 
0 
0 
0 
0 
0 
0 
0 
0 
0 
0 
0 
0 
0 
0 
0 
0 
0 
0 
0 
0 
0 
0 
0 
0 
0 
0 
0 
0 
0 
0 
0 
0 
0 
0 
0 
0 
0 
0 
0 
0 
0 
0 
0 
0 
0 
0 
0 
0 
0 
0 
0 
0 
0 
0 
0 
0 
0 
0 
0 
0 
0 
0 
0 
0 
0 
0 
0 
0 
0 
0 
0 
0 
0 
0 
0 
0 
0 
0 
0 
0 
0 
0 
0 
0 
0 
0 
0 
0 
0 
0 
0 
0 
0 
0 
0 
0 
0 
0 
0 
0 
0 
0 
0 
0 
0 
0 
0 
0 
0 
0 
0 
0 
0 
0 
0 
0 
0 
0 
0 
0 
0 
0 
0 
0 
0 
0 
0 
0 
0 
0 
0 
0 
0 
0 
0 
0 
0 
0 
0 
0 
0 
0 
0 
0 
0 
0 
0 
0 
0 
0 
0 
0 
0 
0 
0 
0 
0 
0 
0 
0 
0 
0 
0 
0 
0 
0 
0 
0 
0 
0 
0 
0 
0 
0 
0 
0 
0 
0 
0 
0 
0 
0 
0 
0 
0 
0 
0 
0 
0 
0 
0 
0 
0 
0 
0 
0 
0 
0 
0 
0 
0 
0 
0 
0 
0 
0 
0 
0 
0 
0 
0 
0 
0 
0 
0 
0 
0 
0 
0 
0 
0 
0 
0 
0 
0 
0 
0 
0 
0 
0 
0 
0 
0 
0 
0 
0 
0 
0 
0 
0 
0 
0 
0 
0 
0 
0 
0 
0 
0 
0 
0 
0 
0 
0 
0 
0 
0 
0 
0 
0 
0 
0 
0 
0 
0 
0 
0 
0 
0 
0 
0 
0 
0 
0 
0 
0 
0 
0 
0 
0 
0 
0 
0 
0 
0 
0 
0 
0 
0 
0 
0 
0 
0 
0 
0 
0 
0 
0 
0 
0 
0 
0 
0 
0 
0 
0 
0 
0 
0 
0 
0 
0 
0 
0 
0 
0 
0 
0 
0 
0 
0 
0 
0 
0 
0 
0 
0 
0 
0 
0 
0 
0 
0 
0 
0 
0 
0 
0 
0 
0 
0 
0 
0 
0 
0 
0 
0 
0 
0 
0 
0 
0 
0 
0 
0 
0 
0 
0 
0 
0 
0 
0 
0 
0 
0 
0 
0 
0 
0 
0 
0 
0 
0 
0 
0 
0 
0 
0 
0 
0 
0 
0 
0 
0 
0 
0 
0 
0 
0 
0 
0 
0 
0 
0 
0 
0 
0 
0 
0 
0 
0 
0 
0 
0 
0 
0 
0 
0 
0 
0 
0 
0 
0 
0 
0 
0 
0 
0 
0 
0 
0 
0 
0 
0 
0 
0 
0 
0 
0 
0 
0 
0 
0 
0 
0 
0 
0 
0 
0 
0 
0 
0 
0 
0 
0 
0 
0 
0 
0 
0 
0 
0 
0 
0 
0 
0 
0 
0 
0 
0 
0 
0 
0 
0 
0 
0 
0 
0 
0 
0 
0 
0 
0 
0 
0 
0 
0 
0 
0 
0 
0 
0 
0 
0 
0 
0 
0 
0 
0 
0 
0 
0 
0 
0 
0 
0 
0 
0 
0 
0 
0 
0 
0 
0 
0 
0 
0 
0 
0 
0 
0 
0 
0 
0 
0 
0 
0 
0 
0 
0 
0 
0 
0 
0 
0 
0 
0 
0 
0 
0 
0 
0 
0 
0 
0 
0 
0 
0 
0 
0 
0 
0 
0 
0 
0 
0 
0 
0 
0 
0 
0 
0 
0 
0 
0 
0 
0 
0 
0 
0 
0 
0 
0 
0 
0 
0 
0 
0 
0 
0 
0 
0 
0 
0 
0 
0 
0 
0 
0 
0 
0 
0 
0 
0 
0 
0 
0 
0 
0 
0 
0 
0 
0 
0 
0 
0 
0 
0 
0 
0 
0 
0 
0 
0 
0 
0 
0 
0 
0 
0 
0 
0 
0 
0 
0 
0 
0 
0 
0 
0 
0 
0 
0 
0 
0 
0 
0 
0 
0 
0 
0 
0 
0 
0 
0 
0 
0 
0 
0 
0 
0 
0 
0 
0 
0 
0 
0 
0 
0 
0 
0 
0 
0 
0 
0 
0 
0 
0 
0 
0 
0 
0 
0 
0 
0 
0 
0 
0 
0 
0 
0 
0 
0 
0 
0 
0 
0 
0 
0 
0 
0 
0 
0 
0 
0 
0 
0 
0 
0 
0 
0 
0 
0 
0 
0 
0 
0 
0 
0 
0 
0 
0 
0 
0 
0 
0 
0 
0 
0 
0 
0 
0 
0 
0 
0 
0 
0 
0 
0 
0 
0 
0 
0 
0 
0 
0 
0 
0 
0 
0 
0 
0 
0 
0 
0 
0 
0 
0 
0 
0 
0 
0 
0 
0 
0 
0 
0 
0 
0 
0 
0 
0 
0 
0 
0 
0 
0 
0 
0 
0 
0 
0 
0 
0 
0 
0 
0 
0 
0 
0 
0 
0 
0 
0 
0 
0 
0 
0 
0 
0 
0 
0 
0 
0 
0 
0 
0 
0 
0 
0 
0 
0 
0 
0 
0 
0 
0 
0 
0 
0 
0 
0 
0 
0 
0 
0 
0 
0 
0 
0 
0 
0 
0 
0 
0 
0 
0 
0 
0 
0 
0 
0 
0 
0 
0 
0 
0 
0 
0 
0 
0 
0 
0 
0 
0 
0 
0 
0 
0 
0 
0 
0 
0 
0 
0 
0 
0 
0 
0 
0 
0 
0 
0 
0 
0 
0 
0 
0 
0 
0 
0 
0 
0 
0 
0 
0 
0 
0 
0 
0 
0 
0 
0 
0 
0 
0 
0 
0 
0 
0 
0 
0 
0 
0 
0 
0 
0 
0 
0 
0 
0 
0 
0 
0 
0 
0 
0 
0 
0 
0 
0 
0 
0 
0 
0 
0 
0 
0 
0 
0 
0 
0 
0 
0 
0 
0 
0 
0 
0 
0 
0 
0 
0 
0 
0 
0 
0 
0 
0 
0 
0 
0 
0 
0 
0 
0 
0 
0 
0 
0 
0 
0 
0 
0 
0 
0 
0 
0 
0 
0 
0 
0 
0 
0 
0 
0 
0 
0 
0 
0 
0 
0 
0 
0 
0 
0 
0 
0 
0 
0 
0 
0 
0 
0 
0 
0 
0 
0 
0 
0 
0 
0 
0 
0 
0 
0 
0 
0 
0 
0 
0 
0 
0 
0 
0 
0 
0 
0 
0 
0 
0 
0 
0 
0 
0 
0 
0 
0 
0 
0 
0 
0 
0 
0 
0 
0 
0 
0 
0 
0 
0 
0 
0 
0 
0 
0 
0 
0 
0 
0 
0 
0 
0 
0 
0 
0 
0 
0 
0 
0 
0 
0 
0 
0 
0 
0 
0 
0 
0 
0 
0 
0 
0 
0 
0 
0 
0 
0 
0 
0 
0 
0 
0 
0 
0 
0 
0 
0 
0 
0 
0 
0 
0 
0 
0 
0 
0 
0 
0 
0 
0 
0 
0 
0 
0 
0 
0 
0 
0 
0 
0 
0 
0 
0 
0 
0 
0 
0 
0 
0 
0 
0 
0 
0 
0 
0 
0 
0 
0 
0 
0 
0 
0 
0 
0 
0 
0 
0 
0 
0 
0 
0 
0 
0 
0 
0 
0 
0 
0 
0 
0 
0 
0 
0 
0 
0 
0 
0 
0 
0 
0 
0 
0 
0 
0 
0 
0 
0 
0 
0 
0 
0 
0 
0 
0 
0 
0 
0 
0 
0 
0 
0 
0 
0 
0 
0 
0 
0 
0 
0 
0 
0 
0 
0 
0 
0 
0 
0 
0 
0 
0 
0 
0 
0 
0 
0 
0 
0 
0 
0 
0 
0 
0 
0 
0 
0 
0 
0 
0 
0 
0 
0 
0 
0 
0 
0 
0 
0 
0 
0 
0 
0 
0 
0 
0 
0 
0 
0 
0 
0 
0 
0 
0 
0 
0 
0 
0 
0 
0 
0 
0 
0 
0 
0 
0 
0 
0 
0 
0 
0 
0 
0 
0 
0 
0 
0 
0 
0 
0 
0 
0 
0 
0 
0 
0 
0 
0 
0 
0 
0 
0 
0 
0 
0 
0 
0 
0 
0 
0 
0 
0 
0 
0 
0 
0 
0 
0 
0 
0 
0 
0 
0 
0 
0 
0 
0 
0 
0 
0 
0 
0 
0 
0 
0 
0 
0 
0 
0 
0 
0 
0 
0 
0 
0 
0 
0 
0 
0 
0 
0 
0 
0 
0 
0 
0 
0 
0 
0 
0 
0 
0 
0 
0 
0 
0 
0 
0 
0 
0 
0 
0 
0 
0 
0 
0 
0 
0 
0 
0 
0 
0 
0 
0 
0 
0 
0 
0 
0 
0 
0 
0 
0 
0 
0 
0 
0 
0 
0 
0 
0 
0 
0 
0 
0 
0 
0 
0 
0 
0 
0 
0 
0 
0 
0 
0 
0 
0 
0 
0 
0 
0 
0 
0 
0 
0 
0 
0 
0 
0 
0 
0 
0 
0 
0 
0 
0 
0 
0 
0 
0 
0 
0 
0 
0 
0 
0 
0 
0 
0 
0 
0 
0 
0 
0 
0 
0 
0 
0 
0 
0 
0 
0 
0 
0 
0 
0 
0 
0 
0 
0 
0 
0 
0 
0 
0 
0 
0 
0 
0 
0 
0 
0 
0 
0 
0 
0 
0 
0 
0 
0 
0 
0 
0 
0 
0 
0 
0 
0 
0 
0 
0 
0 
0 
0 
0 
0 
0 
0 
0 
0 
0 
0 
0 
0 
0 
0 
0 
0 
0 
0 
0 
0 
0 
0 
0 
0 
0 
0 
0 
0 
0 
0 
0 
0 
0 
0 
0 
0 
0 
0 
0 
0 
0 
0 
0 
0 
0 
0 
0 
0 
0 
0 
0 
0 
0 
0 
0 
0 
0 
0 
0 
0 
0 
0 
0 
0 
0 
0 
0 
0 
0 
0 
0 
0 
0 
0 
0 
0 
0 
0 
0 
0 
0 
0 
0 
0 
0 
0 
0 
0 
0 
0 
0 
0 
0 
0 
0 
0 
0 
0 
0 
0 
0 
0 
0 
0 
0 
0 
0 
0 
0 
0 
0 
0 
0 
0 
0 
0 
0 
0 
0 
0 
0 
0 
0 
0 
0 
0 
0 
0 
0 
0 
0 
0 
0 
0 
0 
0 
0 
0 
0 
0 
0 
0 
0 
0 
0 
0 
0 
0 
0 
0 
0 
0 
0 
0 
0 
0 
0 
0 
0 
0 
0 
0 
0 
0 
0 
0 
0 
0 
0 
0 
0 
0 
0 
0 
0 
0 
0 
0 
0 
0 
0 
0 
0 
0 
0 
0 
0 
0 
0 
0 
0 
0 
0 
0 
0 
0 
0 
0 
0 
0 
0 
0 
0 
0 
0 
0 
0 
0 
0 
0 
0 
0 
0 
0 
0 
0 
0 
0 
0 
0 
0 
0 
0 
0 
0 
0 
0 
0 
0 
0 
0 
0 
0 
0 
0 
0 
0 
0 
0 
0 
0 
0 
0 
0 
0 
0 
0 
0 
0 
0 
0 
0 
0 
0 
0 
0 
0 
0 
0 
0 
0 
0 
0 
0 
0 
0 
0 
0 
0 
0 
0 
0 
0 
0 
0 
0 
0 
0 
0 
0 
0 
0 
0 
0 
0 
0 
0 
0 
0 
0 
0 
0 
0 
0 
0 
0 
0 
0 
0 
0 
0 
0 
0 
0 
0 
0 
0 
0 
0 
0 
0 
0 
0 
0 
0 
0 
0 
0 
0 
0 
0 
0 
0 
0 
0 
0 
0 
0 
0 
0 
0 
0 
0 
0 
0 
0 
0 
0 
0 
0 
0 
0 
0 
0 
0 
0 
0 
0 
0 
0 
0 
0 
0 
0 
0 
0 
0 
0 
0 
0 
0 
0 
0 
0 
0 
0 
0 
0 
0 
0 
0 
0 
0 
0 
0 
0 
0 
0 
0 
0 
0 
0 
0 
0 
0 
0 
0 
0 
0 
0 
0 
0 
0 
0 
0 
0 
0 
0 
0 
0 
0 
0 
0 
0 
0 
0 
0 
0 
0 
0 
0 
0 
0 
0 
0 
0 
0 
0 
0 
0 
0 
0 
0 
0 
0 
0 
0 
0 
0 
0 
0 
0 
0 
0 
0 
0 
0 
0 
0 
0 
0 
0 
0 
0 
0 
0 
0 
0 
0 
0 
0 
0 
0 
0 
0 
0 
0 
0 
0 
0 
0 
0 
0 
0 
0 
0 
0 
0 
0 
0 
0 
0 
0 
0 
0 
0 
0 
0 
0 
0 
0 
0 
0 
0 
0 
0 
0 
0 
0 
0 
0 
0 
0 
0 
0 
0 
0 
0 
0 
0 
0 
0 
0 
0 
0 
0 
0 
0 
0 
0 
0 
0 
0 
0 
0 
0 
0 
0 
0 
0 
0 
0 
0 
0 
0 
0 
0 
0 
0 
0 
0 
0 
0 
0 
0 
0 
0 
0 
0 
0 
0 
0 
0 
0 
0 
0 
0 
0 
0 
0 
0 
0 
0 
0 
0 
0 
0 
0 
0 
0 
0 
0 
0 
0 
0 
0 
0 
0 
0 
0 
0 
0 
0 
0 
0 
0 
0 
0 
0 
0 
0 
0 
0 
0 
0 
0 
0 
0 
0 
0 
0 
0 
0 
0 
0 
0 
0 
0 
0 
0 
0 
0 
0 
0 
0 
0 
0 
0 
0 
0 
0 
0 
0 
0 
0 
0 
0 
0 
0 
0 
0 
0 
0 
0 
0 
0 
0 
0 
0 
0 
0 
0 
0 
0 
0 
0 
0 
0 
0 
0 
0 
0 
0 
0 
0 
0 
0 
0 
0 
0 
0 
0 
0 
0 
0 
0 
0 
0 
0 
0 
0 
0 
0 
0 
0 
0 
0 
0 
0 
0 
0 
0 
0 
0 
0 
0 
0 
0 
0 
0 
0 
0 
0 
0 
0 
0 
0 
0 
0 
0 
0 
0 
0 
0 
0 
0 
0 
0 
0 
0 
0 
0 
0 
0 
0 
0 
0 
0 
0 
0 
0 
0 
0 
0 
0 
0 
0 
0 
0 
0 
0 
0 
0 
0 
0 
0 
0 
0 
0 
0 
0 
0 
0 
0 
0 
0 
0 
0 
0 
0 
0 
0 
0 
0 
0 
0 
0 
0 
0 
0 
0 
0 
0 
0 
0 
0 
0 
0 
0 
0 
0 
0 
0 
0 
0 
0 
0 
0 
0 
0 
0 
0 
0 
0 
0 
0 
0 
0 
0 
0 
0 
0 
0 
0 
0 
0 
0 
0 
0 
0 
0 
0 
0 
0 
0 
0 
0 
0 
0 
0 
0 
0 
0 
0 
0 
0 
0 
0 
0 
0 
0 
0 
0 
0 
0 
0 
0 
0 
0 
0 
0 
0 
0 
0 
0 
0 
0 
0 
0 
0 
0 
0 
0 
0 
0 
0 
0 
0 
0 
0 
0 
0 
0 
0 
0 
0 
0 
0 
0 
0 
0 
0 
0 
0 
0 
0 
0 
0 
0 
0 
0 
0 
0 
0 
0 
0 
0 
0 
0 
0 
0 
0 
0 
0 
0 
0 
0 
0 
0 
0 
0 
0 
0 
0 
0 
0 
0 
0 
0 
0 
0 
0 
0 
0 
0 
0 
0 
0 
0 
0 
0 
0 
0 
0 
0 
0 
0 
0 
0 
0 
0 
0 
0 
0 
0 
0 
0 
0 
0 
0 
0 
0 
0 
0 
0 
0 
0 
0 
0 
0 
0 
0 
0 
0 
0 
0 
0 
0 
0 
0 
0 
0 
0 
0 
0 
0 
0 
0 
0 
0 
0 
0 
0 
0 
0 
0 
0 
0 
0 
0 
0 
0 
0 
0 
0 
0 
0 
0 
0 
0 
0 
0 
0 
0 
0 
0 
0 
0 
0 
0 
0 
0 
0 
0 
0 
0 
0 
0 
0 
0 
0 
0 
0 
0 
0 
0 
0 
0 
0 
0 
0 
0 
0 
0 
0 
0 
0 
0 
0 
0 
0 
0 
0 
0 
0 
0 
0 
0 
0 
0 
0 
0 
0 
0 
0 
0 
0 
0 
0 
0 
0 
0 
0 
0 
0 
0 
0 
0 
0 
0 
0 
0 
0 
0 
0 
0 
0 
0 
0 
0 
0 
0 
0 
0 
0 
0 
0 
0 
0 
0 
0 
0 
0 
0 
0 
0 
0 
0 
0 
0 
0 
0 
0 
0 
0 
0 
0 
0 
0 
0 
0 
0 
0 
0 
0 
0 
0 
0 
0 
0 
0 
0 
0 
0 
0 
0 
0 
0 
0 
0 
0 
0 
0 
0 
0 
0 
0 
0 
0 
0 
0 
0 
0 
0 
0 
0 
0 
0 
0 
0 
0 
0 
0 
0 
0 
0 
0 
0 
0 
0 
0 
0 
0 
0 
0 
0 
0 
0 
0 
0 
0 
0 
0 
0 
0 
0 
0 
0 
0 
0 
0 
0 
0 
0 
0 
0 
0 
0 
0 
0 
0 
0 
0 
0 
0 
0 
0 
0 
0 
0 
0 
0 
0 
0 
0 
0 
0 
0 
0 
0 
0 
0 
0 
0 
0 
0 
0 
0 
0 
0 
0 
0 
0 
0 
0 
0 
0 
0 
0 
0 
0 
0 
0 
0 
0 
0 
0 
0 
0 
0 
0 
0 
0 
0 
0 
0 
0 
0 
0 
0 
0 
0 
0 
0 
0 
0 
0 
0 
0 
0 
0 
0 
0 
0 
0 
0 
0 
0 
0 
0 
0 
0 
0 
0 
0 
0 
0 
0 
0 
0 
0 
0 
0 
0 
0 
0 
0 
0 
0 
0 
0 
0 
0 
0 
0 
0 
0 
0 
0 
0 
0 
0 
0 
0 
0 
0 
0 
0 
0 
0 
0 
0 
0 
0 
0 
0 
0 
0 
0 
0 
0 
0 
0 
0 
0 
0 
0 
0 
0 
0 
0 
0 
0 
0 
0 
0 
0 
0 
0 
0 
0 
0 
0 
0 
0 
0 
0 
0 
0 
0 
0 
0 
0 
0 
0 
0 
0 
0 
0 
0 
0 
0 
0 
0 
0 
0 
0 
0 
0 
0 
0 
0 
0 
0 
0 
0 
0 
0 
0 
0 
0 
0 
0 
0 
0 
0 
0 
0 
0 
0 
0 
0 
0 
0 
0 
0 
0 
0 
0 
0 
0 
0 
0 
0 
0 
0 
0 
0 
0 
0 
0 
0 
0 
0 
0 
0 
0 
0 
0 
0 
0 
0 
0 
0 
0 
0 
0 
0 
0 
0 
0 
0 
0 
0 
0 
0 
0 
0 
0 
0 
0 
0 
0 
0 
0 
0 
0 
0 
0 
0 
0 
0 
0 
0 
0 
0 
0 
0 
0 
0 
0 
0 
0 
0 
0 
0 
0 
0 
0 
0 
0 
0 
0 
0 
0 
0 
0 
0 
0 
0 
0 
0 
0 
0 
0 
0 
0 
0 
0 
0 
0 
0 
0 
0 
0 
0 
0 
0 
0 
0 
0 
0 
0 
0 
0 
0 
0 
0 
0 
0 
0 
0 
0 
0 
0 
0 
0 
0 
0 
0 
0 
0 
0 
0 
0 
0 
0 
0 
0 
0 
0 
0 
0 
0 
0 
0 
0 
0 
0 
0 
0 
0 
0 
0 
0 
0 
0 
0 
0 
0 
0 
0 
0 
0 
0 
0 
0 
0 
0 
0 
0 
0 
0 
0 
0 
0 
0 
0 
0 
0 
0 
0 
0 
0 
0 
0 
0 
0 
0 
0 
0 
0 
0 
0 
0 
0 
0 
0 
0 
0 
0 
0 
0 
0 
0 
0 
0 
0 
0 
0 
0 
0 
0 
0 
0 
0 
0 
0 
0 
0 
0 
0 
0 
0 
0 
0 
0 
0 
0 
0 
0 
0 
0 
0 
0 
0 
0 
0 
0 
0 
0 
0 
0 
0 
0 
0 
0 
0 
0 
0 
0 
0 
0 
0 
0 
0 
0 
0 
0 
0 
0 
0 
0 
0 
0 
0 
0 
0 
0 
0 
0 
0 
0 
0 
0 
0 
0 
0 
0 
0 
0 
0 
0 
0 
0 
0 
0 
0 
0 
0 
0 
0 
0 
0 
0 
0 
0 
0 
0 
0 
0 
0 
0 
0 
0 
0 
0 
0 
0 
0 
0 
0 
0 
0 
0 
0 
0 
0 
0 
0 
0 
0 
0 
0 
0 
0 
0 
0 
0 
0 
0 
0 
0 
0 
0 
0 
0 
0 
0 
0 
0 
0 
0 
0 
0 
0 
0 
0 
0 
0 
0 
0 
0 
0 
0 
0 
0 
0 
0 
0 
0 
0 
0 
0 
0 
0 
0 
0 
0 
0 
0 
0 
0 
0 
0 
0 
0 
0 
0 
0 
0 
0 
0 
0 
0 
0 
0 
0 
0 
0 
0 
0 
0 
0 
0 
0 
0 
0 
0 
0 
0 
0 
0 
0 
0 
0 
0 
0 
0 
0 
0 
0 
0 
0 
0 
0 
0 
0 
0 
0 
0 
0 
0 
0 
0 
0 
0 
0 
0 
0 
0 
0 
0 
0 
0 
0 
0 
0 
0 
0 
0 
0 
0 
0 
0 
0 
0 
0 
0 
0 
0 
0 
0 
0 
0 
0 
0 
0 
0 
0 
0 
0 
0 
0 
0 
0 
0 
0 
0 
0 
0 
0 
0 
0 
0 
0 
0 
0 
0 
0 
0 
0 
0 
0 
0 
0 
0 
0 
0 
0 
0 
0 
0 
0 
0 
0 
0 
0 
0 
0 
0 
0 
0 
0 
0 
0 
0 
0 
0 
0 
0 
0 
0 
0 
0 
0 
0 
0 
0 
0 
0 
0 
0 
0 
0 
0 
0 
0 
0 
0 
0 
0 
0 
0 
0 
0 
0 
0 
0 
0 
0 
0 
0 
0 
0 
0 
0 
0 
0 
0 
0 
0 
0 
0 
0 
0 
0 
0 
0 
0 
0 
0 
0 
0 
0 
0 
0 
0 
0 
0 
0 
0 
0 
0 
0 
0 
0 
0 
0 
0 
0 
0 
0 
0 
0 
0 
0 
0 
0 
0 
0 
0 
0 
0 
0 
0 
0 
0 
0 
0 
0 
0 
0 
0 
0 
0 
0 
0 
0 
0 
0 
0 
0 
0 
0 
0 
0 
0 
0 
0 
0 
0 
0 
0 
0 
0 
0 
0 
0 
0 
0 
0 
0 
0 
0 
0 
0 
0 
0 
0 
0 
0 
0 
0 
0 
0 
0 
0 
0 
0 
0 
0 
0 
0 
0 
0 
0 
0 
0 
0 
0 
0 
0 
0 
0 
0 
0 
0 
0 
0 
0 
0 
0 
0 
0 
0 
0 
0 
0 
0 
0 
0 
0 
0 
0 
0 
0 
0 
0 
0 
0 
0 
0 
0 
0 
0 
0 
0 
0 
0 
0 
0 
0 
0 
0 
0 
0 
0 
0 
0 
0 
0 
0 
0 
0 
0 
0 
0 
0 
0 
0 
0 
0 
0 
0 
0 
0 
0 
0 
0 
0 
0 
0 
0 
0 
0 
0 
0 
0 
0 
0 
0 
0 
0 
0 
0 
0 
0 
0 
0 
0 
0 
0 
0 
0 
0 
0 
0 
0 
0 
0 
0 
0 
0 
0 
0 
0 
0 
0 
0 
0 
0 
0 
0 
0 
0 
0 
0 
0 
0 
0 
0 
0 
0 
0 
0 
0 
0 
0 
0 
0 
0 
0 
0 
0 
0 
0 
0 
0 
0 
0 
0 
0 
0 
0 
0 
0 
0 
0 
0 
0 
0 
0 
0 
0 
0 
0 
0 
0 
0 
0 
0 
0 
0 
0 
0 
0 
0 
0 
0 
0 
0 
0 
0 
0 
0 
0 
0 
0 
0 
0 
0 
0 
0 
0 
0 
0 
0 
0 
0 
0 
0 
0 
0 
0 
0 
0 
0 
0 
0 
0 
0 
0 
0 
0 
0 
0 
0 
0 
0 
0 
0 
0 
0 
0 
0 
0 
0 
0 
0 
0 
0 
0 
0 
0 
0 
0 
0 
0 
0 
0 
0 
0 
0 
0 
0 
0 
0 
0 
0 
0 
0 
0 
0 
0 
0 
0 
0 
0 
0 
0 
0 
0 
0 
0 
0 
0 
0 
0 
0 
0 
0 
0 
0 
0 
0 
0 
0 
0 
0 
0 
0 
0 
0 
0 
0 
0 
0 
0 
0 
0 
0 
0 
0 
0 
0 
0 
0 
0 
0 
0 
0 
0 
0 
0 
0 
0 
0 
0 
0 
0 
0 
0 
0 
0 
0 
0 
0 
0 
0 
0 
0 
0 
0 
0 
0 
0 
0 
0 
0 
0 
0 
0 
0 
0 
0 
0 
0 
0 
0 
0 
0 
0 
0 
0 
0 
0 
0 
0 
0 
0 
0 
0 
0 
0 
0 
0 
0 
0 
0 
0 
0 
0 
0 
0 
0 
0 
0 
0 
0 
0 
0 
0 
0 
0 
0 
0 
0 
0 
0 
0 
0 
0 
0 
0 
0 
0 
0 
0 
0 
0 
0 
0 
0 
0 
0 
0 
0 
0 
0 
0 
0 
0 
0 
0 
0 
0 
0 
0 
0 
0 
0 
0 
0 
0 
0 
0 
0 
0 
0 
0 
0 
0 
0 
0 
0 
0 
0 
0 
0 
0 
0 
0 
0 
0 
0 
0 
0 
0 
0 
0 
0 
0 
0 
0 
0 
0 
0 
0 
0 
0 
0 
0 
0 
0 
0 
0 
0 
0 
0 
0 
0 
0 
0 
0 
0 
0 
0 
0 
0 
0 
0 
0 
0 
0 
0 
0 
0 
0 
0 
0 
0 
0 
0 
0 
0 
0 
0 
0 
0 
0 
0 
0 
0 
0 
0 
0 
0 
0 
0 
0 
0 
0 
0 
0 
0 
0 
0 
0 
0 
0 
0 
0 
0 
0 
0 
0 
0 
0 
0 
0 
0 
0 
0 
0 
0 
0 
0 
0 
0 
0 
0 
0 
0 
0 
0 
0 
0 
0 
0 
0 
0 
0 
0 
0 
0 
0 
0 
0 
0 
0 
0 
0 
0 
0 
0 
0 
0 
0 
0 
0 
0 
0 
0 
0 
0 
0 
0 
0 
0 
0 
0 
0 
0 
0 
0 
0 
0 
0 
0 
0 
0 
0 
0 
0 
0 
0 
0 
0 
0 
0 
0 
0 
0 
0 
0 
0 
0 
0 
0 
0 
0 
0 
0 
0 
0 
0 
0 
0 
0 
0 
0 
0 
0 
0 
0 
0 
0 
0 
0 
0 
0 
0 
0 
0 
0 
0 
0 
0 
0 
0 
0 
0 
0 
0 
0 
0 
0 
0 
0 
0 
0 
0 
0 
0 
0 
0 
0 
0 
0 
0 
0 
0 
0 
0 
0 
0 
0 
0 
0 
0 
0 
0 
0 
0 
0 
0 
0 
0 
0 
0 
0 
0 
0 
0 
0 
0 
0 
0 
0 
0 
0 
0 
0 
0 
0 
0 
0 
0 
0 
0 
0 
0 
0 
0 
0 
0 
0 
0 
0 
0 
0 
0 
0 
0 
0 
0 
0 
0 
0 
0 
0 
0 
0 
0 
0 
0 
0 
0 
0 
0 
0 
0 
0 
0 
0 
0 
0 
0 
0 
0 
0 
0 
0 
0 
0 
0 
0 
0 
0 
0 
0 
0 
0 
0 
0 
0 
0 
0 
0 
0 
0 
0 
0 
0 
0 
0 
0 
0 
0 
0 
0 
0 
0 
0 
0 
0 
0 
0 
0 
0 
0 
0 
0 
0 
0 
0 
0 
0 
0 
0 
0 
0 
0 
0 
0 
0 
0 
0 
0 
0 
0 
0 
0 
0 
0 
0 
0 
0 
0 
0 
0 
0 
0 
0 
0 
0 
0 
0 
0 
0 
0 
0 
0 
0 
0 
0 
0 
0 
0 
0 
0 
0 
0 
0 
0 
0 
0 
0 
0 
0 
0 
0 
0 
0 
0 
0 
0 
0 
0 
0 
0 
0 
0 
0 
0 
0 
0 
0 
0 
0 
0 
0 
0 
0 
0 
0 
0 
0 
0 
0 
0 
0 
0 
0 
0 
0 
0 
0 
0 
0 
0 
0 
0 
0 
0 
0 
0 
0 
0 
0 
0 
0 
0 
0 
0 
0 
0 
0 
0 
0 
0 
0 
0 
0 
0 
0 
0 
0 
0 
0 
0 
0 
0 
0 
0 
0 
0 
0 
0 
0 
0 
0 
0 
0 
0 
0 
0 
0 
0 
0 
0 
0 
0 
0 
0 
0 
0 
0 
0 
0 
0 
0 
0 
0 
0 
0 
0 
0 
0 
0 
0 
0 
0 
0 
0 
0 
0 
0 
0 
0 
0 
0 
0 
0 
0 
0 
0 
0 
0 
0 
0 
0 
0 
0 
0 
0 
0 
0 
0 
0 
0 
0 
0 
0 
0 
0 
0 
0 
0 
0 
0 
0 
0 
0 
0 
0 
0 
0 
0 
0 
0 
0 
0 
0 
0 
0 
0 
0 
0 
0 
0 
0 
0 
0 
0 
0 
0 
0 
0 
0 
0 
0 
0 
0 
0 
0 
0 
0 
0 
0 
0 
0 
0 
0 
0 
0 
0 
0 
0 
0 
0 
0 
0 
0 
0 
0 
0 
0 
0 
0 
0 
0 
0 
0 
0 
0 
0 
0 
0 
0 
0 
0 
0 
0 
0 
0 
0 
0 
0 
0 
0 
0 
0 
0 
0 
0 
0 
0 
0 
0 
0 
0 
0 
0 
0 
0 
0 
0 
0 
0 
0 
0 
0 
0 
0 
0 
0 
0 
0 
0 
0 
0 
0 
0 
0 
0 
0 
0 
0 
0 
0 
0 
0 
0 
0 
0 
0 
0 
0 
0 
0 
0 
0 
0 
0 
0 
0 
0 
0 
0 
0 
0 
0 
0 
0 
0 
0 
0 
0 
0 
0 
0 
0 
0 
0 
0 
0 
0 
0 
0 
0 
0 
0 
0 
0 
0 
0 
0 
0 
0 
0 
0 
0 
0 
0 
0 
0 
0 
0 
0 
0 
0 
0 
0 
0 
0 
0 
0 
0 
0 
0 
0 
0 
0 
0 
0 
0 
0 
0 
0 
0 
0 
0 
0 
0 
0 
0 
0 
0 
0 
0 
0 
0 
0 
0 
0 
0 
0 
0 
0 
0 
0 
0 
0 
0 
0 
0 
0 
0 
0 
0 
0 
0 
0 
0 
0 
0 
0 
0 
0 
0 
0 
0 
0 
0 
0 
0 
0 
0 
0 
0 
0 
0 
0 
0 
0 
0 
0 
0 
0 
0 
0 
0 
0 
0 
0 
0 
0 
0 
0 
0 
0 
0 
0 
0 
0 
0 
0 
0 
0 
0 
0 
0 
0 
0 
0 
0 
0 
0 
0 
0 
0 
0 
0 
0 
0 
0 
0 
0 
0 
0 
0 
0 
0 
0 
0 
0 
0 
0 
0 
0 
0 
0 
0 
0 
0 
0 
0 
0 
0 
0 
0 
0 
0 
0 
0 
0 
0 
0 
0 
0 
0 
0 
0 
0 
0 
0 
0 
0 
0 
0 
0 
0 
0 
0 
0 
0 
0 
0 
0 
0 
0 
0 
0 
0 
0 
0 
0 
0 
0 
0 
0 
0 
0 
0 
0 
0 
0 
0 
0 
0 
0 
0 
0 
0 
0 
0 
0 
0 
0 
0 
0 
0 
0 
0 
0 
0 
0 
0 
0 
0 
0 
0 
0 
0 
0 
0 
0 
0 
0 
0 
0 
0 
0 
0 
0 
0 
0 
0 
0 
0 
0 
0 
0 
0 
0 
0 
0 
0 
0 
0 
0 
0 
0 
0 
0 
0 
0 
0 
0 
0 
0 
0 
0 
0 
0 
0 
0 
0 
0 
0 
0 
0 
0 
0 
0 
0 
0 
0 
0 
0 
0 
0 
0 
0 
0 
0 
0 
0 
0 
0 
0 
0 
0 
0 
0 
0 
0 
0 
0 
0 
0 
0 
0 
0 
0 
0 
0 
0 
0 
0 
0 
0 
0 
0 
0 
0 
0 
0 
0 
0 
0 
0 
0 
0 
0 
0 
0 
0 
0 
0 
0 
0 
0 
0 
0 
0 
0 
0 
0 
0 
0 
0 
0 
0 
0 
0 
0 
0 
0 
0 
0 
0 
0 
0 
0 
0 
0 
0 
0 
0 
0 
0 
0 
0 
0 
0 
0 
0 
0 
0 
0 
0 
0 
0 
0 
0 
0 
0 
0 
0 
0 
0 
0 
0 
0 
0 
0 
0 
0 
0 
0 
0 
0 
0 
0 
0 
0 
0 
0 
0 
0 
0 
0 
0 
0 
0 
0 
0 
0 
0 
0 
0 
0 
0 
0 
0 
0 
0 
0 
0 
0 
0 
0 
0 
0 
0 
0 
0 
0 
0 
0 
0 
0 
0 
0 
0 
0 
0 
0 
0 
0 
0 
0 
0 
0 
0 
0 
0 
0 
0 
0 
0 
0 
0 
0 
0 
0 
0 
0 
0 
0 
0 
0 
0 
0 
0 
0 
0 
0 
0 
0 
0 
0 
0 
0 
0 
0 
0 
0 
0 
0 
0 
0 
0 
0 
0 
0 
0 
0 
0 
0 
0 
0 
0 
0 
0 
0 
0 
0 
0 
0 
0 
0 
0 
0 
0 
0 
0 
0 
0 
0 
0 
0 
0 
0 
0 
0 
0 
0 
0 
0 
0 
0 
0 
0 
0 
0 
0 
0 
0 
0 
0 
0 
0 
0 
0 
0 
0 
0 
0 
0 
0 
0 
0 
0 
0 
0 
0 
0 
0 
0 
0 
0 
0 
0 
0 
0 
0 
0 
0 
0 
0 
0 
0 
0 
0 
0 
0 
0 
0 
0 
0 
0 
0 
0 
0 
0 
0 
0 
0 
0 
0 
0 
0 
0 
0 
0 
0 
0 
0 
0 
0 
0 
0 
0 
0 
0 
0 
0 
0 
0 
0 
0 
0 
0 
0 
0 
0 
0 
0 
0 
0 
0 
0 
0 
0 
0 
0 
0 
0 
0 
0 
0 
0 
0 
0 
0 
0 
0 
0 
0 
0 
0 
0 
0 
0 
0 
0 
0 
0 
0 
0 
0 
0 
0 
0 
0 
0 
0 
0 
0 
0 
0 
0 
0 
0 
0 
0 
0 
0 
0 
0 
0 
0 
0 
0 
0 
0 
0 
0 
0 
0 
0 
0 
0 
0 
0 
0 
0 
0 
0 
0 
0 
0 
0 
0 
0 
0 
0 
0 
0 
0 
0 
0 
0 
0 
0 
0 
0 
0 
0 
0 
0 
0 
0 
0 
0 
0 
0 
0 
0 
0 
0 
0 
0 
0 
0 
0 
0 
0 
0 
0 
0 
0 
0 
0 
0 
0 
0 
0 
0 
0 
0 
0 
0 
0 
0 
0 
0 
0 
0 
0 
0 
0 
0 
0 
0 
0 
0 
0 
0 
0 
0 
0 
0 
0 
0 
0 
0 
0 
0 
0 
0 
0 
0 
0 
0 
0 
0 
0 
0 
0 
0 
0 
0 
0 
0 
0 
0 
0 
0 
0 
0 
0 
0 
0 
0 
0 
0 
0 
0 
0 
0 
0 
0 
0 
0 
0 
0 
0 
0 
0 
0 
0 
0 
0 
0 
0 
0 
0 
0 
0 
0 
0 
0 
0 
0 
0 
0 
0 
0 
0 
0 
0 
0 
0 
0 
0 
0 
0 
0 
0 
0 
0 
0 
0 
0 
0 
0 
0 
0 
0 
0 
0 
0 
0 
0 
0 
0 
0 
0 
0 
0 
0 
0 
0 
0 
0 
0 
0 
0 
0 
0 
0 
0 
0 
0 
0 
0 
0 
0 
0 
0 
0 
0 
0 
0 
0 
0 
0 
0 
0 
0 
0 
0 
0 
0 
0 
0 
0 
0 
0 
0 
0 
0 
0 
0 
0 
0 
0 
0 
0 
0 
0 
0 
0 
0 
0 
0 
0 
0 
0 
0 
0 
0 
0 
0 
0 
0 
0 
0 
0 
0 
0 
0 
0 
0 
0 
0 
0 
0 
0 
0 
0 
0 
0 
0 
0 
0 
0 
0 
0 
0 
0 
0 
0 
0 
0 
0 
0 
0 
0 
0 
0 
0 
0 
0 
0 
0 
0 
0 
0 
0 
0 
0 
0 
0 
0 
0 
0 
0 
0 
0 
0 
0 
0 
0 
0 
0 
0 
0 
0 
0 
0 
0 
0 
0 
0 
0 
0 
0 
0 
0 
0 
0 
0 
0 
0 
0 
0 
0 
0 
0 
0 
0 
0 
0 
0 
0 
0 
0 
0 
0 
0 
0 
0 
0 
0 
0 
0 
0 
0 
0 
0 
0 
0 
0 
0 
0 
0 
0 
0 
0 
0 
0 
0 
0 
0 
0 
0 
0 
0 
0 
0 
0 
0 
0 
0 
0 
0 
0 
0 
0 
0 
0 
0 
0 
0 
0 
0 
0 
0 
0 
0 
0 
0 
0 
0 
0 
0 
0 
0 
0 
0 
0 
0 
0 
0 
0 
0 
0 
0 
0 
0 
0 
0 
0 
0 
0 
0 
0 
0 
0 
0 
0 
0 
0 
0 
0 
0 
0 
0 
0 
0 
0 
0 
0 
0 
0 
0 
0 
0 
0 
0 
0 
0 
0 
0 
0 
0 
0 
0 
0 
0 
0 
0 
0 
0 
0 
0 
0 
0 
0 
0 
0 
0 
0 
0 
0 
0 
0 
0 
0 
0 
0 
0 
0 
0 
0 
0 
0 
0 
0 
0 
0 
0 
0 
0 
0 
0 
0 
0 
0 
0 
0 
0 
0 
0 
0 
0 
0 
0 
0 
0 
0 
0 
0 
0 
0 
0 
0 
0 
0 
0 
0 
0 
0 
0 
0 
0 
0 
0 
0 
0 
0 
0 
0 
0 
0 
0 
0 
0 
0 
0 
0 
0 
0 
0 
0 
0 
0 
0 
0 
0 
0 
0 
0 
0 
0 
0 
0 
0 
0 
0 
0 
0 
0 
0 
0 
0 
0 
0 
0 
0 
0 
0 
0 
0 
0 
0 
0 
0 
0 
0 
0 
0 
0 
0 
0 
0 
0 
0 
0 
0 
0 
0 
0 
0 
0 
0 
0 
0 
0 
0 
0 
0 
0 
0 
0 
0 
0 
0 
0 
0 
0 
0 
0 
0 
0 
0 
0 
0 
0 
0 
0 
0 
0 
0 
0 
0 
0 
0 
0 
0 
0 
0 
0 
0 
0 
0 
0 
0 
0 
0 
0 
0 
0 
0 
0 
0 
0 
0 
0 
0 
0 
0 
0 
0 
0 
0 
0 
0 
0 
0 
0 
0 
0 
0 
0 
0 
0 
0 
0 
0 
0 
0 
0 
0 
0 
0 
0 
0 
0 
0 
0 
0 
0 
0 
0 
0 
0 
0 
0 
0 
0 
0 
0 
0 
0 
0 
0 
0 
0 
0 
0 
0 
0 
0 
0 
0 
0 
0 
0 
0 
0 
0 
0 
0 
0 
0 
0 
0 
0 
0 
0 
0 
0 
0 
0 
0 
0 
0 
0 
0 
0 
0 
0 
0 
0 
0 
0 
0 
0 
0 
0 
0 
0 
0 
0 
0 
0 
0 
0 
0 
0 
0 
0 
0 
0 
0 
0 
0 
0 
0 
0 
0 
0 
0 
0 
0 
0 
0 
0 
0 
0 
0 
0 
0 
0 
0 
0 
0 
0 
0 
0 
0 
0 
0 
0 
0 
0 
0 
0 
0 
0 
0 
0 
0 
0 
0 
0 
0 
0 
0 
0 
0 
0 
0 
0 
0 
0 
0 
0 
0 
0 
0 
0 
0 
0 
0 
0 
0 
0 
0 
0 
0 
0 
0 
0 
0 
0 
0 
0 
0 
0 
0 
0 
0 
0 
0 
0 
0 
0 
0 
0 
0 
0 
0 
0 
0 
0 
0 
0 
0 
0 
0 
0 
0 
0 
0 
0 
0 
0 
0 
0 
0 
0 
0 
0 
0 
0 
0 
0 
0 
0 
0 
0 
0 
0 
0 
0 
0 
0 
0 
0 
0 
0 
0 
0 
0 
0 
0 
0 
0 
0 
0 
0 
0 
0 
0 
0 
0 
0 
0 
0 
0 
0 
0 
0 
0 
0 
0 
0 
0 
0 
0 
0 
0 
0 
0 
0 
0 
0 
0 
0 
0 
0 
0 
0 
0 
0 
0 
0 
0 
0 
0 
0 
0 
0 
0 
0 
0 
0 
0 
0 
0 
0 
0 
0 
0 
0 
0 
0 
0 
0 
0 
0 
0 
0 
0 
0 
0 
0 
0 
0 
0 
0 
0 
0 
0 
0 
0 
0 
0 
0 
0 
0 
0 
0 
0 
0 
0 
0 
0 
0 
0 
0 
0 
0 
0 
0 
0 
0 
0 
0 
0 
0 
0 
0 
0 
0 
0 
0 
0 
0 
0 
0 
0 
0 
0 
0 
0 
0 
0 
0 
0 
0 
0 
0 
0 
0 
0 
0 
0 
0 
0 
0 
0 
0 
0 
0 
0 
0 
0 
0 
0 
0 
0 
0 
0 
0 
0 
0 
0 
0 
0 
0 
0 
0 
0 
0 
0 
0 
0 
0 
0 
0 
0 
0 
0 
0 
0 
0 
0 
0 
0 
0 
0 
0 
0 
0 
0 
0 
0 
0 
0 
0 
0 
0 
0 
0 
0 
0 
0 
0 
0 
0 
0 
0 
0 
0 
0 
0 
0 
0 
0 
0 
0 
0 
0 
0 
0 
0 
0 
0 
0 
0 
0 
0 
0 
0 
0 
0 
0 
0 
0 
0 
0 
0 
0 
0 
0 
0 
0 
0 
0 
0 
0 
0 
0 
0 
0 
0 
0 
0 
0 
0 
0 
0 
0 
0 
0 
0 
0 
0 
0 
0 
0 
0 
0 
0 
0 
0 
0 
0 
0 
0 
0 
0 
0 
0 
0 
0 
0 
0 
0 
0 
0 
0 
0 
0 
0 
0 
0 
0 
0 
0 
0 
0 
0 
0 
0 
0 
0 
0 
0 
0 
0 
0 
0 
0 
0 
0 
0 
0 
0 
0 
0 
0 
0 
0 
0 
0 
0 
0 
0 
0 
0 
0 
0 
0 
0 
0 
0 
0 
0 
0 
0 
0 
0 
0 
0 
0 
0 
0 
0 
0 
0 
0 
0 
0 
0 
0 
0 
0 
0 
0 
0 
0 
0 
0 
0 
0 
0 
0 
0 
0 
0 
0 
0 
0 
0 
0 
0 
0 
0 
0 
0 
0 
0 
0 
0 
0 
0 
0 
0 
0 
0 
0 
0 
0 
0 
0 
0 
0 
0 
0 
0 
0 
0 
0 
0 
0 
0 
0 
0 
0 
0 
0 
0 
0 
0 
0 
0 
0 
0 
0 
0 
0 
0 
0 
0 
0 
0 
0 
0 
0 
0 
0 
0 
0 
0 
0 
0 
0 
0 
0 
0 
0 
0 
0 
0 
0 
0 
0 
0 
0 
0 
0 
0 
0 
0 
0 
0 
0 
0 
0 
0 
0 
0 
0 
0 
0 
0 
0 
0 
0 
0 
0 
0 
0 
0 
0 
0 
0 
0 
0 
0 
0 
0 
0 
0 
0 
0 
0 
0 
0 
0 
0 
0 
0 
0 
0 
0 
0 
0 
0 
0 
0 
0 
0 
0 
0 
0 
0 
0 
0 
0 
0 
0 
0 
0 
0 
0 
0 
0 
0 
0 
0 
0 
0 
0 
0 
0 
0 
0 
0 
0 
0 
0 
0 
0 
0 
0 
0 
0 
0 
0 
0 
0 
0 
0 
0 
0 
0 
0 
0 
0 
0 
0 
0 
0 
0 
0 
0 
0 
0 
0 
0 
0 
0 
0 
0 
0 
0 
0 
0 
0 
0 
0 
0 
0 
0 
0 
0 
0 
0 
0 
0 
0 
0 
0 
0 
0 
0 
0 
0 
0 
0 
0 
0 
0 
0 
0 
0 
0 
0 
0 
0 
0 
0 
0 
0 
0 
0 
0 
0 
0 
0 
0 
0 
0 
0 
0 
0 
0 
0 
0 
0 
0 
0 
0 
0 
0 
0 
0 
0 
0 
0 
0 
0 
0 
0 
0 
0 
0 
0 
0 
0 
0 
0 
0 
0 
0 
0 
0 
0 
0 
0 
0 
0 
0 
0 
0 
0 
0 
0 
0 
0 
0 
0 
0 
0 
0 
0 
0 
0 
0 
0 
0 
0 
0 
0 
0 
0 
0 
0 
0 
0 
0 
0 
0 
0 
0 
0 
0 
0 
0 
0 
0 
0 
0 
0 
0 
0 
0 
0 
0 
0 
0 
0 
0 
0 
0 
0 
0 
0 
0 
0 
0 
0 
0 
0 
0 
0 
0 
0 
0 
0 
0 
0 
0 
0 
0 
0 
0 
0 
0 
0 
0 
0 
0 
0 
0 
0 
0 
0 
0 
0 
0 
0 
0 
0 
0 
0 
0 
0 
0 
0 
0 
0 
0 
0 
0 
0 
0 
0 
0 
0 
0 
0 
0 
0 
0 
0 
0 
0 
0 
0 
0 
0 
0 
0 
0 
0 
0 
0 
0 
0 
0 
0 
0 
0 
0 
0 
0 
0 
0 
0 
0 
0 
0 
0 
0 
0 
0 
0 
0 
0 
0 
0 
0 
0 
0 
0 
0 
0 
0 
0 
0 
0 
0 
0 
0 
0 
0 
0 
0 
0 
0 
0 
0 
0 
0 
0 
0 
0 
0 
0 
0 
0 
0 
0 
0 
0 
0 
0 
0 
0 
0 
0 
0 
0 
0 
0 
0 
0 
0 
0 
0 
0 
0 
0 
0 
0 
0 
0 
0 
0 
0 
0 
0 
0 
0 
0 
0 
0 
0 
0 
0 
0 
0 
0 
0 
0 
0 
0 
0 
0 
0 
0 
0 
0 
0 
0 
0 
0 
0 
0 
0 
0 
0 
0 
0 
0 
0 
0 
0 
0 
0 
0 
0 
0 
0 
0 
0 
0 
0 
0 
0 
0 
0 
0 
0 
0 
0 
0 
0 
0 
0 
0 
0 
0 
0 
0 
0 
0 
0 
0 
0 
0 
0 
0 
0 
0 
0 
0 
0 
0 
0 
0 
0 
0 
0 
0 
0 
0 
0 
0 
0 
0 
0 
0 
0 
0 
0 
0 
0 
0 
0 
0 
0 
0 
0 
0 
0 
0 
0 
0 
0 
0 
0 
0 
0 
0 
0 
0 
0 
0 
0 
0 
0 
0 
0 
0 
0 
0 
0 
0 
0 
0 
0 
0 
0 
0 
0 
0 
0 
0 
0 
0 
0 
0 
0 
0 
0 
0 
0 
0 
0 
0 
0 
0 
0 
0 
0 
0 
0 
0 
0 
0 
0 
0 
0 
0 
0 
0 
0 
0 
0 
0 
0 
0 
0 
0 
0 
0 
0 
0 
0 
0 
0 
0 
0 
0 
0 
0 
0 
0 
0 
0 
0 
0 
0 
0 
0 
0 
0 
0 
0 
0 
0 
0 
0 
0 
0 
0 
0 
0 
0 
0 
0 
0 
0 
0 
0 
0 
0 
0 
0 
0 
0 
0 
0 
0 
0 
0 
0 
0 
0 
0 
0 
0 
0 
0 
0 
0 
0 
0 
0 
0 
0 
0 
0 
0 
0 
0 
0 
0 
0 
0 
0 
0 
0 
0 
0 
0 
0 
0 
0 
0 
0 
0 
0 
0 
0 
0 
0 
0 
0 
0 
0 
0 
0 
0 
0 
0 
0 
0 
0 
0 
0 
0 
0 
0 
0 
0 
0 
0 
0 
0 
0 
0 
0 
0 
0 
0 
0 
0 
0 
0 
0 
0 
0 
0 
0 
0 
0 
0 
0 
0 
0 
0 
0 
0 
0 
0 
0 
0 
0 
0 
0 
0 
0 
0 
0 
0 
0 
0 
0 
0 
0 
0 
0 
0 
0 
0 
0 
0 
0 
0 
0 
0 
0 
0 
0 
0 
0 
0 
0 
0 
0 
0 
0 
0 
0 
0 
0 
0 
0 
0 
0 
0 
0 
0 
0 
0 
0 
0 
0 
0 
0 
0 
0 
0 
0 
0 
0 
0 
0 
0 
0 
0 
0 
0 
0 
0 
0 
0 
0 
0 
0 
0 
0 
0 
0 
0 
0 
0 
0 
0 
0 
0 
0 
0 
0 
0 
0 
0 
0 
0 
0 
0 
0 
0 
0 
0 
0 
0 
0 
0 
0 
0 
0 
0 
0 
0 
0 
0 
0 
0 
0 
0 
0 
0 
0 
0 
0 
0 
0 
0 
0 
0 
0 
0 
0 
0 
0 
0 
0 
0 
0 
0 
0 
0 
0 
0 
0 
0 
0 
0 
0 
0 
0 
0 
0 
0 
0 
0 
0 
0 
0 
0 
0 
0 
0 
0 
0 
0 
0 
0 
0 
0 
0 
0 
0 
0 
0 
0 
0 
0 
0 
0 
0 
0 
0 
0 
0 
0 
0 
0 
0 
0 
0 
0 
0 
0 
0 
0 
0 
0 
0 
0 
0 
0 
0 
0 
0 
0 
0 
0 
0 
0 
0 
0 
0 
0 
0 
0 
0 
0 
0 
0 
0 
0 
0 
0 
0 
0 
0 
0 
0 
0 
0 
0 
0 
0 
0 
0 
0 
0 
0 
0 
0 
0 
0 
0 
0 
0 
0 
0 
0 
0 
0 
0 
0 
0 
0 
0 
0 
0 
0 
0 
0 
0 
0 
0 
0 
0 
0 
0 
0 
0 
0 
0 
0 
0 
0 
0 
0 
0 
0 
0 
0 
0 
0 
0 
0 
0 
0 
0 
0 
0 
0 
0 
0 
0 
0 
0 
0 
0 
0 
0 
0 
0 
0 
0 
0 
0 
0 
0 
0 
0 
0 
0 
0 
0 
0 
0 
0 
0 
0 
0 
0 
0 
0 
0 
0 
0 
0 
0 
0 
0 
0 
0 
0 
0 
0 
0 
0 
0 
0 
0 
0 
0 
0 
0 
0 
0 
0 
0 
0 
0 
0 
0 
0 
0 
0 
0 
0 
0 
0 
0 
0 
0 
0 
0 
0 
0 
0 
0 
0 
0 
0 
0 
0 
0 
0 
0 
0 
0 
0 
0 
0 
0 
0 
0 
0 
0 
0 
0 
0 
0 
0 
0 
0 
0 
0 
0 
0 
0 
0 
0 
0 
0 
0 
0 
0 
0 
0 
0 
0 
0 
0 
0 
0 
0 
0 
0 
0 
0 
0 
0 
0 
0 
0 
0 
0 
0 
0 
0 
0 
0 
0 
0 
0 
0 
0 
0 
0 
0 
0 
0 
0 
0 
0 
0 
0 
0 
0 
0 
0 
0 
0 
0 
0 
0 
0 
0 
0 
0 
0 
0 
0 
0 
0 
0 
0 
0 
0 
0 
0 
0 
0 
0 
0 
0 
0 
0 
0 
0 
0 
0 
0 
0 
0 
0 
0 
0 
0 
0 
0 
0 
0 
0 
0 
0 
0 
0 
0 
0 
0 
0 
0 
0 
0 
0 
0 
0 
0 
0 
0 
0 
0 
0 
0 
0 
0 
0 
0 
0 
0 
0 
0 
0 
0 
0 
0 
0 
0 
0 
0 
0 
0 
0 
0 
0 
0 
0 
0 
0 
0 
0 
0 
0 
0 
0 
0 
0 
0 
0 
0 
0 
0 
0 
0 
0 
0 
0 
0 
0 
0 
0 
0 
0 
0 
0 
0 
0 
0 
0 
0 
0 
0 
0 
0 
0 
0 
0 
0 
0 
0 
0 
0 
0 
0 
0 
0 
0 
0 
0 
0 
0 
0 
0 
0 
0 
0 
0 
0 
0 
0 
0 
0 
0 
0 
0 
0 
0 
0 
0 
0 
0 
0 
0 
0 
0 
0 
0 
0 
0 
0 
0 
0 
0 
0 
0 
0 
0 
0 
0 
0 
0 
0 
0 
0 
0 
0 
0 
0 
0 
0 
0 
0 
0 
0 
0 
0 
0 
0 
0 
0 
0 
0 
0 
0 
0 
0 
0 
0 
0 
0 
0 
0 
0 
0 
0 
0 
0 
0 
0 
0 
0 
0 
0 
0 
0 
0 
0 
0 
0 
0 
0 
0 
0 
0 
0 
0 
0 
0 
0 
0 
0 
0 
0 
0 
0 
0 
0 
0 
0 
0 
0 
0 
0 
0 
0 
0 
0 
0 
0 
0 
0 
0 
0 
0 
0 
0 
0 
0 
0 
0 
0 
0 
0 
0 
0 
0 
0 
0 
0 
0 
0 
0 
0 
0 
0 
0 
0 
0 
0 
0 
0 
0 
0 
0 
0 
0 
0 
0 
0 
0 
0 
0 
0 
0 
0 
0 
0 
0 
0 
0 
0 
0 
0 
0 
0 
0 
0 
0 
0 
0 
0 
0 
0 
0 
0 
0 
0 
0 
0 
0 
0 
0 
0 
0 
0 
0 
0 
0 
0 
0 
0 
0 
0 
0 
0 
0 
0 
0 
0 
0 
0 
0 
0 
0 
0 
0 
0 
0 
0 
0 
0 
0 
0 
0 
0 
0 
0 
0 
0 
0 
0 
0 
0 
0 
0 
0 
0 
0 
0 
0 
0 
0 
0 
0 
0 
0 
0 
0 
0 
0 
0 
0 
0 
0 
0 
0 
0 
0 
0 
0 
0 
0 
0 
0 
0 
0 
0 
0 
0 
0 
0 
0 
0 
0 
0 
0 
0 
0 
0 
0 
0 
0 
0 
0 
0 
0 
0 
0 
0 
0 
0 
0 
0 
0 
0 
0 
0 
0 
0 
0 
0 
0 
0 
0 
0 
0 
0 
0 
0 
0 
0 
0 
0 
0 
0 
0 
0 
0 
0 
0 
0 
0 
0 
0 
0 
0 
0 
0 
0 
0 
0 
0 
0 
0 
0 
0 
0 
0 
0 
0 
0 
0 
0 
0 
0 
0 
0 
0 
0 
0 
0 
0 
0 
0 
0 
0 
0 
0 
0 
0 
0 
0 
0 
0 
0 
0 
0 
0 
0 
0 
0 
0 
0 
0 
0 
0 
0 
0 
0 
0 
0 
0 
0 
0 
0 
0 
0 
0 
0 
0 
0 
0 
0 
0 
0 
0 
0 
0 
0 
0 
0 
0 
0 
0 
0 
0 
0 
0 
0 
0 
0 
0 
0 
0 
0 
0 
0 
0 
0 
0 
0 
0 
0 
0 
0 
0 
0 
0 
0 
0 
0 
0 
0 
0 
0 
0 
0 
0 
0 
0 
0 
0 
0 
0 
0 
0 
0 
0 
0 
0 
0 
0 
0 
0 
0 
0 
0 
0 
0 
0 
0 
0 
0 
0 
0 
0 
0 
0 
0 
0 
0 
0 
0 
0 
0 
0 
0 
0 
0 
0 
0 
0 
0 
0 
0 
0 
0 
0 
0 
0 
0 
0 
0 
0 
0 
0 
0 
0 
0 
0 
0 
0 
0 
0 
0 
0 
0 
0 
0 
0 
0 
0 
0 
0 
0 
0 
0 
0 
0 
0 
0 
0 
0 
0 
0 
0 
0 
0 
0 
0 
0 
0 
0 
0 
0 
0 
0 
0 
0 
0 
0 
0 
0 
0 
0 
0 
0 
0 
0 
0 
0 
0 
0 
0 
0 
0 
0 
0 
0 
0 
0 
0 
0 
0 
0 
0 
0 
0 
0 
0 
0 
0 
0 
0 
0 
0 
0 
0 
0 
0 
0 
0 
0 
0 
0 
0 
0 
0 
0 
0 
0 
0 
0 
0 
0 
0 
0 
0 
0 
0 
0 
0 
0 
0 
0 
0 
0 
0 
0 
0 
0 
0 
0 
0 
0 
0 
0 
0 
0 
0 
0 
0 
0 
0 
0 
0 
0 
0 
0 
0 
0 
0 
0 
0 
0 
0 
0 
0 
0 
0 
0 
0 
0 
0 
0 
0 
0 
0 
0 
0 
0 
0 
0 
0 
0 
0 
0 
0 
0 
0 
0 
0 
0 
0 
0 
0 
0 
0 
0 
0 
0 
0 
0 
0 
0 
0 
0 
0 
0 
0 
0 
0 
0 
0 
0 
0 
0 
0 
0 
0 
0 
0 
0 
0 
0 
0 
0 
0 
0 
0 
0 
0 
0 
0 
0 
0 
0 
0 
0 
0 
0 
0 
0 
0 
0 
0 
0 
0 
0 
0 
0 
0 
0 
0 
0 
0 
0 
0 
0 
0 
0 
0 
0 
0 
0 
0 
0 
0 
0 
0 
0 
0 
0 
0 
0 
0 
0 
0 
0 
0 
0 
0 
0 
0 
0 
0 
0 
0 
0 
0 
0 
0 
0 
0 
0 
0 
0 
0 
0 
0 
0 
0 
0 
0 
0 
0 
0 
0 
0 
0 
0 
0 
0 
0 
0 
0 
0 
0 
0 
0 
0 
0 
0 
0 
0 
0 
0 
0 
0 
0 
0 
0 
0 
0 
0 
0 
0 
0 
0 
0 
0 
0 
0 
0 
0 
0 
0 
0 
0 
0 
0 
0 
0 
0 
0 
0 
0 
0 
0 
0 
0 
0 
0 
0 
0 
0 
0 
0 
0 
0 
0 
0 
0 
0 
0 
0 
0 
0 
0 
0 
0 
0 
0 
0 
0 
0 
0 
0 
0 
0 
0 
0 
0 
0 
0 
0 
0 
0 
0 
0 
0 
0 
0 
0 
0 
0 
0 
0 
0 
0 
0 
0 
0 
0 
0 
0 
0 
0 
0 
0 
0 
0 
0 
0 
0 
0 
0 
0 
0 
0 
0 
0 
0 
0 
0 
0 
0 
0 
0 
0 
0 
0 
0 
0 
0 
0 
0 
0 
0 
0 
0 
0 
0 
0 
0 
0 
0 
0 
0 
0 
0 
0 
0 
0 
0 
0 
0 
0 
0 
0 
0 
0 
0 
0 
0 
0 
0 
0 
0 
0 
0 
0 
0 
0 
0 
0 
0 
0 
0 
0 
0 
0 
0 
0 
0 
0 
0 
0 
0 
0 
0 
0 
0 
0 
0 
0 
0 
0 
0 
0 
0 
0 
0 
0 
0 
0 
0 
0 
0 
0 
0 
0 
0 
0 
0 
0 
0 
0 
0 
0 
0 
0 
0 
0 
0 
0 
0 
0 
0 
0 
0 
0 
0 
0 
0 
0 
0 
0 
0 
0 
0 
0 
0 
0 
0 
0 
0 
0 
0 
0 
0 
0 
0 
0 
0 
0 
0 
0 
0 
0 
0 
0 
0 
0 
0 
0 
0 
0 
0 
0 
0 
0 
0 
0 
0 
0 
0 
0 
0 
0 
0 
0 
0 
0 
0 
0 
0 
0 
0 
0 
0 
0 
0 
0 
0 
0 
0 
0 
0 
0 
0 
0 
0 
0 
0 
0 
0 
0 
0 
0 
0 
0 
0 
0 
0 
0 
0 
0 
0 
0 
0 
0 
0 
0 
0 
0 
0 
0 
0 
0 
0 
0 
0 
0 
0 
0 
0 
0 
0 
0 
0 
0 
0 
0 
0 
0 
0 
0 
0 
0 
0 
0 
0 
0 
0 
0 
0 
0 
0 
0 
0 
0 
0 
0 
0 
0 
0 
0 
0 
0 
0 
0 
0 
0 
0 
0 
0 
0 
0 
0 
0 
0 
0 
0 
0 
0 
0 
0 
0 
0 
0 
0 
0 
0 
0 
0 
0 
0 
0 
0 
0 
0 
0 
0 
0 
0 
0 
0 
0 
0 
0 
0 
0 
0 
0 
0 
0 
0 
0 
0 
0 
0 
0 
0 
0 
0 
0 
0 
0 
0 
0 
0 
0 
0 
0 
0 
0 
0 
0 
0 
0 
0 
0 
0 
0 
0 
0 
0 
0 
0 
0 
0 
0 
0 
0 
0 
0 
0 
0 
0 
0 
0 
0 
0 
0 
0 
0 
0 
0 
0 
0 
0 
0 
0 
0 
0 
0 
0 
0 
0 
0 
0 
0 
0 
0 
0 
0 
0 
0 
0 
0 
0 
0 
0 
0 
0 
0 
0 
0 
0 
0 
0 
0 
0 
0 
0 
0 
0 
0 
0 
0 
0 
0 
0 
0 
0 
0 
0 
0 
0 
0 
0 
0 
0 
0 
0 
0 
0 
0 
0 
0 
0 
0 
0 
0 
0 
0 
0 
0 
0 
0 
0 
0 
0 
0 
0 
0 
0 
0 
0 
0 
0 
0 
0 
0 
0 
0 
0 
0 
0 
0 
0 
0 
0 
0 
0 
0 
0 
0 
0 
0 
0 
0 
0 
0 
0 
0 
0 
0 
0 
0 
0 
0 
0 
0 
0 
0 
0 
0 
0 
0 
0 
0 
0 
0 
0 
0 
0 
0 
0 
0 
0 
0 
0 
0 
0 
0 
0 
0 
0 
0 
0 
0 
0 
0 
0 
0 
0 
0 
0 
0 
0 
0 
0 
0 
0 
0 
0 
0 
0 
0 
0 
0 
0 
0 
0 
0 
0 
0 
0 
0 
0 
0 
0 
0 
0 
0 
0 
0 
0 
0 
0 
0 
0 
0 
0 
0 
0 
0 
0 
0 
0 
0 
0 
0 
0 
0 
0 
0 
0 
0 
0 
0 
0 
0 
0 
0 
0 
0 
0 
0 
0 
0 
0 
0 
0 
0 
0 
0 
0 
0 
0 
0 
0 
0 
0 
0 
0 
0 
0 
0 
0 
0 
0 
0 
0 
0 
0 
0 
0 
0 
0 
0 
0 
0 
0 
0 
0 
0 
0 
0 
0 
0 
0 
0 
0 
0 
0 
0 
0 
0 
0 
0 
0 
0 
0 
0 
0 
0 
0 
0 
0 
0 
0 
0 
0 
0 
0 
0 
0 
0 
0 
0 
0 
0 
0 
0 
0 
0 
0 
0 
0 
0 
0 
0 
0 
0 
0 
0 
0 
0 
0 
0 
0 
0 
0 
0 
0 
0 
0 
0 
0 
0 
0 
0 
0 
0 
0 
0 
0 
0 
0 
0 
0 
0 
0 
0 
0 
0 
0 
0 
0 
0 
0 
0 
0 
0 
0 
0 
0 
0 
0 
0 
0 
0 
0 
0 
0 
0 
0 
0 
0 
0 
0 
0 
0 
0 
0 
0 
0 
0 
0 
0 
0 
0 
0 
0 
0 
0 
0 
0 
0 
0 
0 
0 
0 
0 
0 
0 
0 
0 
0 
0 
0 
0 
0 
0 
0 
0 
0 
0 
0 
0 
0 
0 
0 
0 
0 
0 
0 
0 
0 
0 
0 
0 
0 
0 
0 
0 
0 
0 
0 
0 
0 
0 
0 
0 
0 
0 
0 
0 
0 
0 
0 
0 
0 
0 
0 
0 
0 
0 
0 
0 
0 
0 
0 
0 
0 
0 
0 
0 
0 
0 
0 
0 
0 
0 
0 
0 
0 
0 
0 
0 
0 
0 
0 
0 
0 
0 
0 
0 
0 
0 
0 
0 
0 
0 
0 
0 
0 
0 
0 
0 
0 
0 
0 
0 
0 
0 
0 
0 
0 
0 
0 
0 
0 
0 
0 
0 
0 
0 
0 
0 
0 
0 
0 
0 
0 
0 
0 
0 
0 
0 
0 
0 
0 
0 
0 
0 
0 
0 
0 
0 
0 
0 
0 
0 
0 
0 
0 
0 
0 
0 
0 
0 
0 
0 
0 
0 
0 
0 
0 
0 
0 
0 
0 
0 
0 
0 
0 
0 
0 
0 
0 
0 
0 
0 
0 
0 
0 
0 
0 
0 
0 
0 
0 
0 
0 
0 
0 
0 
0 
0 
0 
0 
0 
0 
0 
0 
0 
0 
0 
0 
0 
0 
0 
0 
0 
0 
0 
0 
0 
0 
0 
0 
0 
0 
0 
0 
0 
0 
0 
0 
0 
0 
0 
0 
0 
0 
0 
0 
0 
0 
0 
0 
0 
0 
0 
0 
0 
0 
0 
0 
0 
0 
0 
0 
0 
0 
0 
0 
0 
0 
0 
0 
0 
0 
0 
0 
0 
0 
0 
0 
0 
0 
0 
0 
0 
0 
0 
0 
0 
0 
0 
0 
0 
0 
0 
0 
0 
0 
0 
0 
0 
0 
0 
0 
0 
0 
0 
0 
0 
0 
0 
0 
0 
0 
0 
0 
0 
0 
0 
0 
0 
0 
0 
0 
0 
0 
0 
0 
0 
0 
0 
0 
0 
0 
0 
0 
0 
0 
0 
0 
0 
0 
0 
0 
0 
0 
0 
0 
0 
0 
0 
0 
0 
0 
0 
0 
0 
0 
0 
0 
0 
0 
0 
0 
0 
0 
0 
0 
0 
0 
0 
0 
0 
0 
0 
0 
0 
0 
0 
0 
0 
0 
0 
0 
0 
0 
0 
0 
0 
0 
0 
0 
0 
0 
0 
0 
0 
0 
0 
0 
0 
0 
0 
0 
0 
0 
0 
0 
0 
0 
0 
0 
0 
0 
0 
0 
0 
0 
0 
0 
0 
0 
0 
0 
0 
0 
0 
0 
0 
0 
0 
0 
0 
0 
0 
0 
0 
0 
0 
0 
0 
0 
0 
0 
0 
0 
0 
0 
0 
0 
0 
0 
0 
0 
0 
0 
0 
0 
0 
0 
0 
0 
0 
0 
0 
0 
0 
0 
0 
0 
0 
0 
0 
0 
0 
0 
0 
0 
0 
0 
0 
0 
0 
0 
0 
0 
0 
0 
0 
0 
0 
0 
0 
0 
0 
0 
0 
0 
0 
0 
0 
0 
0 
0 
0 
0 
0 
0 
0 
0 
0 
0 
0 
0 
0 
0 
0 
0 
0 
0 
0 
0 
0 
0 
0 
0 
0 
0 
0 
0 
0 
0 
0 
0 
0 
0 
0 
0 
0 
0 
0 
0 
0 
0 
0 
0 
0 
0 
0 
0 
0 
0 
0 
0 
0 
0 
0 
0 
0 
0 
0 
0 
0 
0 
0 
0 
0 
0 
0 
0 
0 
0 
0 
0 
0 
0 
0 
0 
0 
0 
0 
0 
0 
0 
0 
0 
0 
0 
0 
0 
0 
0 
0 
0 
0 
0 
0 
0 
0 
0 
0 
0 
0 
0 
0 
0 
0 
0 
0 
0 
0 
0 
0 
0 
0 
0 
0 
0 
0 
0 
0 
0 
0 
0 
0 
0 
0 
0 
0 
0 
0 
0 
0 
0 
0 
0 
0 
0 
0 
0 
0 
0 
0 
0 
0 
0 
0 
0 
0 
0 
0 
0 
0 
0 
0 
0 
0 
0 
0 
0 
0 
0 
0 
0 
0 
0 
0 
0 
0 
0 
0 
0 
0 
0 
0 
0 
0 
0 
0 
0 
0 
0 
0 
0 
0 
0 
0 
0 
0 
0 
0 
0 
0 
0 
0 
0 
0 
0 
0 
0 
0 
0 
0 
0 
0 
0 
0 
0 
0 
0 
0 
0 
0 
0 
0 
0 
0 
0 
0 
0 
0 
0 
0 
0 
0 
0 
0 
0 
0 
0 
0 
0 
0 
0 
0 
0 
0 
0 
0 
0 
0 
0 
0 
0 
0 
0 
0 
0 
0 
0 
0 
0 
0 
0 
0 
0 
0 
0 
0 
0 
0 
0 
0 
0 
0 
0 
0 
0 
0 
0 
0 
0 
0 
0 
0 
0 
0 
0 
0 
0 
0 
0 
0 
0 
0 
0 
0 
0 
0 
0 
0 
0 
0 
0 
0 
0 
0 
0 
0 
0 
0 
0 
0 
0 
0 
0 
0 
0 
0 
0 
0 
0 
0 
0 
0 
0 
0 
0 
0 
0 
0 
0 
0 
0 
0 
0 
0 
0 
0 
0 
0 
0 
0 
0 
0 
0 
0 
0 
0 
0 
0 
0 
0 
0 
0 
0 
0 
0 
0 
0 
0 
0 
0 
0 
0 
0 
0 
0 
0 
0 
0 
0 
0 
0 
0 
0 
0 
0 
0 
0 
0 
0 
0 
0 
0 
0 
0 
0 
0 
0 
0 
0 
0 
0 
0 
0 
0 
0 
0 
0 
0 
0 
0 
0 
0 
0 
0 
0 
0 
0 
0 
0 
0 
0 
0 
0 
0 
0 
0 
0 
0 
0 
0 
0 
0 
0 
0 
0 
0 
0 
0 
0 
0 
0 
0 
0 
0 
0 
0 
0 
0 
0 
0 
0 
0 
0 
0 
0 
0 
0 
0 
0 
0 
0 
0 
0 
0 
0 
0 
0 
0 
0 
0 
0 
0 
0 
0 
0 
0 
0 
0 
0 
0 
0 
0 
0 
0 
0 
0 
0 
0 
0 
0 
0 
0 
0 
0 
0 
0 
0 
0 
0 
0 
0 
0 
0 
0 
0 
0 
0 
0 
0 
0 
0 
0 
0 
0 
0 
0 
0 
0 
0 
0 
0 
0 
0 
0 
0 
0 
0 
0 
0 
0 
0 
0 
0 
0 
0 
0 
0 
0 
0 
0 
0 
0 
0 
0 
0 
0 
0 
0 
0 
0 
0 
0 
0 
0 
0 
0 
0 
0 
0 
0 
0 
0 
0 
0 
0 
0 
0 
0 
0 
0 
0 
0 
0 
0 
0 
0 
0 
0 
0 
0 
0 
0 
0 
0 
0 
0 
0 
0 
0 
0 
0 
0 
0 
0 
0 
0 
0 
0 
0 
0 
0 
0 
0 
0 
0 
0 
0 
0 
0 
0 
0 
0 
0 
0 
0 
0 
0 
0 
0 
0 
0 
0 
0 
0 
0 
0 
0 
0 
0 
0 
0 
0 
0 
0 
0 
0 
0 
0 
0 
0 
0 
0 
0 
0 
0 
0 
0 
0 
0 
0 
0 
0 
0 
0 
0 
0 
0 
0 
0 
0 
0 
0 
0 
0 
0 
0 
0 
0 
0 
0 
0 
0 
0 
0 
0 
0 
0 
0 
0 
0 
0 
0 
0 
0 
0 
0 
0 
0 
0 
0 
0 
0 
0 
0 
0 
0 
0 
0 
0 
0 
0 
0 
0 
0 
0 
0 
0 
0 
0 
0 
0 
0 
0 
0 
0 
0 
0 
0 
0 
0 
0 
0 
0 
0 
0 
0 
0 
0 
0 
0 
0 
0 
0 
0 
0 
0 
0 
0 
0 
0 
0 
0 
0 
0 
0 
0 
0 
0 
0 
0 
0 
0 
0 
0 
0 
0 
0 
0 
0 
0 
0 
0 
0 
0 
0 
0 
0 
0 
0 
0 
0 
0 
0 
0 
0 
0 
0 
0 
0 
0 
0 
0 
0 
0 
0 
0 
0 
0 
0 
0 
0 
0 
0 
0 
0 
0 
0 
0 
0 
0 
0 
0 
0 
0 
0 
0 
0 
0 
0 
0 
0 
0 
0 
0 
0 
0 
0 
0 
0 
0 
0 
0 
0 
0 
0 
0 
0 
0 
0 
0 
0 
0 
0 
0 
0 
0 
0 
0 
0 
0 
0 
0 
0 
0 
0 
0 
0 
0 
0 
0 
0 
0 
0 
0 
0 
0 
0 
0 
0 
0 
0 
0 
0 
0 
0 
0 
0 
0 
0 
0 
0 
0 
0 
0 
0 
0 
0 
0 
0 
0 
0 
0 
0 
0 
0 
0 
0 
0 
0 
0 
0 
0 
0 
0 
0 
0 
0 
0 
0 
0 
0 
0 
0 
0 
0 
0 
0 
0 
0 
0 
0 
0 
0 
0 
0 
0 
0 
0 
0 
0 
0 
0 
0 
0 
0 
0 
0 
0 
0 
0 
0 
0 
0 
0 
0 
0 
0 
0 
0 
0 
0 
0 
0 
0 
0 
0 
0 
0 
0 
0 
0 
0 
0 
0 
0 
0 
0 
0 
0 
0 
0 
0 
0 
0 
0 
0 
0 
0 
0 
0 
0 
0 
0 
0 
0 
0 
0 
0 
0 
0 
0 
0 
0 
0 
0 
0 
0 
0 
0 
0 
0 
0 
0 
0 
0 
0 
0 
0 
0 
0 
0 
0 
0 
0 
0 
0 
0 
0 
0 
0 
0 
0 
0 
0 
0 
0 
0 
0 
0 
0 
0 
0 
0 
0 
0 
0 
0 
0 
0 
0 
0 
0 
0 
0 
0 
0 
0 
0 
0 
0 
0 
0 
0 
0 
0 
0 
0 
0 
0 
0 
0 
0 
0 
0 
0 
0 
0 
0 
0 
0 
0 
0 
0 
0 
0 
0 
0 
0 
0 
0 
0 
0 
0 
0 
0 
0 
0 
0 
0 
0 
0 
0 
0 
0 
0 
0 
0 
0 
0 
0 
0 
0 
0 
0 
0 
0 
0 
0 
0 
0 
0 
0 
0 
0 
0 
0 
0 
0 
0 
0 
0 
0 
0 
0 
0 
0 
0 
0 
0 
0 
0 
0 
0 
0 
0 
0 
0 
0 
0 
0 
0 
0 
0 
0 
0 
0 
0 
0 
0 
0 
0 
0 
0 
0 
0 
0 
0 
0 
0 
0 
0 
0 
0 
0 
0 
0 
0 
0 
0 
0 
0 
0 
0 
0 
0 
0 
0 
0 
0 
0 
0 
0 
0 
0 
0 
0 
0 
0 
0 
0 
0 
0 
0 
0 
0 
0 
0 
0 
0 
0 
0 
0 
0 
0 
0 
0 
0 
0 
0 
0 
0 
0 
0 
0 
0 
0 
0 
0 
0 
0 
0 
0 
0 
0 
0 
0 
0 
0 
0 
0 
0 
0 
0 
0 
0 
0 
0 
0 
0 
0 
0 
0 
0 
0 
0 
0 
0 
0 
0 
0 
0 
0 
0 
0 
0 
0 
0 
0 
0 
0 
0 
0 
0 
0 
0 
0 
0 
0 
0 
0 
0 
0 
0 
0 
0 
0 
0 
0 
0 
0 
0 
0 
0 
0 
0 
0 
0 
0 
0 
0 
0 
0 
0 
0 
0 
0 
0 
0 
0 
0 
0 
0 
0 
0 
0 
0 
0 
0 
0 
0 
0 
0 
0 
0 
0 
0 
0 
0 
0 
0 
0 
0 
0 
0 
0 
0 
0 
0 
0 
0 
0 
0 
0 
0 
0 
0 
0 
0 
0 
0 
0 
0 
0 
0 
0 
0 
0 
0 
0 
0 
0 
0 
0 
0 
0 
0 
0 
0 
0 
0 
0 
0 
0 
0 
0 
0 
0 
0 
0 
0 
0 
0 
0 
0 
0 
0 
0 
0 
0 
0 
0 
0 
0 
0 
0 
0 
0 
0 
0 
0 
0 
0 
0 
0 
0 
0 
0 
0 
0 
0 
0 
0 
0 
0 
0 
0 
0 
0 
0 
0 
0 
0 
0 
0 
0 
0 
0 
0 
0 
0 
0 
0 
0 
0 
0 
0 
0 
0 
0 
0 
0 
0 
0 
0 
0 
0 
0 
0 
0 
0 
0 
0 
0 
0 
0 
0 
0 
0 
0 
0 
0 
0 
0 
0 
0 
0 
0 
0 
0 
0 
0 
0 
0 
0 
0 
0 
0 
0 
0 
0 
0 
0 
0 
0 
0 
0 
0 
0 
0 
0 
0 
0 
0 
0 
0 
0 
0 
0 
0 
0 
0 
0 
0 
0 
0 
0 
0 
0 
0 
0 
0 
0 
0 
0 
0 
0 
0 
0 
0 
0 
0 
0 
0 
0 
0 
0 
0 
0 
0 
0 
0 
0 
0 
0 
0 
0 
0 
0 
0 
0 
0 
0 
0 
0 
0 
0 
0 
0 
0 
0 
0 
0 
0 
0 
0 
0 
0 
0 
0 
0 
0 
0 
0 
0 
0 
0 
0 
0 
0 
0 
0 
0 
0 
0 
0 
0 
0 
0 
0 
0 
0 
0 
0 
0 
0 
0 
0 
0 
0 
0 
0 
0 
0 
0 
0 
0 
0 
0 
0 
0 
0 
0 
0 
0 
0 
0 
0 
0 
0 
0 
0 
0 
0 
0 
0 
0 
0 
0 
0 
0 
0 
0 
0 
0 
0 
0 
0 
0 
0 
0 
0 
0 
0 
0 
0 
0 
0 
0 
0 
0 
0 
0 
0 
0 
0 
0 
0 
0 
0 
0 
0 
0 
0 
0 
0 
0 
0 
0 
0 
0 
0 
0 
0 
0 
0 
0 
0 
0 
0 
0 
0 
0 
0 
0 
0 
0 
0 
0 
0 
0 
0 
0 
0 
0 
0 
0 
0 
0 
0 
0 
0 
0 
0 
0 
0 
0 
0 
0 
0 
0 
0 
0 
0 
0 
0 
0 
0 
0 
0 
0 
0 
0 
0 
0 
0 
0 
0 
0 
0 
0 
0 
0 
0 
0 
0 
0 
0 
0 
0 
0 
0 
0 
0 
0 
0 
0 
0 
0 
0 
0 
0 
0 
0 
0 
0 
0 
0 
0 
0 
0 
0 
0 
0 
0 
0 
0 
0 
0 
0 
0 
0 
0 
0 
0 
0 
0 
0 
0 
0 
0 
0 
0 
0 
0 
0 
0 
0 
0 
0 
0 
0 
0 
0 
0 
0 
0 
0 
0 
0 
0 
0 
0 
0 
0 
0 
0 
0 
0 
0 
0 
0 
0 
0 
0 
0 
0 
0 
0 
0 
0 
0 
0 
0 
0 
0 
0 
0 
0 
0 
0 
0 
0 
0 
0 
0 
0 
0 
0 
0 
0 
0 
0 
0 
0 
0 
0 
0 
0 
0 
0 
0 
0 
0 
0 
0 
0 
0 
0 
0 
0 
0 
0 
0 
0 
0 
0 
0 
0 
0 
0 
0 
0 
0 
0 
0 
0 
0 
0 
0 
0 
0 
0 
0 
0 
0 
0 
0 
0 
0 
0 
0 
0 
0 
0 
0 
0 
0 
0 
0 
0 
0 
0 
0 
0 
0 
0 
0 
0 
0 
0 
0 
0 
0 
0 
0 
0 
0 
0 
0 
0 
0 
0 
0 
0 
0 
0 
0 
0 
0 
0 
0 
0 
0 
0 
0 
0 
0 
0 
0 
0 
0 
0 
0 
0 
0 
0 
0 
0 
0 
0 
0 
0 
0 
0 
0 
0 
0 
0 
0 
0 
0 
0 
0 
0 
0 
0 
0 
0 
0 
0 
0 
0 
0 
0 
0 
0 
0 
0 
0 
0 
0 
0 
0 
0 
0 
0 
0 
0 
0 
0 
0 
0 
0 
0 
0 
0 
0 
0 
0 
0 
0 
0 
0 
0 
0 
0 
0 
0 
0 
0 
0 
0 
0 
0 
0 
0 
0 
0 
0 
0 
0 
0 
0 
0 
0 
0 
0 
0 
0 
0 
0 
0 
0 
0 
0 
0 
0 
0 
0 
0 
0 
0 
0 
0 
0 
0 
0 
0 
0 
0 
0 
0 
0 
0 
0 
0 
0 
0 
0 
0 
0 
0 
0 
0 
0 
0 
0 
0 
0 
0 
0 
0 
0 
0 
0 
0 
0 
0 
0 
0 
0 
0 
0 
0 
0 
0 
0 
0 
0 
0 
0 
0 
0 
0 
0 
0 
0 
0 
0 
0 
0 
0 
0 
0 
0 
0 
0 
0 
0 
0 
0 
0 
0 
0 
0 
0 
0 
0 
0 
0 
0 
0 
0 
0 
0 
0 
0 
0 
0 
0 
0 
0 
0 
0 
0 
0 
0 
0 
0 
0 
0 
0 
0 
0 
0 
0 
0 
0 
0 
0 
0 
0 
0 
0 
0 
0 
0 
0 
0 
0 
0 
0 
0 
0 
0 
0 
0 
0 
0 
0 
0 
0 
0 
0 
0 
0 
0 
0 
0 
0 
0 
0 
0 
0 
0 
0 
0 
0 
0 
0 
0 
0 
0 
0 
0 
0 
0 
0 
0 
0 
0 
0 
0 
0 
0 
0 
0 
0 
0 
0 
0 
0 
0 
0 
0 
0 
0 
0 
0 
0 
0 
0 
0 
0 
0 
0 
0 
0 
0 
0 
0 
0 
0 
0 
0 
0 
0 
0 
0 
0 
0 
0 
0 
0 
0 
0 
0 
0 
0 
0 
0 
0 
0 
0 
0 
0 
0 
0 
0 
0 
0 
0 
0 
0 
0 
0 
0 
0 
0 
0 
0 
0 
0 
0 
0 
0 
0 
0 
0 
0 
0 
0 
0 
0 
0 
0 
0 
0 
0 
0 
0 
0 
0 
0 
0 
0 
0 
0 
0 
0 
0 
0 
0 
0 
0 
0 
0 
0 
0 
0 
0 
0 
0 
0 
0 
0 
0 
0 
0 
0 
0 
0 
0 
0 
0 
0 
0 
0 
0 
0 
0 
0 
0 
0 
0 
0 
0 
0 
0 
0 
0 
0 
0 
0 
0 
0 
0 
0 
0 
0 
0 
0 
0 
0 
0 
0 
0 
0 
0 
0 
0 
0 
0 
0 
0 
0 
0 
0 
0 
0 
0 
0 
0 
0 
0 
0 
0 
0 
0 
0 
0 
0 
0 
0 
0 
0 
0 
0 
0 
0 
0 
0 
0 
0 
0 
0 
0 
0 
0 
0 
0 
0 
0 
0 
0 
0 
0 
0 
0 
0 
0 
0 
0 
0 
0 
0 
0 
0 
0 
0 
0 
0 
0 
0 
0 
0 
0 
0 
0 
0 
0 
0 
0 
0 
0 
0 
0 
0 
0 
0 
0 
0 
0 
0 
0 
0 
0 
0 
0 
0 
0 
0 
0 
0 
0 
0 
0 
0 
0 
0 
0 
0 
0 
0 
0 
0 
0 
0 
0 
0 
0 
0 
0 
0 
0 
0 
0 
0 
0 
0 
0 
0 
0 
0 
0 
0 
0 
0 
0 
0 
0 
0 
0 
0 
0 
0 
0 
0 
0 
0 
0 
0 
0 
0 
0 
0 
0 
0 
0 
0 
0 
0 
0 
0 
0 
0 
0 
0 
0 
0 
0 
0 
0 
0 
0 
0 
0 
0 
0 
0 
0 
0 
0 
0 
0 
0 
0 
0 
0 
0 
0 
0 
0 
0 
0 
0 
0 
0 
0 
0 
0 
0 
0 
0 
0 
0 
0 
0 
0 
0 
0 
0 
0 
0 
0 
0 
0 
0 
0 
0 
0 
0 
0 
0 
0 
0 
0 
0 
0 
0 
0 
0 
0 
0 
0 
0 
0 
0 
0 
0 
0 
0 
0 
0 
0 
0 
0 
0 
0 
0 
0 
0 
0 
0 
0 
0 
0 
0 
0 
0 
0 
0 
0 
0 
0 
0 
0 
0 
0 
0 
0 
0 
0 
0 
0 
0 
0 
0 
0 
0 
0 
0 
0 
0 
0 
0 
0 
0 
0 
0 
0 
0 
0 
0 
0 
0 
0 
0 
0 
0 
0 
0 
0 
0 
0 
0 
0 
0 
0 
0 
0 
0 
0 
0 
0 
0 
0 
0 
0 
0 
0 
0 
0 
0 
0 
0 
0 
0 
0 
0 
0 
0 
0 
0 
0 
0 
0 
0 
0 
0 
0 
0 
0 
0 
0 
0 
0 
0 
0 
0 
0 
0 
0 
0 
0 
0 
0 
0 
0 
0 
0 
0 
0 
0 
0 
0 
0 
0 
0 
0 
0 
0 
0 
0 
0 
0 
0 
0 
0 
0 
0 
0 
0 
0 
0 
0 
0 
0 
0 
0 
0 
0 
0 
0 
0 
0 
0 
0 
0 
0 
0 
0 
0 
0 
0 
0 
0 
0 
0 
0 
0 
0 
0 
0 
0 
0 
0 
0 
0 
0 
0 
0 
0 
0 
0 
0 
0 
0 
0 
0 
0 
0 
0 
0 
0 
0 
0 
0 
0 
0 
0 
0 
0 
0 
0 
0 
0 
0 
0 
0 
0 
0 
0 
0 
0 
0 
0 
0 
0 
0 
0 
0 
0 
0 
0 
0 
0 
0 
0 
0 
0 
0 
0 
0 
0 
0 
0 
0 
0 
0 
0 
0 
0 
0 
0 
0 
0 
0 
0 
0 
0 
0 
0 
0 
0 
0 
0 
0 
0 
0 
0 
0 
0 
0 
0 
0 
0 
0 
0 
0 
0 
0 
0 
0 
0 
0 
0 
0 
0 
0 
0 
0 
0 
0 
0 
0 
0 
0 
0 
0 
0 
0 
0 
0 
0 
0 
0 
0 
0 
0 
0 
0 
0 
0 
0 
0 
0 
0 
0 
0 
0 
0 
0 
0 
0 
0 
0 
0 
0 
0 
0 
0 
0 
0 
0 
0 
0 
0 
0 
0 
0 
0 
0 
0 
0 
0 
0 
0 
0 
0 
0 
0 
0 
0 
0 
0 
0 
0 
0 
0 
0 
0 
0 
0 
0 
0 
0 
0 
0 
0 
0 
0 
0 
0 
!IDEND=

