!FILE=Disk 
!KIND=Matrix 
!LABORATORY=Oslo Cyclotron Laboratory (OCL) 
!EXPERIMENT=siri2root 
!COMMENT=none
!TIME=2021-01-12 12:45:44
!CALIBRATION EkeV=6, 0.000000E+00, 1.000000E+00, 0.000000E+00
!PRECISION=16
!DIMENSION=1,0:20999
!CHANNEL=(0:20999)
54.5116 
52.5344 
51.0796 
50.3487 
50.1951 
50.493 
51.0971 
51.6438 
51.8063 
51.4844 
50.7795 
50.0202 
49.5671 
49.5621 
50.1253 
51.4016 
53.2424 
55.2828 
57.2171 
58.875 
60.2218 
61.3436 
62.4255 
63.6926 
65.3328 
67.4406 
69.9988 
72.8716 
75.8109 
78.5054 
80.6659 
82.1087 
82.771 
82.6521 
81.9687 
81.2571 
80.9654 
81.2177 
82.0543 
83.5113 
85.4762 
87.7061 
89.9662 
92.1055 
94.0631 
95.8281 
97.4155 
98.8505 
100.147 
101.307 
102.33 
103.228 
104.021 
104.731 
105.37 
105.94 
106.446 
106.921 
107.45 
108.17 
109.24 
110.778 
112.803 
115.207 
117.77 
120.214 
122.279 
123.802 
124.758 
125.273 
125.605 
126.082 
127.005 
128.569 
130.814 
133.616 
136.711 
139.759 
142.435 
144.503 
145.857 
146.493 
146.43 
145.836 
145.172 
144.881 
145.127 
146.033 
147.742 
150.138 
152.803 
155.21 
156.931 
157.792 
157.992 
157.931 
157.983 
158.605 
160.203 
162.898 
166.503 
170.569 
174.527 
177.931 
180.577 
182.467 
183.74 
184.608 
185.247 
185.731 
186.071 
186.282 
186.434 
186.657 
187.086 
187.799 
188.787 
189.933 
191.002 
191.741 
192.047 
192.042 
192.073 
192.709 
194.548 
197.941 
202.864 
208.803 
214.696 
219.214 
221.397 
220.946 
218.076 
213.577 
208.761 
204.988 
203.148 
203.508 
205.922 
209.853 
214.44 
218.86 
222.564 
225.298 
227.01 
227.734 
227.503 
226.525 
225.28 
224.209 
223.558 
223.423 
223.81 
224.617 
225.389 
225.519 
224.733 
223.075 
220.797 
218.427 
216.716 
216.317 
217.461 
220.031 
223.602 
227.49 
231.04 
233.863 
235.904 
237.421 
238.905 
240.842 
243.494 
246.823 
250.529 
254.18 
257.398 
259.958 
261.777 
262.9 
263.409 
263.345 
262.639 
261.119 
258.712 
255.596 
252.195 
249.149 
247.196 
246.873 
248.349 
251.456 
255.596 
259.809 
263.056 
264.618 
264.286 
262.07 
258.154 
253.103 
247.66 
242.487 
238.108 
234.905 
233.083 
232.675 
233.668 
235.98 
239.284 
243.017 
246.486 
248.969 
249.943 
249.235 
246.773 
242.569 
237.034 
230.928 
225.102 
220.349 
217.264 
216.151 
217.087 
219.798 
223.484 
227.141 
229.847 
230.978 
230.343 
228.008 
224.291 
219.83 
215.352 
211.442 
208.464 
206.586 
205.856 
206.279 
207.84 
210.483 
214.077 
218.366 
222.932 
227.244 
230.774 
233.122 
234.27 
234.534 
234.11 
233.115 
231.827 
230.556 
229.509 
228.783 
228.359 
228.12 
227.882 
227.442 
226.632 
225.364 
223.65 
221.612 
219.477 
217.507 
215.912 
214.78 
214.059 
213.577 
213.107 
212.459 
211.562 
210.507 
209.514 
208.809 
208.49 
208.459 
208.508 
208.365 
207.653 
206.141 
203.911 
201.308 
198.862 
197.11 
196.39 
196.798 
198.286 
200.647 
203.492 
206.366 
208.88 
210.788 
212.002 
212.544 
212.453 
211.875 
211.092 
210.263 
209.368 
208.325 
207.061 
205.553 
203.843 
202.023 
200.202 
198.467 
196.864 
195.409 
194.124 
193.083 
192.419 
192.264 
192.664 
193.556 
194.716 
195.742 
196.263 
196.131 
195.181 
193.169 
190.218 
186.873 
183.828 
181.747 
181.052 
181.865 
184.05 
187.133 
190.362 
192.933 
194.282 
194.236 
192.844 
190.372 
187.362 
184.383 
181.782 
179.646 
177.815 
175.95 
173.718 
170.961 
167.758 
164.403 
161.312 
158.86 
157.246 
156.446 
156.223 
156.235 
156.137 
155.585 
154.329 
152.319 
149.714 
146.87 
144.256 
142.345 
141.372 
141.283 
141.999 
143.388 
145.069 
146.552 
147.434 
147.493 
146.671 
145.035 
142.807 
140.32 
137.9 
135.793 
134.109 
132.813 
131.772 
130.859 
130.044 
129.465 
129.36 
129.849 
130.904 
132.367 
133.93 
135.128 
135.516 
134.915 
133.383 
131.173 
128.762 
126.673 
125.254 
124.602 
124.5 
124.581 
124.606 
124.321 
123.392 
121.691 
119.38 
116.829 
114.489 
112.773 
111.943 
112.079 
113.146 
114.996 
117.346 
119.851 
122.183 
124.073 
125.352 
126.019 
126.2 
125.977 
125.406 
124.601 
123.673 
122.693 
121.709 
120.736 
119.754 
118.715 
117.542 
116.163 
114.543 
112.712 
110.772 
108.91 
107.352 
106.293 
105.833 
105.993 
106.667 
107.597 
108.531 
109.322 
109.906 
110.295 
110.559 
110.762 
110.931 
111.057 
111.111 
111.08 
110.93 
110.587 
109.99 
109.113 
107.954 
106.542 
104.967 
103.378 
101.974 
100.969 
100.471 
100.443 
100.845 
101.601 
102.476 
103.126 
103.275 
102.827 
101.829 
100.454 
98.986 
97.708 
96.8015 
96.3115 
96.1525 
96.1494 
96.1142 
95.9056 
95.4639 
94.8252 
94.1116 
93.4947 
93.135 
93.1239 
93.4844 
94.1756 
95.0583 
95.9171 
96.5403 
96.7969 
96.6508 
96.194 
95.7075 
95.4908 
95.6678 
96.2687 
97.2335 
98.1265 
98.3137 
97.5094 
95.7351 
93.156 
90.1502 
87.2369 
84.876 
83.3077 
82.5865 
82.8179 
83.5748 
83.8622 
83.3933 
82.3553 
80.8264 
78.9798 
76.9938 
74.9436 
72.7682 
70.2837 
67.2819 
63.6885 
59.6421 
55.4771 
51.6201 
48.4283 
46.1358 
44.8915 
44.5274 
44.5753 
44.7616 
44.9902 
45.1537 
45.2586 
45.4629 
45.9822 
46.9608 
48.4048 
50.1785 
52.0302 
53.6618 
54.8132 
55.3297 
55.168 
54.3573 
52.9982 
51.2483 
49.2865 
47.3035 
45.4991 
44.0621 
43.1342 
42.785 
43.0297 
43.7748 
44.7726 
45.7561 
46.5385 
47.0305 
47.2632 
47.3262 
47.2674 
47.1287 
46.9585 
46.7198 
46.3359 
45.7877 
45.1337 
44.5065 
44.0813 
43.9951 
44.2922 
44.9292 
45.7549 
46.5306 
47.0259 
47.1052 
46.7333 
45.9603 
44.9463 
43.9085 
43.0154 
42.3468 
41.9119 
41.6712 
41.5561 
41.5136 
41.528 
41.6316 
41.9128 
42.4547 
43.2697 
44.285 
45.3537 
46.2929 
46.9454 
47.2269 
47.1182 
46.6963 
46.1532 
45.6679 
45.3232 
45.1151 
44.9626 
44.7431 
44.3599 
43.8027 
43.17 
42.6901 
42.6174 
43.0584 
43.9839 
45.2584 
46.6259 
47.7742 
48.4535 
48.5558 
48.0638 
47.0398 
45.6801 
44.2416 
42.9133 
41.7767 
40.8421 
40.0785 
39.4365 
38.8951 
38.4833 
38.2512 
38.2264 
38.413 
38.7779 
39.2143 
39.5759 
39.7668 
39.7741 
39.6108 
39.3094 
38.9407 
38.5652 
38.2019 
37.849 
37.5033 
37.1631 
36.8345 
36.5358 
36.2867 
36.0921 
35.9375 
35.7927 
35.6289 
35.439 
35.2749 
35.2273 
35.3424 
35.6273 
36.0781 
36.6565 
37.284 
37.8663 
38.3254 
38.622 
38.7517 
38.7232 
38.5672 
38.3336 
38.044 
37.6838 
37.2295 
36.6742 
36.0429 
35.3887 
34.7809 
34.2886 
33.9796 
33.912 
34.1093 
34.569 
35.2725 
36.1718 
37.1727 
38.1267 
38.8418 
39.1553 
39.0032 
38.3552 
37.2197 
35.7666 
34.2848 
33.0484 
32.2449 
31.9566 
32.1954 
32.8491 
33.6576 
34.3768 
34.853 
35.0015 
34.8004 
34.2766 
33.5234 
32.6914 
31.9523 
31.4711 
31.3601 
31.654 
32.3254 
33.2761 
34.345 
35.351 
36.1321 
36.5888 
36.6949 
36.4519 
35.881 
35.0514 
34.0674 
33.0504 
32.1331 
31.4479 
31.0898 
31.0902 
31.4756 
32.2829 
33.4825 
34.9723 
36.6084 
38.211 
39.5815 
40.5388 
40.9711 
40.8467 
40.2245 
39.2789 
38.2315 
37.2709 
36.5246 
36.0447 
35.8275 
35.8836 
36.0869 
36.1715 
36.0721 
35.8265 
35.4064 
34.8103 
34.0888 
33.3331 
32.6389 
32.0753 
31.6776 
31.451 
31.3869 
31.4808 
31.7289 
32.1089 
32.5658 
33.0043 
33.292 
33.312 
33.0227 
32.4449 
31.6614 
30.8244 
30.1133 
29.6657 
29.5371 
29.7351 
30.2246 
30.8892 
31.5551 
32.0435 
32.2274 
32.0649 
31.5488 
30.7062 
29.6594 
28.5985 
27.7088 
27.1238 
26.9056 
27.0646 
27.5207 
28.0892 
28.6121 
29.0232 
29.3225 
29.5752 
29.8943 
30.3905 
31.1209 
32.0701 
33.1441 
34.176 
34.9691 
35.3858 
35.389 
34.9845 
34.2132 
33.1866 
32.0415 
30.8889 
29.806 
28.8441 
28.0391 
27.4187 
27.0039 
26.795 
26.7739 
26.9308 
27.2542 
27.6996 
28.1839 
28.5911 
28.8172 
28.8217 
28.5712 
28.028 
27.2469 
26.3688 
25.5607 
24.9924 
24.7848 
24.976 
25.566 
26.5122 
27.6737 
28.8444 
29.8255 
30.4709 
30.7091 
30.5258 
29.9918 
29.2804 
28.5617 
27.9359 
27.444 
27.0841 
26.8289 
26.6355 
26.4919 
26.4334 
26.4864 
26.6919 
27.1309 
27.8419 
28.7769 
29.8232 
30.8354 
31.6726 
32.2288 
32.4503 
32.3262 
31.9003 
31.277 
30.5567 
29.8075 
29.0879 
28.4542 
27.954 
27.6165 
27.4529 
27.4909 
27.6487 
27.7252 
27.6587 
27.4056 
26.8128 
25.825 
24.5675 
23.2945 
22.3074 
21.8011 
21.7985 
22.2757 
23.1512 
24.1913 
25.1251 
25.7826 
26.1152 
26.2015 
26.1889 
26.196 
26.3047 
26.5502 
26.8961 
27.2487 
27.4828 
27.4983 
27.2617 
26.7931 
26.1694 
25.5287 
25.0528 
24.8974 
25.1178 
25.6891 
26.5116 
27.4015 
28.1433 
28.5852 
28.6849 
28.4475 
27.9186 
27.2257 
26.5254 
25.9292 
25.4848 
25.1942 
25.0288 
24.9408 
24.884 
24.8312 
24.7737 
24.7124 
24.6533 
24.6044 
24.5702 
24.5482 
24.5266 
24.4827 
24.3929 
24.2488 
24.0635 
23.8692 
23.7175 
23.6609 
23.7204 
23.8939 
24.1697 
24.5201 
24.9015 
25.2583 
25.5278 
25.6601 
25.6368 
25.4422 
25.0583 
24.5222 
23.9471 
23.5106 
23.3789 
23.6138 
24.191 
25.012 
25.897 
26.5929 
26.8564 
26.5858 
25.8001 
24.6079 
23.238 
22.0034 
21.2024 
21.0124 
21.4805 
22.5438 
23.9908 
25.5005 
26.7479 
27.5206 
27.7645 
27.4878 
26.7598 
25.7849 
24.8377 
24.1609 
23.8995 
24.094 
24.6984 
25.5638 
26.4727 
27.2118 
27.6342 
27.6864 
27.3628 
26.6958 
25.7892 
24.7896 
23.8328 
23.0151 
22.3809 
21.9211 
21.5864 
21.3178 
21.0674 
20.8064 
20.5249 
20.2322 
19.9582 
19.7707 
19.7528 
19.9418 
20.3354 
20.9129 
21.6169 
22.3562 
23.0215 
23.5073 
23.7479 
23.6648 
23.3896 
23.303 
23.5259 
23.9713 
24.5767 
25.2251 
25.7489 
26.0028 
25.9351 
25.5624 
24.9806 
24.3949 
24.0187 
23.9649 
24.2585 
24.8476 
25.5622 
26.1568 
26.4398 
26.3458 
25.8203 
24.7899 
23.3119 
21.5689 
19.7855 
18.2065 
17.0626 
16.5059 
16.5821 
17.2568 
18.3883 
19.7137 
20.9293 
21.7996 
22.2304 
22.3233 
22.2914 
22.2705 
22.3475 
22.6205 
23.106 
23.6998 
24.2118 
24.4759 
24.4388 
24.0999 
23.5021 
22.7818 
22.0995 
21.5571 
21.1872 
20.9581 
20.7895 
20.5898 
20.2952 
19.8966 
19.4506 
19.0696 
18.8607 
18.8658 
19.1198 
19.6628 
20.4357 
21.285 
22.0398 
22.5617 
22.8115 
22.8396 
22.6819 
22.3739 
22.0041 
21.66 
21.3788 
21.157 
20.9654 
20.7674 
20.5436 
20.2956 
20.0382 
19.7931 
19.6133 
19.5777 
19.7266 
20.0768 
20.6546 
21.4634 
22.4525 
23.506 
24.4632 
25.1616 
25.492 
25.4216 
24.9822 
24.2886 
23.5232 
22.8619 
22.4115 
22.1971 
22.1536 
22.1698 
22.1703 
22.108 
21.9523 
21.7139 
21.4383 
21.174 
20.945 
20.753 
20.5872 
20.4309 
20.2642 
20.0592 
19.7748 
19.3675 
18.81 
18.1027 
17.3105 
16.613 
16.2142 
16.2022 
16.6601 
17.6895 
19.1983 
20.9381 
22.6625 
24.1675 
25.3223 
26.0762 
26.4424 
26.4651 
26.1697 
25.5598 
24.6443 
23.4555 
22.0802 
20.681 
19.4758 
18.6697 
18.3813 
18.6435 
19.3573 
20.2349 
20.9488 
21.3375 
21.4204 
21.2434 
20.8807 
20.5293 
20.3875 
20.5236 
20.9151 
21.4823 
22.1071 
22.6841 
23.144 
23.4475 
23.5741 
23.5167 
23.2677 
22.8188 
22.1982 
21.4917 
20.8254 
20.3508 
20.1451 
20.1539 
20.3409 
20.6138 
20.7461 
20.6125 
20.195 
19.4963 
18.6109 
17.7394 
17.1217 
16.9283 
17.2115 
17.9221 
18.9006 
19.9254 
20.8109 
21.4645 
21.9019 
22.2213 
22.5349 
22.9045 
23.3203 
23.6654 
23.7697 
23.5519 
23.0246 
22.2629 
21.4164 
20.6671 
20.1627 
19.9764 
20.1226 
20.5181 
20.9182 
21.0703 
20.8817 
20.3651 
19.5986 
18.7513 
18.0896 
17.8676 
18.1821 
19.0026 
20.2032 
21.5532 
22.7822 
23.6662 
24.0854 
24.0101 
23.5058 
22.7549 
21.963 
21.2672 
20.7295 
20.3562 
20.1148 
19.9456 
19.7846 
19.583 
19.3152 
18.9774 
18.5872 
18.1816 
17.8137 
17.5534 
17.4636 
17.5676 
17.8569 
18.2953 
18.8149 
19.3428 
19.8321 
20.275 
20.7025 
21.1654 
21.6965 
22.2879 
22.8736 
23.2923 
23.3602 
23.0016 
22.2404 
21.1812 
20.0168 
18.9755 
18.251 
17.9508 
18.1028 
18.6643 
19.5084 
20.4732 
21.4147 
22.2168 
22.7926 
23.0982 
23.1339 
22.9064 
22.4382 
21.8081 
21.1379 
20.5502 
20.1345 
19.9187 
19.8869 
20.0257 
20.3234 
20.7566 
21.3082 
21.9735 
22.7395 
23.5546 
24.3091 
24.827 
24.9412 
24.5894 
23.7963 
22.6653 
21.3924 
20.2082 
19.297 
18.7457 
18.5586 
18.7176 
19.1243 
19.5698 
19.8913 
20.0226 
19.9442 
19.6664 
19.2307 
18.7097 
18.1783 
17.6932 
17.2918 
16.9998 
16.8391 
16.8253 
16.9637 
17.2506 
17.6678 
18.1742 
18.7066 
19.1883 
19.5436 
19.7219 
19.7077 
19.5082 
19.1609 
18.7508 
18.4298 
18.3658 
18.6322 
19.2208 
20.0766 
21.0738 
22.0209 
22.679 
22.848 
22.4574 
21.538 
20.2152 
18.7287 
17.3854 
16.4774 
16.0834 
16.0515 
16.2706 
16.644 
16.9863 
17.1779 
17.2323 
17.2239 
17.2441 
17.4042 
17.7746 
18.336 
18.9789 
19.5208 
19.8077 
19.7881 
19.4475 
18.7996 
17.9624 
17.115 
16.4102 
15.9461 
15.7678 
15.8826 
16.2617 
16.8451 
17.5672 
18.3474 
19.0693 
19.5952 
19.821 
19.7132 
19.3146 
18.7678 
18.2907 
18.0648 
18.1575 
18.6057 
19.4246 
20.4779 
21.5223 
22.3358 
22.8005 
22.9098 
22.6851 
22.1623 
21.409 
20.484 
19.4179 
18.2346 
16.9804 
15.7444 
14.6566 
13.8619 
13.4641 
13.4957 
13.9489 
14.7722 
15.844 
17.0072 
18.1193 
19.081 
19.849 
20.4384 
20.9092 
21.3329 
21.7613 
22.2113 
22.6615 
23.0586 
23.3341 
23.4335 
23.338 
23.0497 
22.5879 
22.0028 
21.365 
20.745 
20.1983 
19.7566 
19.4257 
19.1859 
18.9972 
18.8155 
18.6127 
18.3864 
18.1619 
17.9849 
17.8944 
17.9032 
18.0061 
18.1776 
18.3649 
18.5079 
18.5668 
18.5298 
18.4035 
18.2085 
17.9687 
17.6971 
17.4025 
17.1099 
16.8752 
16.7593 
16.789 
16.9891 
17.3847 
17.9214 
18.4649 
18.882 
19.0964 
19.1388 
19.1176 
19.0913 
19.1079 
19.2951 
19.7442 
20.4015 
21.0964 
21.6085 
21.7674 
21.5173 
20.8927 
20.0139 
19.0684 
18.2471 
17.6897 
17.4617 
17.5741 
17.9424 
18.3718 
18.6945 
18.8603 
18.8967 
18.8287 
18.6865 
18.559 
18.5414 
18.6675 
18.9294 
19.2955 
19.7057 
20.0832 
20.3389 
20.3932 
20.2151 
19.8106 
19.2094 
18.4754 
17.7042 
17.0121 
16.5138 
16.2598 
16.2201 
16.3662 
16.6599 
16.9997 
17.2746 
17.4263 
17.4683 
17.4612 
17.4856 
17.6527 
18.0547 
18.7052 
19.5292 
20.3766 
21.0651 
21.4699 
21.5655 
21.3611 
20.9017 
20.3182 
19.7742 
19.3884 
19.2039 
19.1669 
19.1789 
19.1614 
19.041 
18.7836 
18.43 
18.0745 
17.8369 
17.8092 
18.0212 
18.4511 
19.0192 
19.592 
20.0222 
20.2066 
20.1135 
19.7802 
19.3279 
18.9334 
18.735 
18.7801 
19.0784 
19.6018 
20.2161 
20.7253 
20.9879 
20.9617 
20.6428 
20.0581 
19.3188 
18.5825 
17.9789 
17.5777 
17.3844 
17.3376 
17.3448 
17.3263 
17.2128 
16.9767 
16.6603 
16.3837 
16.2881 
16.4335 
16.8096 
17.3638 
17.9935 
18.5775 
19.0225 
19.2917 
19.393 
19.3414 
19.2024 
19.0956 
19.0798 
19.1552 
19.3072 
19.4915 
19.6557 
19.7699 
19.8311 
19.8514 
19.8405 
19.8085 
19.7625 
19.682 
19.526 
19.2588 
18.8631 
18.3456 
17.7375 
17.091 
16.4676 
15.9259 
15.5154 
15.2725 
15.2159 
15.3499 
15.6638 
16.1187 
16.6471 
17.1669 
17.6013 
17.9005 
18.0512 
18.0888 
18.0786 
18.0738 
18.1297 
18.309 
18.6347 
19.0727 
19.5462 
19.9633 
20.2495 
20.3667 
20.3075 
20.1041 
19.8288 
19.5449 
19.2877 
19.0859 
18.9694 
18.9603 
19.0656 
19.2714 
19.5322 
19.7593 
19.8567 
19.7788 
19.4862 
18.9383 
18.1917 
17.412 
16.8058 
16.5265 
16.6228 
17.083 
17.8269 
18.6635 
19.3527 
19.7495 
19.8518 
19.687 
19.3204 
18.9351 
18.7131 
18.7176 
18.9781 
19.5029 
20.169 
20.7748 
21.1726 
21.3042 
21.1648 
20.7974 
20.3097 
19.8284 
19.4483 
19.21 
19.0906 
19.0338 
19.0015 
18.9845 
18.9833 
19.0245 
19.1703 
19.4722 
19.9363 
20.521 
21.1317 
21.6315 
21.9035 
21.9049 
21.6047 
20.9713 
20.0658 
19.0303 
18.0221 
17.1861 
16.631 
16.375 
16.3537 
16.5248 
16.8563 
17.272 
17.6942 
18.0788 
18.4113 
18.7009 
18.9675 
19.2223 
19.4629 
19.6775 
19.8464 
19.9479 
19.9673 
19.9004 
19.7528 
19.5456 
19.314 
19.1007 
18.9471 
18.8809 
18.9105 
19.0407 
19.2774 
19.6108 
20.0125 
20.4346 
20.8046 
21.0311 
21.0396 
20.8049 
20.3458 
19.7364 
19.1122 
18.6324 
18.4112 
18.4838 
18.8083 
19.2492 
19.6174 
19.7724 
19.6699 
19.3359 
18.8778 
18.4883 
18.334 
18.4705 
18.8921 
19.5344 
20.2257 
20.7455 
20.9361 
20.7482 
20.2146 
19.4405 
18.5673 
17.7135 
16.9543 
16.3328 
15.8872 
15.6552 
15.6562 
15.9045 
16.4044 
17.1024 
17.8902 
18.6456 
19.2679 
19.7098 
19.9892 
20.1741 
20.3373 
20.5109 
20.6649 
20.7396 
20.7004 
20.486 
20.0059 
19.2719 
18.4124 
17.5956 
16.982 
16.6737 
16.7004 
17.0323 
17.5684 
18.155 
18.6353 
18.9097 
18.958 
18.7871 
18.432 
17.9939 
17.5965 
17.3242 
17.2034 
17.19 
17.2093 
17.1749 
16.9681 
16.5311 
15.9298 
15.3181 
14.889 
14.7863 
15.0557 
15.6598 
16.4761 
17.3323 
18.0883 
18.6753 
19.0878 
19.3695 
19.5925 
19.8127 
19.9995 
20.0507 
19.9058 
19.5492 
18.9853 
18.2795 
17.568 
17.0214 
16.7671 
16.8452 
17.2406 
17.8716 
18.5637 
19.1054 
19.348 
19.2461 
18.8191 
18.1512 
17.3958 
16.7177 
16.2382 
16.0153 
16.0618 
16.3396 
16.7508 
17.194 
17.5873 
17.8587 
17.9898 
18.0179 
17.9685 
17.8797 
17.8248 
17.8403 
17.9654 
18.2623 
18.7058 
19.1777 
19.5436 
19.7112 
19.6524 
19.3797 
18.9564 
18.5172 
18.2237 
18.1847 
18.4316 
18.9224 
19.5175 
20.0145 
20.2575 
20.1951 
19.8102 
19.1106 
18.2137 
17.3119 
16.586 
16.1524 
16.0496 
16.2806 
16.8228 
17.6015 
18.4984 
19.3751 
20.0846 
20.4958 
20.5308 
20.1687 
19.443 
18.4684 
17.4237 
16.5 
15.8563 
15.583 
15.7038 
16.1641 
16.8027 
17.4152 
17.8356 
18.0223 
18.0524 
17.9825 
17.8636 
17.7841 
17.7859 
17.8825 
18.0697 
18.2606 
18.3511 
18.3045 
18.1153 
17.8085 
17.4862 
17.2728 
17.2346 
17.3855 
17.6904 
18.0377 
18.2788 
18.3104 
18.1009 
17.6805 
17.1453 
16.6275 
16.2395 
16.0446 
16.0595 
16.269 
16.6309 
17.1001 
17.6476 
18.2482 
18.8642 
19.4376 
19.8662 
20.0263 
19.8577 
19.3657 
18.6034 
17.6948 
16.8249 
16.1885 
15.9155 
16.0444 
16.5398 
17.2838 
18.1039 
18.8328 
19.3477 
19.5888 
19.5426 
19.2498 
18.8172 
18.3613 
17.9766 
17.7494 
17.7415 
17.9731 
18.4326 
19.0711 
19.7902 
20.4571 
20.9382 
21.172 
21.1853 
21.0065 
20.6746 
20.2889 
19.9365 
19.6979 
19.6298 
19.6748 
19.7476 
19.7941 
19.7408 
19.5458 
19.2596 
18.9457 
18.6814 
18.5633 
18.6354 
18.9633 
19.6335 
20.5942 
21.6282 
22.4523 
22.8532 
22.7634 
22.1982 
21.2593 
20.1762 
19.2092 
18.5371 
18.2379 
18.3674 
18.733 
18.8914 
18.6867 
18.1563 
17.3 
16.225 
15.1629 
14.4005 
14.1528 
14.489 
15.358 
16.5864 
17.9115 
19.0711 
19.8699 
20.2107 
20.0738 
19.5521 
18.8734 
18.2651 
17.8827 
17.8175 
18.0955 
18.6956 
19.5438 
20.5181 
21.4702 
22.2469 
22.7321 
22.8778 
22.6771 
22.1631 
21.4411 
20.6551 
19.9225 
19.3036 
18.8013 
18.3682 
17.9202 
17.3789 
16.7193 
15.9889 
15.301 
14.8215 
14.6983 
14.9847 
15.6571 
16.6186 
17.6896 
18.6658 
19.3953 
19.8233 
19.9689 
19.8603 
19.5879 
19.3204 
19.1506 
19.085 
19.1216 
19.2221 
19.3086 
19.3419 
19.3417 
19.3358 
19.3391 
19.354 
19.3683 
19.3696 
19.3218 
19.1615 
18.8636 
18.4531 
17.9805 
17.5149 
17.1228 
16.8411 
16.6689 
16.5745 
16.5028 
16.3976 
16.2394 
16.0697 
15.9595 
15.9466 
16.0802 
16.4292 
16.9791 
17.6458 
18.3162 
18.8319 
19.0481 
18.9045 
18.3634 
17.4116 
16.1938 
14.9967 
14.1306 
13.8118 
14.1064 
14.9762 
16.2672 
17.7047 
18.9877 
19.8841 
20.3211 
20.3597 
20.0476 
19.4356 
18.6608 
17.8873 
17.2446 
16.8172 
16.617 
16.5956 
16.721 
16.969 
17.2797 
17.5914 
17.8762 
18.1456 
18.4432 
18.8225 
19.3209 
19.9439 
20.6602 
21.4057 
22.0949 
22.6368 
22.9567 
23.0156 
22.8045 
22.3438 
21.7048 
21.0059 
20.3872 
19.9819 
19.8747 
20.09 
20.5995 
21.308 
22.0702 
22.7402 
23.2098 
23.4532 
23.5162 
23.4354 
23.2304 
22.9319 
22.5601 
22.1269 
21.6637 
21.2385 
20.9612 
20.9335 
21.1925 
21.7176 
22.4243 
23.1532 
23.7142 
23.9699 
23.8775 
23.4496 
22.7499 
21.9049 
21.0524 
20.2997 
19.7222 
19.3775 
19.306 
19.5209 
20.0134 
20.742 
21.6156 
22.5012 
23.2534 
23.7523 
23.9336 
23.7809 
23.34 
22.7371 
22.1149 
21.5745 
21.1697 
20.9135 
20.786 
20.7434 
20.7352 
20.7172 
20.6517 
20.4988 
20.2115 
19.7477 
19.0986 
18.3028 
17.4477 
16.6628 
16.0973 
15.8642 
16.0019 
16.5147 
17.3695 
18.4404 
19.5371 
20.4717 
21.1028 
21.3599 
21.2264 
20.7409 
20.0116 
19.1672 
18.3151 
17.5407 
16.9094 
16.4734 
16.2688 
16.3089 
16.6041 
17.163 
17.9524 
18.8805 
19.8149 
20.6116 
21.1541 
21.3809 
21.2769 
20.8857 
20.3277 
19.7392 
19.2083 
18.7645 
18.4018 
18.1042 
17.8572 
17.6888 
17.669 
17.8414 
18.2252 
18.8309 
19.6252 
20.5141 
21.3554 
21.9918 
22.3124 
22.2833 
21.9248 
21.316 
20.5901 
19.8833 
19.2905 
18.8553 
18.5837 
18.465 
18.4893 
18.6262 
18.8222 
19.0545 
19.3433 
19.7208 
20.202 
20.767 
21.3586 
21.8866 
22.2503 
22.3803 
22.2561 
21.9119 
21.4484 
20.988 
20.6215 
20.3889 
20.2887 
20.309 
20.401 
20.4791 
20.5032 
20.4768 
20.416 
20.3482 
20.2904 
20.2525 
20.2477 
20.2817 
20.3637 
20.5246 
20.8003 
21.2032 
21.712 
22.2694 
22.7859 
23.1586 
23.3132 
23.2267 
22.9183 
22.4612 
21.9801 
21.6112 
21.4473 
21.5162 
21.7978 
22.2165 
22.6486 
22.9733 
23.1376 
23.1584 
23.0567 
22.8557 
22.6018 
22.3282 
22.0402 
21.7328 
21.4027 
21.064 
20.7966 
20.7214 
20.8986 
21.3193 
21.9227 
22.5796 
23.1149 
23.398 
23.4008 
23.1321 
22.6436 
22.0849 
21.6226 
21.3405 
21.2434 
21.3129 
21.4755 
21.6017 
21.6291 
21.5598 
21.4094 
21.2168 
21.0254 
20.8611 
20.7311 
20.6341 
20.5749 
20.5657 
20.6149 
20.7273 
20.9045 
21.1344 
21.386 
21.6122 
21.7585 
21.784 
21.6753 
21.4417 
21.1164 
20.7528 
20.4089 
20.1367 
19.9753 
19.9198 
19.9249 
19.9645 
20.0187 
20.0514 
20.0446 
19.9835 
19.8461 
19.6417 
19.4096 
19.1975 
19.0487 
18.9876 
19.0204 
19.1277 
19.2573 
19.359 
19.4129 
19.4312 
19.4601 
19.5723 
19.8375 
20.2904 
20.9171 
21.6499 
22.3703 
22.9401 
23.2632 
23.3132 
23.0932 
22.6314 
22.0068 
21.3212 
20.6614 
20.0874 
19.6324 
19.3083 
19.1087 
19.0196 
19.0349 
19.1456 
19.3346 
19.5921 
19.9108 
20.2694 
20.6273 
20.9324 
21.1404 
21.2376 
21.2543 
21.2504 
21.3013 
21.4884 
21.8495 
22.3461 
22.8724 
23.2803 
23.4478 
23.3308 
22.9025 
22.1427 
21.1288 
20.0175 
18.9676 
18.0984 
17.4693 
17.0859 
16.9276 
16.9793 
17.1696 
17.3492 
17.4355 
17.44 
17.3773 
17.2673 
17.1597 
17.1007 
17.1049 
17.1829 
17.3497 
17.6001 
17.9222 
18.3094 
18.7466 
19.1944 
19.5835 
19.8255 
19.8505 
19.6357 
19.2008 
18.6211 
18.0278 
17.5698 
17.3525 
17.4083 
17.7189 
18.2098 
18.7473 
19.1861 
19.436 
19.481 
19.3296 
19.0107 
18.603 
18.2068 
17.9198 
17.8172 
17.9255 
18.2388 
18.7323 
19.3539 
20.0265 
20.6589 
21.1699 
21.5146 
21.6971 
21.7504 
21.6964 
21.5558 
21.3615 
21.1288 
20.8564 
20.5445 
20.2002 
19.8463 
19.5233 
19.2804 
19.1444 
19.1085 
19.163 
19.2915 
19.449 
19.5859 
19.6778 
19.7336 
19.7972 
19.9407 
20.2344 
20.7123 
21.3564 
22.0778 
22.7001 
23.047 
23.0472 
22.6736 
21.948 
21.0571 
20.2841 
19.8211 
19.7116 
19.9441 
20.4532 
21.0552 
21.537 
21.7741 
21.734 
21.4908 
21.2544 
21.2214 
21.4533 
21.9096 
22.4509 
22.8601 
22.9604 
22.6931 
22.0998 
21.3195 
20.5517 
19.9682 
19.6419 
19.5548 
19.6831 
19.9947 
20.4069 
20.8152 
21.1233 
21.2647 
21.2166 
20.9715 
20.5378 
19.9816 
19.4089 
18.9109 
18.5332 
18.278 
18.1181 
18.0196 
17.9689 
17.9665 
18.0308 
18.2025 
18.5134 
18.9741 
19.5676 
20.2385 
20.9159 
21.5405 
22.0768 
22.5113 
22.8404 
23.0578 
23.153 
23.1184 
22.9493 
22.6483 
22.2453 
21.8018 
21.3992 
21.1211 
20.9988 
21.0006 
21.1011 
21.2715 
21.4367 
21.5256 
21.5152 
21.3864 
21.1106 
20.6969 
20.1872 
19.6324 
19.0943 
18.6393 
18.325 
18.168 
18.1432 
18.2329 
18.418 
18.6469 
18.858 
19.009 
19.0868 
19.1104 
19.1288 
19.2131 
19.4414 
19.872 
20.5139 
21.3135 
22.1571 
22.8862 
23.3427 
23.4297 
23.1212 
22.461 
21.5941 
20.7341 
20.0787 
19.7147 
19.6143 
19.7454 
20.0591 
20.4328 
20.7408 
20.9201 
20.9793 
20.9839 
21.022 
21.1656 
21.4391 
21.8048 
22.1272 
22.2267 
22.0214 
21.5126 
20.7307 
19.7742 
18.8251 
18.1068 
17.7833 
17.9062 
18.4623 
19.3749 
20.4804 
21.5909 
22.5605 
23.3022 
23.7828 
24.0179 
24.0851 
24.085 
24.0613 
24.0215 
23.9768 
23.924 
23.837 
23.6855 
23.4602 
23.1861 
22.9187 
22.7294 
22.673 
22.7669 
22.9961 
23.3016 
23.5604 
23.6427 
23.4977 
23.1439 
22.6636 
22.2199 
21.9697 
21.9754 
22.2715 
22.8675 
23.628 
24.316 
24.7359 
24.7972 
24.4833 
23.8397 
23.0116 
22.1935 
21.5423 
21.1347 
20.9786 
21.0597 
21.3005 
21.5508 
21.7244 
21.831 
21.9194 
22.0542 
22.2878 
22.6385 
23.0824 
23.5567 
23.9747 
24.2569 
24.3836 
24.3928 
24.311 
24.1586 
23.9743 
23.7828 
23.5862 
23.3808 
23.1643 
22.9454 
22.7737 
22.7204 
22.8184 
23.0675 
23.458 
23.9582 
24.5125 
25.0528 
25.5139 
25.844 
26.0137 
26.0162 
25.8316 
25.4021 
24.6726 
23.6285 
22.3015 
20.7787 
19.2163 
17.8303 
16.8532 
16.4481 
16.6654 
17.4845 
18.8039 
20.4129 
22.0523 
23.4909 
24.5672 
25.2064 
25.465 
25.4841 
25.3359 
25.0332 
24.5978 
24.0469 
23.4054 
22.745 
22.2003 
21.9074 
21.9257 
22.2924 
23.0187 
23.9674 
24.8989 
25.6154 
26.0326 
26.1641 
26.0421 
25.7519 
25.4475 
25.2086 
25.0145 
24.7991 
24.4772 
23.9963 
23.3684 
22.6901 
22.1419 
21.8848 
21.9728 
22.3786 
22.9747 
23.5183 
23.7966 
23.7394 
23.3595 
22.7592 
22.1806 
21.8451 
21.8149 
22.083 
22.5707 
23.0464 
23.2822 
23.2045 
22.7982 
22.0903 
21.2426 
20.4734 
19.9346 
19.6926 
19.7547 
20.0377 
20.3771 
20.6622 
20.8719 
21.0323 
21.2036 
21.4479 
21.7999 
22.2577 
22.7844 
23.3201 
23.8069 
24.2093 
24.5192 
24.7544 
24.9517 
25.1475 
25.356 
25.5617 
25.7222 
25.7937 
25.757 
25.601 
25.3244 
24.975 
24.6364 
24.3832 
24.2572 
24.269 
24.3949 
24.5434 
24.6011 
24.5209 
24.3016 
23.9554 
23.5395 
23.179 
23.002 
23.062 
23.3846 
23.9654 
24.669 
25.2616 
25.5567 
25.4899 
25.0303 
24.1682 
23.0329 
21.8533 
20.8431 
20.1504 
19.8421 
19.9289 
20.3258 
20.8386 
21.2944 
21.5984 
21.7054 
21.605 
21.3253 
20.9481 
20.5807 
20.3306 
20.2799 
20.4557 
20.842 
21.3814 
21.981 
22.5424 
22.9901 
23.2892 
23.4497 
23.5156 
23.5387 
23.5561 
23.583 
23.6206 
23.6661 
23.7242 
23.8206 
24.0095 
24.3498 
24.8626 
25.5088 
26.1854 
26.691 
26.7961 
26.4009 
25.521 
24.2455 
22.7603 
21.3207 
20.1899 
19.5377 
19.3983 
19.7606 
20.5648 
21.6245 
22.6782 
23.482 
23.8806 
23.8286 
23.3613 
22.6097 
21.7937 
21.1536 
20.8567 
20.9543 
21.4303 
22.1933 
23.0402 
23.7246 
24.075 
24.0392 
23.6571 
23.0648 
22.4597 
22.0008 
21.7467 
21.6712 
21.7401 
21.9096 
22.1121 
22.3401 
22.6462 
23.0716 
23.6207 
24.2445 
24.8372 
25.2551 
25.3783 
25.1649 
24.6349 
23.8659 
22.9973 
22.1967 
21.6178 
21.3328 
21.321 
21.5558 
21.9982 
22.5474 
23.0868 
23.535 
23.8587 
24.0749 
24.2282 
24.327 
24.3358 
24.2317 
23.9988 
23.6137 
23.074 
22.4284 
21.7915 
21.3136 
21.0816 
21.0829 
21.2913 
21.6606 
22.0698 
22.3916 
22.5717 
22.6228 
22.5669 
22.4385 
22.3175 
22.2765 
22.3385 
22.5072 
22.786 
23.1677 
23.6246 
24.1002 
24.5093 
24.7643 
24.814 
24.6461 
24.2924 
23.859 
23.5044 
23.3572 
23.4638 
23.8495 
24.525 
25.3932 
26.2692 
26.9614 
27.3465 
27.4002 
27.131 
26.5826 
25.8884 
25.2271 
24.7487 
24.5352 
24.6073 
24.9188 
25.3403 
25.7275 
25.9854 
26.0729 
25.9857 
25.7548 
25.4429 
25.1015 
24.7459 
24.3569 
23.8824 
23.2654 
22.491 
21.6104 
20.7452 
20.1289 
20.027 
20.558 
21.6938 
23.288 
25.046 
26.5734 
27.5153 
27.6924 
27.0679 
25.7446 
24.0534 
22.45 
21.3163 
20.8556 
21.1117 
21.9252 
22.9203 
23.7687 
24.3243 
24.5383 
24.4072 
24.0147 
23.5386 
23.1105 
22.7699 
22.5207 
22.3685 
22.3293 
22.4124 
22.6305 
23.0048 
23.5397 
24.19 
24.8407 
25.3399 
25.5757 
25.5131 
25.1674 
24.6132 
24.0048 
23.5533 
23.4416 
23.7358 
24.4223 
25.444 
26.6852 
27.9885 
29.1815 
30.1038 
30.6464 
30.7709 
30.474 
29.7856 
28.8033 
27.6715 
26.539 
25.5362 
24.7623 
24.279 
24.0713 
24.0602 
24.2016 
24.4645 
24.7694 
25.0344 
25.2164 
25.3069 
25.3311 
25.3309 
25.3275 
25.3225 
25.3013 
25.2166 
25.0138 
24.6775 
24.2528 
23.8361 
23.5462 
23.4699 
23.6343 
24.0149 
24.5302 
25.0635 
25.5143 
25.83 
26.0156 
26.1232 
26.2232 
26.3702 
26.5836 
26.8415 
27.0639 
27.1451 
27.0355 
26.7415 
26.3069 
25.8262 
25.4277 
25.2128 
25.2144 
25.4288 
25.8127 
26.2514 
26.6017 
26.7864 
26.8148 
26.7091 
26.5043 
26.2826 
26.1276 
26.0828 
26.159 
26.345 
26.6085 
26.9097 
27.2212 
27.5345 
27.8443 
28.1356 
28.3423 
28.356 
28.118 
27.6038 
26.8131 
25.8229 
24.7887 
23.9236 
23.4213 
23.374 
23.7983 
24.6312 
25.6717 
26.6444 
27.3191 
27.5721 
27.3742 
26.8164 
26.1353 
25.5853 
25.3193 
25.3825 
25.7842 
26.5086 
27.4473 
28.4268 
29.2737 
29.8525 
30.0915 
29.9723 
29.556 
29.0175 
28.566 
28.3414 
28.3881 
28.6994 
29.2129 
29.7687 
30.1551 
30.2133 
29.8915 
29.2224 
28.3159 
27.3341 
26.4331 
25.7247 
25.2646 
25.0676 
25.1338 
25.4028 
25.7284 
25.9727 
26.0628 
25.9765 
25.7282 
25.374 
25.008 
24.7184 
24.5475 
24.4781 
24.4449 
24.3778 
24.2502 
24.1073 
24.0292 
24.0599 
24.2902 
24.8816 
25.8885 
27.2088 
28.6315 
29.8735 
30.6603 
30.8234 
30.3167 
29.2058 
27.7061 
26.1303 
24.7636 
23.7844 
23.2345 
23.0122 
22.962 
23.0105 
23.098 
23.15 
23.2095 
23.394 
23.7914 
24.431 
25.267 
26.1894 
27.0641 
27.7585 
28.1581 
28.2762 
28.2614 
28.2146 
28.165 
28.1389 
28.2086 
28.4542 
28.8463 
29.312 
29.7984 
30.2529 
30.5775 
30.6371 
30.3674 
29.7687 
28.8653 
27.7462 
26.5918 
25.6354 
25.0543 
24.9069 
25.1944 
25.8623 
26.7383 
27.5864 
28.1822 
28.3676 
28.091 
27.3726 
26.2888 
24.9822 
23.6518 
22.5345 
21.8564 
21.7578 
22.2777 
23.3597 
24.8154 
26.3625 
27.7212 
28.6852 
29.1545 
29.1107 
28.6598 
28.0455 
27.4841 
27.0876 
26.9046 
26.9416 
27.1391 
27.3677 
27.5162 
27.5312 
27.397 
27.1258 
26.7584 
26.3542 
25.9726 
25.6616 
25.4521 
25.358 
25.3821 
25.5099 
25.7067 
25.9344 
26.155 
26.3134 
26.3491 
26.2347 
25.974 
25.5947 
25.1626 
24.7877 
24.5758 
24.5693 
24.7997 
25.2969 
26.0025 
26.798 
27.5739 
28.2441 
28.7532 
29.0797 
29.2263 
29.2005 
29.0325 
28.7854 
28.5106 
28.2456 
28.0415 
27.9462 
27.9826 
28.2013 
28.6795 
29.4086 
30.2788 
31.1297 
31.7855 
32.1368 
32.1742 
31.9141 
31.4027 
30.7674 
30.1487 
29.625 
29.2083 
28.8531 
28.4788 
28.0195 
27.464 
26.8653 
26.3231 
25.9337 
25.7474 
25.8226 
26.0548 
26.133 
25.9385 
25.5311 
24.9977 
24.5173 
24.2703 
24.3316 
24.7587 
25.6002 
26.7145 
27.806 
28.6141 
29.0454 
29.1598 
29.0175 
28.6811 
28.3655 
28.2722 
28.3635 
28.5086 
28.5985 
28.4423 
27.8897 
27.0394 
26.0227 
24.9111 
23.812 
22.839 
22.1031 
21.6787 
21.5867 
21.8253 
22.3712 
23.1516 
24.0672 
25.0283 
25.9723 
26.8671 
27.7011 
28.4653 
29.1355 
29.6628 
29.9815 
30.0395 
29.8197 
29.3429 
28.6823 
27.9578 
27.3032 
26.8322 
26.6087 
26.6495 
26.9259 
27.3539 
27.828 
28.2577 
28.5766 
28.7552 
28.7972 
28.7096 
28.5058 
28.2241 
27.9169 
27.6293 
27.3865 
27.1933 
27.0293 
26.8571 
26.6635 
26.4865 
26.3836 
26.3833 
26.526 
26.8728 
27.411 
28.053 
28.6993 
29.268 
29.7142 
30.0359 
30.2741 
30.4995 
30.7768 
31.1281 
31.5189 
31.8377 
31.9439 
31.7738 
31.3356 
30.6802 
29.9157 
29.1837 
28.6067 
28.2416 
28.063 
27.9724 
27.8338 
27.5295 
27.004 
26.2765 
25.4354 
24.6143 
23.9516 
23.5457 
23.4376 
23.6343 
24.1181 
24.8259 
25.6495 
26.4558 
27.1184 
27.5571 
27.7592 
27.7984 
27.7848 
27.8122 
27.9792 
28.3373 
28.8417 
29.3805 
29.8167 
30.063 
30.1089 
29.9658 
29.6645 
29.2871 
28.937 
28.7083 
28.6669 
28.8345 
29.2026 
29.7399 
30.3902 
31.0784 
31.7181 
32.225 
32.5389 
32.6369 
32.5165 
32.1922 
31.7108 
31.1393 
30.5421 
29.9723 
29.4711 
29.0717 
28.803 
28.6845 
28.7224 
28.9 
29.167 
29.4537 
29.6785 
29.7662 
29.6855 
29.4297 
29.0069 
28.4779 
27.9553 
27.5631 
27.3709 
27.3713 
27.5466 
27.861 
28.2156 
28.4974 
28.6415 
28.5914 
28.4201 
28.3605 
28.5039 
28.8267 
29.3162 
29.8906 
30.3646 
30.5353 
30.3206 
29.7389 
28.8725 
27.8783 
26.9447 
26.2372 
25.8466 
25.7847 
26.041 
26.5882 
27.3526 
28.2258 
29.0765 
29.7601 
30.171 
30.2799 
30.088 
29.6369 
29.0704 
28.5897 
28.3408 
28.369 
28.6617 
29.1526 
29.7114 
30.2134 
30.6062 
30.9253 
31.278 
31.7796 
32.4754 
33.3071 
34.1212 
34.702 
34.8712 
34.568 
33.8339 
32.8143 
31.73 
30.7716 
30.0319 
29.5111 
29.1377 
28.802 
28.4192 
27.9692 
27.5009 
27.1126 
26.8925 
26.8758 
27.0658 
27.4406 
27.938 
28.4967 
29.0934 
29.7287 
30.408 
31.1333 
31.8798 
32.5707 
33.0926 
33.3564 
33.3333 
33.0255 
32.468 
31.7608 
31.0407 
30.4318 
30.017 
29.8315 
29.8817 
30.1515 
30.6005 
31.19 
31.8862 
32.6317 
33.3275 
33.8428 
34.0733 
33.9846 
33.5774 
32.9036 
32.1311 
31.5015 
31.1998 
31.2859 
31.7641 
32.5828 
33.556 
34.4137 
34.9161 
34.9294 
34.4204 
33.4451 
32.1928 
30.9508 
30.0092 
29.5192 
29.4546 
29.7698 
30.3846 
31.0783 
31.5921 
31.7685 
31.5642 
31.0267 
30.3083 
29.62 
29.1475 
29.0027 
29.2176 
29.7675 
30.5737 
31.5193 
32.4767 
33.3154 
33.9093 
34.1672 
34.0571 
33.5555 
32.6395 
31.3758 
29.9413 
28.5742 
27.5195 
26.9343 
26.8513 
27.2599 
28.1062 
29.2313 
30.4277 
31.5283 
32.441 
33.1489 
33.7028 
34.2099 
34.7822 
35.464 
36.1963 
36.8199 
37.165 
37.1588 
36.7356 
35.8216 
34.5218 
33.0975 
31.8131 
30.869 
30.3496 
30.2387 
30.5105 
31.1299 
32.0141 
33.0618 
34.1723 
35.238 
36.1419 
36.7747 
37.0683 
37.0036 
36.6323 
36.0984 
35.563 
35.1316 
34.8385 
34.6385 
34.4246 
34.0771 
33.5153 
32.7224 
31.748 
30.6939 
29.6793 
28.8046 
28.1368 
27.7145 
27.5591 
27.6796 
28.0844 
28.7788 
29.7266 
30.8235 
31.9126 
32.8265 
33.437 
33.6823 
33.5502 
33.1187 
32.5785 
32.145 
31.9808 
32.1483 
32.6476 
33.4613 
34.5118 
35.641 
36.656 
37.3909 
37.7508 
37.7101 
37.299 
36.6141 
35.7918 
34.9627 
34.229 
33.6537 
33.2617 
33.0417 
32.9483 
32.9304 
32.9679 
33.0613 
33.2203 
33.4628 
33.7978 
34.2149 
34.6783 
35.1155 
35.4144 
35.4728 
35.2535 
34.776 
34.1201 
33.4385 
32.9147 
32.6537 
32.6406 
32.8459 
33.211 
33.5654 
33.7368 
33.664 
33.3257 
32.7356 
32.0421 
31.4754 
31.202 
31.2734 
31.6668 
32.2877 
32.9789 
33.6062 
34.11 
34.4863 
34.7663 
34.9949 
35.1959 
35.3547 
35.4387 
35.4279 
35.3143 
35.1125 
34.9255 
34.902 
35.1096 
35.5416 
36.1507 
36.8293 
37.3692 
37.5293 
37.2012 
36.3939 
35.1811 
33.7397 
32.3457 
31.3096 
30.8 
30.7827 
31.2014 
31.9652 
32.8472 
33.6189 
34.1675 
34.4759 
34.597 
34.6263 
34.6451 
34.6845 
34.7428 
34.8114 
34.8835 
34.9652 
35.0872 
35.2885 
35.5836 
35.9462 
36.312 
36.5947 
36.727 
36.6869 
36.4772 
36.125 
35.6968 
35.2648 
34.8687 
34.5162 
34.2031 
33.9324 
33.7332 
33.6489 
33.7025 
33.9199 
34.329 
34.8649 
35.304 
35.3869 
35.0041 
34.1851 
33.0675 
31.9118 
31.0342 
30.6661 
30.8784 
31.6764 
33.0092 
34.6827 
36.4244 
37.9797 
39.1496 
39.8548 
40.1555 
40.1253 
39.8561 
39.5232 
39.2409 
39.0367 
38.8942 
38.7335 
38.453 
37.9751 
37.2687 
36.3553 
35.3088 
34.2449 
33.2965 
32.5844 
32.1801 
32.0956 
32.3247 
32.8432 
33.5789 
34.4324 
35.3105 
36.1451 
36.9057 
37.6023 
38.2785 
38.9827 
39.7325 
40.4987 
41.2068 
41.748 
42.028 
42.0103 
41.6726 
41.0019 
40.071 
39.0219 
37.9975 
37.1062 
36.406 
35.9097 
35.5916 
35.3943 
35.2477 
35.0927 
34.8974 
34.6622 
34.42 
34.2375 
34.1834 
34.2839 
34.5298 
34.8848 
35.2886 
35.6897 
36.0754 
36.4812 
36.9685 
37.5787 
38.3055 
39.0869 
39.7345 
39.9955 
39.7446 
38.9256 
37.5152 
35.6804 
33.7993 
32.3264 
31.535 
31.4229 
31.9304 
32.9401 
34.1638 
35.3173 
36.2737 
37.0349 
37.6934 
38.3813 
39.1819 
40.0862 
40.9898 
41.7079 
42.0705 
42.0111 
41.4922 
40.5026 
39.1953 
37.8714 
36.8624 
36.4051 
36.573 
37.3418 
38.5575 
39.857 
40.771 
40.9578 
40.3115 
38.9416 
37.2164 
35.6791 
34.7687 
34.6561 
35.3587 
36.7423 
38.3836 
39.7171 
40.3457 
40.1487 
39.224 
37.9035 
36.6674 
35.8798 
35.6668 
36.0365 
36.9016 
37.9944 
38.997 
39.7182 
40.1208 
40.257 
40.1725 
39.9441 
39.6941 
39.4395 
39.0876 
38.5517 
37.8078 
36.9186 
36.0249 
35.3081 
34.9061 
34.8627 
35.1781 
35.8099 
36.6267 
37.4555 
38.1603 
38.6776 
39.0251 
39.2857 
39.5649 
39.9437 
40.4465 
41.0317 
41.5986 
42.0152 
42.1803 
42.0611 
41.6583 
41.0131 
40.2581 
39.5816 
39.142 
39.0171 
39.2232 
39.7243 
40.4025 
41.0869 
41.6148 
41.8827 
41.8606 
41.5774 
41.1306 
40.6661 
40.3287 
40.2143 
40.3516 
40.7151 
41.2228 
41.7596 
42.2226 
42.543 
42.6899 
42.6584 
42.4854 
42.2914 
42.2143 
42.3096 
42.5873 
43.0476 
43.6492 
44.2945 
44.7943 
44.9322 
44.6149 
43.8474 
42.6733 
41.2074 
39.6348 
38.1632 
36.9505 
36.0667 
35.5119 
35.2582 
35.2856 
35.5465 
35.9558 
36.4697 
37.0786 
37.7553 
38.454 
39.1226 
39.7197 
40.2217 
40.6156 
40.867 
40.9219 
40.7529 
40.3596 
39.7531 
38.9776 
38.131 
37.3489 
36.7636 
36.45 
36.414 
36.6423 
37.1117 
37.7758 
38.596 
39.5547 
40.6391 
41.8155 
43.0146 
44.1391 
45.0799 
45.7198 
46.0072 
45.9941 
45.7277 
45.2597 
44.7031 
44.1635 
43.71 
43.4011 
43.2785 
43.3555 
43.6235 
44.0366 
44.4904 
44.8471 
45.0031 
44.9257 
44.6338 
44.2018 
43.7553 
43.4154 
43.2517 
43.2825 
43.4861 
43.7986 
44.1411 
44.4541 
44.7005 
44.8623 
44.9397 
44.9368 
44.8507 
44.7303 
44.6853 
44.7848 
45.0562 
45.5042 
46.0525 
46.5284 
46.7593 
46.6748 
46.2166 
45.3241 
44.115 
42.8788 
41.9234 
41.4162 
41.343 
41.6598 
42.2948 
43.0788 
43.8407 
44.4957 
45.0579 
45.6114 
46.2436 
46.9902 
47.8207 
48.6514 
49.3762 
49.8811 
50.1091 
50.0978 
49.8873 
49.5264 
49.1132 
48.7225 
48.3807 
48.1051 
47.9166 
47.8278 
47.8823 
48.0306 
48.071 
47.9147 
47.5839 
47.0938 
46.4963 
45.8764 
45.333 
44.9627 
44.83 
44.954 
45.3327 
45.9435 
46.724 
47.58 
48.4024 
49.0806 
49.5254 
49.6885 
49.557 
49.1751 
48.6756 
48.2583 
48.1089 
48.3021 
48.8246 
49.6111 
50.5311 
51.423 
52.1502 
52.6375 
52.8726 
52.924 
52.9095 
52.8919 
52.9029 
53.0119 
53.182 
53.2394 
53.0836 
52.6653 
51.8951 
50.7483 
49.3362 
47.8879 
46.6859 
45.945 
45.7415 
46.0806 
46.9017 
48.0161 
49.1768 
50.1902 
50.952 
51.4337 
51.6502 
51.6223 
51.3922 
51.0241 
50.5414 
49.9318 
49.1878 
48.3324 
47.4466 
46.6524 
46.0755 
45.8027 
45.8616 
46.2615 
46.9996 
48.0118 
49.1813 
50.3756 
51.4703 
52.3754 
53.0527 
53.5202 
53.8384 
54.0816 
54.3117 
54.5132 
54.6015 
54.5212 
54.2228 
53.6536 
52.8635 
52.0283 
51.3863 
51.1262 
51.3137 
51.9607 
53.0231 
54.3012 
55.4936 
56.3328 
56.7332 
56.7847 
56.5558 
56.1165 
55.638 
55.2886 
55.1466 
55.228 
55.5006 
55.8818 
56.292 
56.6771 
56.9635 
57.0616 
56.928 
56.5723 
56.0522 
55.4863 
55.0407 
54.8567 
54.9873 
55.4631 
56.2978 
57.3825 
58.5122 
59.483 
60.141 
60.408 
60.2672 
59.783 
59.1157 
58.4311 
57.8377 
57.3832 
57.0443 
56.7317 
56.3157 
55.6799 
54.7759 
53.6444 
52.4183 
51.3053 
50.5265 
50.2279 
50.4517 
51.139 
52.1092 
53.1265 
54.0093 
54.6745 
55.1248 
55.4285 
55.6884 
55.9838 
56.3315 
56.6299 
56.7055 
56.472 
55.9149 
55.0296 
53.8611 
52.531 
51.2321 
50.1686 
49.4709 
49.1597 
49.1143 
49.151 
49.1333 
48.9322 
48.4858 
47.8899 
47.3588 
47.0903 
47.1539 
47.5906 
48.439 
49.6134 
50.9463 
52.2993 
53.5945 
54.8099 
55.9473 
56.9973 
57.9178 
58.5896 
58.8439 
58.5886 
57.8184 
56.5992 
55.1428 
53.797 
52.894 
52.6072 
52.9741 
53.9098 
55.1449 
56.317 
57.1326 
57.4401 
57.2076 
56.5611 
55.8051 
55.2283 
54.9426 
54.9181 
55.114 
55.4764 
55.8827 
56.2147 
56.4226 
56.5307 
56.6112 
56.7336 
56.931 
57.1951 
57.4855 
57.7504 
57.9358 
57.9971 
57.918 
57.6972 
57.3331 
56.8298 
56.2043 
55.4943 
54.7631 
54.0955 
53.5823 
53.2832 
53.2086 
53.3538 
53.6951 
54.1562 
54.6346 
55.0476 
55.3578 
55.5814 
55.7796 
56.0326 
56.3995 
56.8871 
57.4396 
57.9492 
58.2965 
58.4073 
58.2616 
57.8933 
57.4133 
56.9813 
56.7282 
56.7125 
56.9436 
57.3874 
57.935 
58.4401 
58.7838 
58.9044 
58.7871 
58.4626 
58.0228 
57.5894 
57.2757 
57.156 
57.2508 
57.5623 
58.0807 
58.7547 
59.4951 
60.1869 
60.6696 
60.7824 
60.4575 
59.7127 
58.6346 
57.3955 
56.2278 
55.3694 
54.9447 
54.9302 
55.2876 
55.9486 
56.7151 
57.3362 
57.6412 
57.5783 
57.1746 
56.5478 
55.9183 
55.5186 
55.4879 
55.8629 
56.5951 
57.526 
58.4194 
59.0279 
59.2625 
59.2451 
59.0743 
58.856 
58.7579 
58.8376 
59.0852 
59.4827 
59.9778 
60.5527 
61.2682 
62.2329 
63.5376 
65.1924 
67.1025 
69.0928 
70.9858 
72.6862 
74.215 
75.7143 
77.4219 
79.566 
82.2443 
85.3729 
88.6779 
91.7412 
94.1665 
95.7609 
96.6018 
96.8918 
96.744 
96.4055 
96.2537 
96.3604 
96.5648 
96.6928 
96.6534 
96.3478 
95.6297 
94.5629 
93.3838 
92.2964 
91.4107 
90.7509 
90.3359 
90.2116 
90.4025 
90.9408 
91.9016 
93.3404 
95.2456 
97.5018 
99.8471 
101.911 
103.316 
103.807 
103.308 
101.884 
99.7557 
97.2451 
94.6605 
92.2225 
90.0389 
88.1341 
86.5119 
85.2206 
84.39 
84.1614 
84.5889 
85.6369 
87.1536 
88.848 
90.3768 
91.4637 
91.9666 
91.7744 
91.1852 
90.9239 
91.2558 
92.1398 
93.5894 
95.3834 
97.038 
98.0514 
98.1618 
97.3166 
95.6703 
93.7222 
92.1692 
91.5274 
91.9607 
93.4932 
96.0254 
99.1041 
102.041 
104.188 
105.232 
105.258 
104.38 
102.761 
100.805 
98.9615 
97.5318 
96.6446 
96.3015 
96.4698 
97.0122 
97.6602 
98.2462 
98.7457 
99.1617 
99.5026 
99.7437 
99.8243 
99.7036 
99.3571 
98.7849 
98.0748 
97.4154 
97.015 
96.9919 
97.3728 
98.0914 
98.9497 
99.7147 
100.24 
100.468 
100.349 
100.033 
99.9045 
100.111 
100.621 
101.45 
102.563 
103.871 
105.283 
106.746 
108.238 
109.716 
111.067 
112.099 
112.629 
112.582 
111.935 
110.727 
109.184 
107.643 
106.382 
105.539 
105.083 
104.906 
104.951 
105.096 
105.16 
105.133 
105.069 
104.979 
104.889 
104.806 
104.69 
104.478 
104.142 
103.817 
103.752 
104.077 
104.833 
106.069 
107.768 
109.763 
111.706 
113.152 
113.771 
113.458 
112.258 
110.4 
108.379 
106.814 
106.149 
106.522 
107.872 
109.906 
112.069 
113.832 
114.935 
115.32 
114.99 
114.118 
113.105 
112.313 
111.93 
112.013 
112.53 
113.371 
114.374 
115.391 
116.287 
116.921 
117.177 
117.007 
116.357 
115.144 
113.422 
111.429 
109.491 
107.922 
106.936 
106.517 
106.459 
106.63 
106.989 
107.494 
108.188 
109.194 
110.556 
112.17 
113.807 
115.184 
116.078 
116.39 
116.104 
115.411 
114.778 
114.597 
114.973 
115.835 
116.933 
117.823 
118.097 
117.609 
116.42 
114.76 
113.004 
111.538 
110.64 
110.436 
110.954 
112.158 
113.922 
116.014 
118.112 
119.83 
120.834 
120.97 
120.21 
118.67 
116.72 
114.867 
113.522 
112.888 
113.01 
113.516 
113.808 
113.816 
113.489 
112.645 
111.726 
111.321 
111.613 
112.684 
114.567 
116.926 
119.161 
120.744 
121.392 
121.036 
119.812 
118.107 
116.361 
114.889 
113.872 
113.382 
113.425 
113.9 
114.59 
115.297 
115.901 
116.322 
116.526 
116.447 
116.194 
116.11 
116.325 
116.816 
117.622 
118.735 
120.045 
121.333 
122.333 
122.857 
122.845 
122.326 
121.411 
120.3 
119.217 
118.351 
117.818 
117.649 
117.842 
118.363 
119.095 
119.855 
120.435 
120.675 
120.52 
119.923 
118.823 
117.303 
115.603 
114.03 
112.878 
112.332 
112.445 
113.14 
114.186 
115.277 
116.169 
116.751 
117.078 
117.354 
117.859 
118.821 
120.299 
122.138 
123.994 
125.379 
125.858 
125.275 
123.692 
121.38 
118.866 
116.815 
115.692 
115.592 
116.481 
118.177 
120.101 
121.494 
121.84 
120.987 
119.093 
116.681 
114.489 
113.094 
112.717 
113.383 
114.944 
116.939 
118.743 
119.895 
120.216 
119.687 
118.411 
116.712 
115.023 
113.684 
112.849 
112.45 
112.239 
111.897 
111.166 
109.939 
108.292 
106.466 
104.802 
103.612 
103.07 
103.222 
103.923 
104.776 
105.379 
105.528 
105.172 
104.393 
103.45 
102.673 
102.279 
102.331 
102.761 
103.368 
103.932 
104.327 
104.533 
104.615 
104.691 
104.866 
105.086 
105.164 
104.991 
104.521 
103.677 
102.435 
100.886 
99.2089 
97.6068 
96.2423 
95.2123 
94.5515 
94.2546 
94.3099 
94.658 
95.1667 
95.7227 
96.2641 
96.7602 
97.2174 
97.6774 
98.1941 
98.7908 
99.4377 
100.049 
100.495 
100.664 
100.52 
100.069 
99.3901 
98.7124 
98.2658 
98.1279 
98.2998 
98.648 
98.8913 
98.8774 
98.4123 
97.1833 
95.2325 
92.9733 
90.9014 
89.4766 
88.991 
89.5301 
90.9918 
93.0285 
95.1 
96.6461 
97.2842 
96.898 
95.5266 
93.3789 
90.9001 
88.6289 
87.0015 
86.246 
86.4133 
87.3033 
88.4168 
89.267 
89.6009 
89.3485 
88.5945 
87.6001 
86.7053 
86.1423 
85.9768 
86.2055 
86.7779 
87.544 
88.3214 
88.9775 
89.445 
89.7169 
89.8413 
89.9134 
90.0438 
90.318 
90.7696 
91.3767 
91.9524 
92.1869 
91.9127 
91.0792 
89.6984 
87.9933 
86.4223 
85.4752 
85.4247 
86.3312 
88.0342 
90.0181 
91.5775 
92.205 
91.744 
90.2882 
88.1991 
86.0794 
84.5191 
83.8681 
84.2209 
85.4496 
87.1697 
88.8977 
90.2688 
91.1263 
91.5475 
91.781 
92.0855 
92.59 
93.2494 
93.8531 
94.1561 
94.0447 
93.4431 
92.3173 
90.9134 
89.6736 
88.9393 
88.8396 
89.3877 
90.5048 
91.9461 
93.4036 
94.6762 
95.708 
96.5104 
97.099 
97.4823 
97.653 
97.5781 
97.0783 
95.9042 
94.1003 
92.0683 
90.4131 
89.6737 
90.0638 
91.8711 
95.534 
100.933 
107.363 
114.011 
120.246 
125.804 
130.842 
135.816 
141.19 
147.181 
153.689 
160.321 
166.517 
171.742 
175.637 
178.068 
179.06 
178.668 
177.082 
174.688 
171.776 
168.538 
165.266 
162.365 
160.284 
159.263 
159.248 
160.156 
161.851 
163.966 
166.06 
167.824 
169.125 
169.979 
170.494 
170.805 
170.989 
171.05 
170.979 
170.75 
170.294 
169.501 
168.281 
166.619 
164.621 
162.515 
160.649 
159.428 
159.155 
159.926 
161.65 
163.998 
166.433 
168.444 
169.756 
170.417 
170.641 
170.484 
170.133 
170.048 
170.376 
170.961 
171.506 
171.631 
171.17 
170.125 
168.542 
166.565 
164.442 
162.477 
160.965 
160.086 
159.859 
160.266 
161.234 
162.544 
163.918 
165.142 
166.113 
166.813 
167.234 
167.353 
167.151 
166.609 
165.71 
164.479 
163.034 
161.621 
160.575 
160.158 
160.455 
161.46 
163.066 
164.961 
166.72 
167.985 
168.57 
168.428 
167.746 
167.017 
166.678 
166.867 
167.688 
169.25 
171.339 
173.442 
174.999 
175.621 
175.189 
173.743 
171.492 
168.892 
166.51 
164.864 
164.274 
164.833 
166.455 
168.836 
171.505 
173.979 
175.889 
177.06 
177.474 
177.167 
176.291 
175.133 
173.856 
172.467 
170.962 
169.359 
167.749 
166.334 
165.422 
165.293 
166.051 
167.648 
169.89 
172.429 
174.867 
176.89 
178.358 
179.333 
180.029 
180.681 
181.415 
182.055 
182.2 
181.629 
180.278 
178.069 
175.041 
171.448 
167.769 
164.582 
162.371 
161.394 
161.717 
163.211 
165.51 
168.154 
170.734 
172.91 
174.428 
175.145 
175.021 
174.111 
172.605 
170.811 
169.105 
167.878 
167.411 
167.798 
169.102 
171.402 
174.573 
178.298 
182.185 
185.833 
188.919 
191.281 
192.949 
194.148 
195.187 
196.236 
197.182 
197.75 
197.761 
196.959 
195.022 
192.16 
189.074 
186.554 
185.215 
185.283 
186.781 
189.478 
192.587 
195.014 
195.96 
195.177 
192.727 
188.978 
184.732 
180.923 
178.25 
176.882 
176.539 
177.002 
178.073 
179.318 
180.29 
180.724 
180.532 
179.698 
178.273 
176.509 
174.821 
173.632 
173.217 
173.655 
174.835 
176.382 
177.732 
178.426 
178.301 
177.257 
175.222 
172.476 
169.556 
166.948 
164.976 
163.759 
163.273 
163.471 
164.18 
165.073 
165.953 
166.794 
167.596 
168.364 
169.093 
169.762 
170.324 
170.723 
170.912 
170.877 
170.618 
170.149 
169.522 
168.792 
167.968 
166.988 
165.733 
164.072 
161.928 
159.308 
156.343 
153.327 
150.667 
148.749 
147.733 
147.525 
148.04 
149.169 
150.612 
151.994 
152.945 
153.154 
152.504 
150.985 
148.598 
145.409 
141.575 
137.348 
133.05 
129.006 
125.464 
122.546 
120.257 
118.501 
117.107 
115.877 
114.642 
113.288 
111.761 
110.061 
108.23 
106.35 
104.516 
102.795 
101.217 
99.7809 
98.4707 
97.2553 
96.1246 
95.1101 
94.2831 
93.771 
93.7148 
94.1741 
95.1461 
96.6035 
98.4615 
100.547 
102.598 
104.298 
105.313 
105.391 
104.45 
102.536 
99.8336 
96.6741 
93.4685 
90.6119 
88.3865 
86.8951 
86.0392 
85.5461 
85.0603 
84.2802 
83.0683 
81.4899 
79.7909 
78.3061 
77.3179 
76.9678 
77.2831 
78.0976 
79.0055 
79.6068 
79.6766 
79.1458 
78.0724 
76.6378 
75.081 
73.5882 
72.247 
71.0404 
69.9021 
68.7967 
67.7325 
66.7354 
65.8233 
64.9852 
64.1581 
63.2062 
61.9602 
60.302 
58.2211 
55.8308 
53.3482 
51.035 
49.1105 
47.6922 
46.791 
46.3225 
46.1741 
46.2954 
46.6258 
47.0545 
47.5258 
48.0107 
48.4174 
48.6367 
48.6176 
48.2594 
47.3866 
45.9617 
44.1157 
42.0505 
39.9937 
38.1479 
36.6525 
35.5653 
34.8586 
34.442 
34.2114 
34.0867 
34.0154 
33.958 
33.8641 
33.6636 
33.2837 
32.6797 
31.8512 
30.8576 
29.8303 
28.9414 
28.3402 
28.0596 
28.0258 
28.1898 
28.5081 
28.8722 
29.1482 
29.2358 
29.1026 
28.7438 
28.1438 
27.2953 
26.2141 
24.9441 
23.5658 
22.1952 
20.9672 
20.0063 
19.3966 
19.1715 
19.3351 
19.8023 
20.3627 
20.8091 
21.0246 
20.9726 
20.6508 
20.089 
19.3977 
18.7295 
18.2398 
18.0178 
18.0309 
18.2348 
18.558 
18.8289 
18.9059 
18.7504 
18.3788 
17.8499 
17.2602 
16.7109 
16.2779 
15.9943 
15.8466 
15.8014 
15.8429 
15.9545 
16.1024 
16.231 
16.2656 
16.1658 
15.9186 
15.5087 
14.9454 
14.2901 
13.6654 
13.217 
13.0431 
13.1722 
13.5282 
13.8986 
14.0832 
14.0141 
13.6435 
12.9293 
11.9826 
11.0302 
10.2695 
9.80088 
9.60907 
9.58083 
9.5891 
9.5588 
9.45022 
9.27273 
9.09075 
8.9686 
8.93401 
8.99058 
9.12224 
9.26097 
9.3181 
9.25607 
9.07588 
8.79071 
8.4354 
8.05946 
7.70807 
7.41006 
7.17981 
7.02743 
6.95438 
6.94927 
7.0048 
7.11134 
7.21505 
7.23696 
7.1406 
6.92018 
6.5714 
6.10752 
5.5674 
5.01202 
4.51876 
4.15868 
3.95281 
3.87072 
3.88744 
3.9501 
3.97958 
3.97013 
3.91638 
3.76947 
3.526 
3.22492 
2.9064 
2.59936 
2.31809 
2.06535 
1.83576 
1.619 
1.40649 
1.19654 
0.995426 
0.815192 
0.667462 
0.557372 
0.481492 
0.428845 
0.384746 
0.336667 
0.278583 
0.212144 
0.144861 
0.0857834 
0.0415031 
0.0144068 
0.00243172 
0 
0 
0 
0 
0 
0 
0 
0 
0 
0 
0 
0 
0 
0 
0 
0 
0 
0 
0 
0 
0 
0 
0 
0 
0 
0 
0 
0 
0 
0 
0 
0 
0 
0 
0 
0 
0 
0 
0 
0 
0 
0 
0 
0 
0 
0 
0 
0 
0 
0 
0 
0 
0 
0 
0 
0 
0 
0 
0 
0 
0 
0 
0 
0 
0 
0 
0 
0 
0 
0 
0 
0 
0 
0 
0 
0 
0 
0 
0 
0 
0 
0 
0 
0 
0 
0 
0 
0 
0 
0 
0 
0 
0 
0 
0 
0 
0 
0 
0 
0 
0 
0 
0 
0 
0 
0 
0 
0 
0 
0 
0 
0 
0 
0 
0 
0 
0 
0 
0 
0 
0 
0 
0 
0 
0 
0 
0 
0 
0 
0 
0 
0 
0 
0 
0 
0 
0 
0 
0 
0 
0 
0 
0 
0 
0 
0 
0 
0 
0 
0 
0 
0 
0 
0 
0 
0 
0 
0 
0 
0 
0 
0 
0 
0 
0 
0 
0 
0 
0 
0 
0 
0 
0 
0 
0 
0 
0 
0 
0 
0 
0 
0 
0 
0 
0 
0 
0 
0 
0 
0 
0 
0 
0 
0 
0 
0 
0 
0 
0 
0 
0 
0 
0 
0 
0 
0 
0 
0 
0 
0 
0 
0 
0 
0 
0 
0 
0 
0 
0 
0 
0 
0 
0 
0 
0 
0 
0 
0 
0 
0 
0 
0 
0 
0 
0 
0 
0 
0 
0 
0 
0 
0 
0 
0 
0 
0 
0 
0 
0 
0 
0 
0 
0 
0 
0 
0 
0 
0 
0 
0 
0 
0 
0 
0 
0 
0 
0 
0 
0 
0 
0 
0 
0 
0 
0 
0 
0 
0 
0 
0 
0 
0 
0 
0 
0 
0 
0 
0 
0 
0 
0 
0 
0 
0 
0 
0 
0 
0 
0 
0 
0 
0 
0 
0 
0 
0 
0 
0 
0 
0 
0 
0 
0 
0 
0 
0 
0 
0 
0 
0 
0 
0 
0 
0 
0 
0 
0 
0 
0 
0 
0 
0 
0 
0 
0 
0 
0 
0 
0 
0 
0 
0 
0 
0 
0 
0 
0 
0 
0 
0 
0 
0 
0 
0 
0 
0 
0 
0 
0 
0 
0 
0 
0 
0 
0 
0 
0 
0 
0 
0 
0 
0 
0 
0 
0 
0 
0 
0 
0 
0 
0 
0 
0 
0 
0 
0 
0 
0 
0 
0 
0 
0 
0 
0 
0 
0 
0 
0 
0 
0 
0 
0 
0 
0 
0 
0 
0 
0 
0 
0 
0 
0 
0 
0 
0 
0 
0 
0 
0 
0 
0 
0 
0 
0 
0 
0 
0 
0 
0 
0 
0 
0 
0 
0 
0 
0 
0 
0 
0 
0 
0 
0 
0 
0 
0 
0 
0 
0 
0 
0 
0 
0 
0 
0 
0 
0 
0 
0 
0 
0 
0 
0 
0 
0 
0 
0 
0 
0 
0 
0 
0 
0 
0 
0 
0 
0 
0 
0 
0 
0 
0 
0 
0 
0 
0 
0 
0 
0 
0 
0 
0 
0 
0 
0 
0 
0 
0 
0 
0 
0 
0 
0 
0 
0 
0 
0 
0 
0 
0 
0 
0 
0 
0 
0 
0 
0 
0 
0 
0 
0 
0 
0 
0 
0 
0 
0 
0 
0 
0 
0 
0 
0 
0 
0 
0 
0 
0 
0 
0 
0 
0 
0 
0 
0 
0 
0 
0 
0 
0 
0 
0 
0 
0 
0 
0 
0 
0 
0 
0 
0 
0 
0 
0 
0 
0 
0 
0 
0 
0 
0 
0 
0 
0 
0 
0 
0 
0 
0 
0 
0 
0 
0 
0 
0 
0 
0 
0 
0 
0 
0 
0 
0 
0 
0 
0 
0 
0 
0 
0 
0 
0 
0 
0 
0 
0 
0 
0 
0 
0 
0 
0 
0 
0 
0 
0 
0 
0 
0 
0 
0 
0 
0 
0 
0 
0 
0 
0 
0 
0 
0 
0 
0 
0 
0 
0 
0 
0 
0 
0 
0 
0 
0 
0 
0 
0 
0 
0 
0 
0 
0 
0 
0 
0 
0 
0 
0 
0 
0 
0 
0 
0 
0 
0 
0 
0 
0 
0 
0 
0 
0 
0 
0 
0 
0 
0 
0 
0 
0 
0 
0 
0 
0 
0 
0 
0 
0 
0 
0 
0 
0 
0 
0 
0 
0 
0 
0 
0 
0 
0 
0 
0 
0 
0 
0 
0 
0 
0 
0 
0 
0 
0 
0 
0 
0 
0 
0 
0 
0 
0 
0 
0 
0 
0 
0 
0 
0 
0 
0 
0 
0 
0 
0 
0 
0 
0 
0 
0 
0 
0 
0 
0 
0 
0 
0 
0 
0 
0 
0 
0 
0 
0 
0 
0 
0 
0 
0 
0 
0 
0 
0 
0 
0 
0 
0 
0 
0 
0 
0 
0 
0 
0 
0 
0 
0 
0 
0 
0 
0 
0 
0 
0 
0 
0 
0 
0 
0 
0 
0 
0 
0 
0 
0 
0 
0 
0 
0 
0 
0 
0 
0 
0 
0 
0 
0 
0 
0 
0 
0 
0 
0 
0 
0 
0 
0 
0 
0 
0 
0 
0 
0 
0 
0 
0 
0 
0 
0 
0 
0 
0 
0 
0 
0 
0 
0 
0 
0 
0 
0 
0 
0 
0 
0 
0 
0 
0 
0 
0 
0 
0 
0 
0 
0 
0 
0 
0 
0 
0 
0 
0 
0 
0 
0 
0 
0 
0 
0 
0 
0 
0 
0 
0 
0 
0 
0 
0 
0 
0 
0 
0 
0 
0 
0 
0 
0 
0 
0 
0 
0 
0 
0 
0 
0 
0 
0 
0 
0 
0 
0 
0 
0 
0 
0 
0 
0 
0 
0 
0 
0 
0 
0 
0 
0 
0 
0 
0 
0 
0 
0 
0 
0 
0 
0 
0 
0 
0 
0 
0 
0 
0 
0 
0 
0 
0 
0 
0 
0 
0 
0 
0 
0 
0 
0 
0 
0 
0 
0 
0 
0 
0 
0 
0 
0 
0 
0 
0 
0 
0 
0 
0 
0 
0 
0 
0 
0 
0 
0 
0 
0 
0 
0 
0 
0 
0 
0 
0 
0 
0 
0 
0 
0 
0 
0 
0 
0 
0 
0 
0 
0 
0 
0 
0 
0 
0 
0 
0 
0 
0 
0 
0 
0 
0 
0 
0 
0 
0 
0 
0 
0 
0 
0 
0 
0 
0 
0 
0 
0 
0 
0 
0 
0 
0 
0 
0 
0 
0 
0 
0 
0 
0 
0 
0 
0 
0 
0 
0 
0 
0 
0 
0 
0 
0 
0 
0 
0 
0 
0 
0 
0 
0 
0 
0 
0 
0 
0 
0 
0 
0 
0 
0 
0 
0 
0 
0 
0 
0 
0 
0 
0 
0 
0 
0 
0 
0 
0 
0 
0 
0 
0 
0 
0 
0 
0 
0 
0 
0 
0 
0 
0 
0 
0 
0 
0 
0 
0 
0 
0 
0 
0 
0 
0 
0 
0 
0 
0 
0 
0 
0 
0 
0 
0 
0 
0 
0 
0 
0 
0 
0 
0 
0 
0 
0 
0 
0 
0 
0 
0 
0 
0 
0 
0 
0 
0 
0 
0 
0 
0 
0 
0 
0 
0 
0 
0 
0 
0 
0 
0 
0 
0 
0 
0 
0 
0 
0 
0 
0 
0 
0 
0 
0 
0 
0 
0 
0 
0 
0 
0 
0 
0 
0 
0 
0 
0 
0 
0 
0 
0 
0 
0 
0 
0 
0 
0 
0 
0 
0 
0 
0 
0 
0 
0 
0 
0 
0 
0 
0 
0 
0 
0 
0 
0 
0 
0 
0 
0 
0 
0 
0 
0 
0 
0 
0 
0 
0 
0 
0 
0 
0 
0 
0 
0 
0 
0 
0 
0 
0 
0 
0 
0 
0 
0 
0 
0 
0 
0 
0 
0 
0 
0 
0 
0 
0 
0 
0 
0 
0 
0 
0 
0 
0 
0 
0 
0 
0 
0 
0 
0 
0 
0 
0 
0 
0 
0 
0 
0 
0 
0 
0 
0 
0 
0 
0 
0 
0 
0 
0 
0 
0 
0 
0 
0 
0 
0 
0 
0 
0 
0 
0 
0 
0 
0 
0 
0 
0 
0 
0 
0 
0 
0 
0 
0 
0 
0 
0 
0 
0 
0 
0 
0 
0 
0 
0 
0 
0 
0 
0 
0 
0 
0 
0 
0 
0 
0 
0 
0 
0 
0 
0 
0 
0 
0 
0 
0 
0 
0 
0 
0 
0 
0 
0 
0 
0 
0 
0 
0 
0 
0 
0 
0 
0 
0 
0 
0 
0 
0 
0 
0 
0 
0 
0 
0 
0 
0 
0 
0 
0 
0 
0 
0 
0 
0 
0 
0 
0 
0 
0 
0 
0 
0 
0 
0 
0 
0 
0 
0 
0 
0 
0 
0 
0 
0 
0 
0 
0 
0 
0 
0 
0 
0 
0 
0 
0 
0 
0 
0 
0 
0 
0 
0 
0 
0 
0 
0 
0 
0 
0 
0 
0 
0 
0 
0 
0 
0 
0 
0 
0 
0 
0 
0 
0 
0 
0 
0 
0 
0 
0 
0 
0 
0 
0 
0 
0 
0 
0 
0 
0 
0 
0 
0 
0 
0 
0 
0 
0 
0 
0 
0 
0 
0 
0 
0 
0 
0 
0 
0 
0 
0 
0 
0 
0 
0 
0 
0 
0 
0 
0 
0 
0 
0 
0 
0 
0 
0 
0 
0 
0 
0 
0 
0 
0 
0 
0 
0 
0 
0 
0 
0 
0 
0 
0 
0 
0 
0 
0 
0 
0 
0 
0 
0 
0 
0 
0 
0 
0 
0 
0 
0 
0 
0 
0 
0 
0 
0 
0 
0 
0 
0 
0 
0 
0 
0 
0 
0 
0 
0 
0 
0 
0 
0 
0 
0 
0 
0 
0 
0 
0 
0 
0 
0 
0 
0 
0 
0 
0 
0 
0 
0 
0 
0 
0 
0 
0 
0 
0 
0 
0 
0 
0 
0 
0 
0 
0 
0 
0 
0 
0 
0 
0 
0 
0 
0 
0 
0 
0 
0 
0 
0 
0 
0 
0 
0 
0 
0 
0 
0 
0 
0 
0 
0 
0 
0 
0 
0 
0 
0 
0 
0 
0 
0 
0 
0 
0 
0 
0 
0 
0 
0 
0 
0 
0 
0 
0 
0 
0 
0 
0 
0 
0 
0 
0 
0 
0 
0 
0 
0 
0 
0 
0 
0 
0 
0 
0 
0 
0 
0 
0 
0 
0 
0 
0 
0 
0 
0 
0 
0 
0 
0 
0 
0 
0 
0 
0 
0 
0 
0 
0 
0 
0 
0 
0 
0 
0 
0 
0 
0 
0 
0 
0 
0 
0 
0 
0 
0 
0 
0 
0 
0 
0 
0 
0 
0 
0 
0 
0 
0 
0 
0 
0 
0 
0 
0 
0 
0 
0 
0 
0 
0 
0 
0 
0 
0 
0 
0 
0 
0 
0 
0 
0 
0 
0 
0 
0 
0 
0 
0 
0 
0 
0 
0 
0 
0 
0 
0 
0 
0 
0 
0 
0 
0 
0 
0 
0 
0 
0 
0 
0 
0 
0 
0 
0 
0 
0 
0 
0 
0 
0 
0 
0 
0 
0 
0 
0 
0 
0 
0 
0 
0 
0 
0 
0 
0 
0 
0 
0 
0 
0 
0 
0 
0 
0 
0 
0 
0 
0 
0 
0 
0 
0 
0 
0 
0 
0 
0 
0 
0 
0 
0 
0 
0 
0 
0 
0 
0 
0 
0 
0 
0 
0 
0 
0 
0 
0 
0 
0 
0 
0 
0 
0 
0 
0 
0 
0 
0 
0 
0 
0 
0 
0 
0 
0 
0 
0 
0 
0 
0 
0 
0 
0 
0 
0 
0 
0 
0 
0 
0 
0 
0 
0 
0 
0 
0 
0 
0 
0 
0 
0 
0 
0 
0 
0 
0 
0 
0 
0 
0 
0 
0 
0 
0 
0 
0 
0 
0 
0 
0 
0 
0 
0 
0 
0 
0 
0 
0 
0 
0 
0 
0 
0 
0 
0 
0 
0 
0 
0 
0 
0 
0 
0 
0 
0 
0 
0 
0 
0 
0 
0 
0 
0 
0 
0 
0 
0 
0 
0 
0 
0 
0 
0 
0 
0 
0 
0 
0 
0 
0 
0 
0 
0 
0 
0 
0 
0 
0 
0 
0 
0 
0 
0 
0 
0 
0 
0 
0 
0 
0 
0 
0 
0 
0 
0 
0 
0 
0 
0 
0 
0 
0 
0 
0 
0 
0 
0 
0 
0 
0 
0 
0 
0 
0 
0 
0 
0 
0 
0 
0 
0 
0 
0 
0 
0 
0 
0 
0 
0 
0 
0 
0 
0 
0 
0 
0 
0 
0 
0 
0 
0 
0 
0 
0 
0 
0 
0 
0 
0 
0 
0 
0 
0 
0 
0 
0 
0 
0 
0 
0 
0 
0 
0 
0 
0 
0 
0 
0 
0 
0 
0 
0 
0 
0 
0 
0 
0 
0 
0 
0 
0 
0 
0 
0 
0 
0 
0 
0 
0 
0 
0 
0 
0 
0 
0 
0 
0 
0 
0 
0 
0 
0 
0 
0 
0 
0 
0 
0 
0 
0 
0 
0 
0 
0 
0 
0 
0 
0 
0 
0 
0 
0 
0 
0 
0 
0 
0 
0 
0 
0 
0 
0 
0 
0 
0 
0 
0 
0 
0 
0 
0 
0 
0 
0 
0 
0 
0 
0 
0 
0 
0 
0 
0 
0 
0 
0 
0 
0 
0 
0 
0 
0 
0 
0 
0 
0 
0 
0 
0 
0 
0 
0 
0 
0 
0 
0 
0 
0 
0 
0 
0 
0 
0 
0 
0 
0 
0 
0 
0 
0 
0 
0 
0 
0 
0 
0 
0 
0 
0 
0 
0 
0 
0 
0 
0 
0 
0 
0 
0 
0 
0 
0 
0 
0 
0 
0 
0 
0 
0 
0 
0 
0 
0 
0 
0 
0 
0 
0 
0 
0 
0 
0 
0 
0 
0 
0 
0 
0 
0 
0 
0 
0 
0 
0 
0 
0 
0 
0 
0 
0 
0 
0 
0 
0 
0 
0 
0 
0 
0 
0 
0 
0 
0 
0 
0 
0 
0 
0 
0 
0 
0 
0 
0 
0 
0 
0 
0 
0 
0 
0 
0 
0 
0 
0 
0 
0 
0 
0 
0 
0 
0 
0 
0 
0 
0 
0 
0 
0 
0 
0 
0 
0 
0 
0 
0 
0 
0 
0 
0 
0 
0 
0 
0 
0 
0 
0 
0 
0 
0 
0 
0 
0 
0 
0 
0 
0 
0 
0 
0 
0 
0 
0 
0 
0 
0 
0 
0 
0 
0 
0 
0 
0 
0 
0 
0 
0 
0 
0 
0 
0 
0 
0 
0 
0 
0 
0 
0 
0 
0 
0 
0 
0 
0 
0 
0 
0 
0 
0 
0 
0 
0 
0 
0 
0 
0 
0 
0 
0 
0 
0 
0 
0 
0 
0 
0 
0 
0 
0 
0 
0 
0 
0 
0 
0 
0 
0 
0 
0 
0 
0 
0 
0 
0 
0 
0 
0 
0 
0 
0 
0 
0 
0 
0 
0 
0 
0 
0 
0 
0 
0 
0 
0 
0 
0 
0 
0 
0 
0 
0 
0 
0 
0 
0 
0 
0 
0 
0 
0 
0 
0 
0 
0 
0 
0 
0 
0 
0 
0 
0 
0 
0 
0 
0 
0 
0 
0 
0 
0 
0 
0 
0 
0 
0 
0 
0 
0 
0 
0 
0 
0 
0 
0 
0 
0 
0 
0 
0 
0 
0 
0 
0 
0 
0 
0 
0 
0 
0 
0 
0 
0 
0 
0 
0 
0 
0 
0 
0 
0 
0 
0 
0 
0 
0 
0 
0 
0 
0 
0 
0 
0 
0 
0 
0 
0 
0 
0 
0 
0 
0 
0 
0 
0 
0 
0 
0 
0 
0 
0 
0 
0 
0 
0 
0 
0 
0 
0 
0 
0 
0 
0 
0 
0 
0 
0 
0 
0 
0 
0 
0 
0 
0 
0 
0 
0 
0 
0 
0 
0 
0 
0 
0 
0 
0 
0 
0 
0 
0 
0 
0 
0 
0 
0 
0 
0 
0 
0 
0 
0 
0 
0 
0 
0 
0 
0 
0 
0 
0 
0 
0 
0 
0 
0 
0 
0 
0 
0 
0 
0 
0 
0 
0 
0 
0 
0 
0 
0 
0 
0 
0 
0 
0 
0 
0 
0 
0 
0 
0 
0 
0 
0 
0 
0 
0 
0 
0 
0 
0 
0 
0 
0 
0 
0 
0 
0 
0 
0 
0 
0 
0 
0 
0 
0 
0 
0 
0 
0 
0 
0 
0 
0 
0 
0 
0 
0 
0 
0 
0 
0 
0 
0 
0 
0 
0 
0 
0 
0 
0 
0 
0 
0 
0 
0 
0 
0 
0 
0 
0 
0 
0 
0 
0 
0 
0 
0 
0 
0 
0 
0 
0 
0 
0 
0 
0 
0 
0 
0 
0 
0 
0 
0 
0 
0 
0 
0 
0 
0 
0 
0 
0 
0 
0 
0 
0 
0 
0 
0 
0 
0 
0 
0 
0 
0 
0 
0 
0 
0 
0 
0 
0 
0 
0 
0 
0 
0 
0 
0 
0 
0 
0 
0 
0 
0 
0 
0 
0 
0 
0 
0 
0 
0 
0 
0 
0 
0 
0 
0 
0 
0 
0 
0 
0 
0 
0 
0 
0 
0 
0 
0 
0 
0 
0 
0 
0 
0 
0 
0 
0 
0 
0 
0 
0 
0 
0 
0 
0 
0 
0 
0 
0 
0 
0 
0 
0 
0 
0 
0 
0 
0 
0 
0 
0 
0 
0 
0 
0 
0 
0 
0 
0 
0 
0 
0 
0 
0 
0 
0 
0 
0 
0 
0 
0 
0 
0 
0 
0 
0 
0 
0 
0 
0 
0 
0 
0 
0 
0 
0 
0 
0 
0 
0 
0 
0 
0 
0 
0 
0 
0 
0 
0 
0 
0 
0 
0 
0 
0 
0 
0 
0 
0 
0 
0 
0 
0 
0 
0 
0 
0 
0 
0 
0 
0 
0 
0 
0 
0 
0 
0 
0 
0 
0 
0 
0 
0 
0 
0 
0 
0 
0 
0 
0 
0 
0 
0 
0 
0 
0 
0 
0 
0 
0 
0 
0 
0 
0 
0 
0 
0 
0 
0 
0 
0 
0 
0 
0 
0 
0 
0 
0 
0 
0 
0 
0 
0 
0 
0 
0 
0 
0 
0 
0 
0 
0 
0 
0 
0 
0 
0 
0 
0 
0 
0 
0 
0 
0 
0 
0 
0 
0 
0 
0 
0 
0 
0 
0 
0 
0 
0 
0 
0 
0 
0 
0 
0 
0 
0 
0 
0 
0 
0 
0 
0 
0 
0 
0 
0 
0 
0 
0 
0 
0 
0 
0 
0 
0 
0 
0 
0 
0 
0 
0 
0 
0 
0 
0 
0 
0 
0 
0 
0 
0 
0 
0 
0 
0 
0 
0 
0 
0 
0 
0 
0 
0 
0 
0 
0 
0 
0 
0 
0 
0 
0 
0 
0 
0 
0 
0 
0 
0 
0 
0 
0 
0 
0 
0 
0 
0 
0 
0 
0 
0 
0 
0 
0 
0 
0 
0 
0 
0 
0 
0 
0 
0 
0 
0 
0 
0 
0 
0 
0 
0 
0 
0 
0 
0 
0 
0 
0 
0 
0 
0 
0 
0 
0 
0 
0 
0 
0 
0 
0 
0 
0 
0 
0 
0 
0 
0 
0 
0 
0 
0 
0 
0 
0 
0 
0 
0 
0 
0 
0 
0 
0 
0 
0 
0 
0 
0 
0 
0 
0 
0 
0 
0 
0 
0 
0 
0 
0 
0 
0 
0 
0 
0 
0 
0 
0 
0 
0 
0 
0 
0 
0 
0 
0 
0 
0 
0 
0 
0 
0 
0 
0 
0 
0 
0 
0 
0 
0 
0 
0 
0 
0 
0 
0 
0 
0 
0 
0 
0 
0 
0 
0 
0 
0 
0 
0 
0 
0 
0 
0 
0 
0 
0 
0 
0 
0 
0 
0 
0 
0 
0 
0 
0 
0 
0 
0 
0 
0 
0 
0 
0 
0 
0 
0 
0 
0 
0 
0 
0 
0 
0 
0 
0 
0 
0 
0 
0 
0 
0 
0 
0 
0 
0 
0 
0 
0 
0 
0 
0 
0 
0 
0 
0 
0 
0 
0 
0 
0 
0 
0 
0 
0 
0 
0 
0 
0 
0 
0 
0 
0 
0 
0 
0 
0 
0 
0 
0 
0 
0 
0 
0 
0 
0 
0 
0 
0 
0 
0 
0 
0 
0 
0 
0 
0 
0 
0 
0 
0 
0 
0 
0 
0 
0 
0 
0 
0 
0 
0 
0 
0 
0 
0 
0 
0 
0 
0 
0 
0 
0 
0 
0 
0 
0 
0 
0 
0 
0 
0 
0 
0 
0 
0 
0 
0 
0 
0 
0 
0 
0 
0 
0 
0 
0 
0 
0 
0 
0 
0 
0 
0 
0 
0 
0 
0 
0 
0 
0 
0 
0 
0 
0 
0 
0 
0 
0 
0 
0 
0 
0 
0 
0 
0 
0 
0 
0 
0 
0 
0 
0 
0 
0 
0 
0 
0 
0 
0 
0 
0 
0 
0 
0 
0 
0 
0 
0 
0 
0 
0 
0 
0 
0 
0 
0 
0 
0 
0 
0 
0 
0 
0 
0 
0 
0 
0 
0 
0 
0 
0 
0 
0 
0 
0 
0 
0 
0 
0 
0 
0 
0 
0 
0 
0 
0 
0 
0 
0 
0 
0 
0 
0 
0 
0 
0 
0 
0 
0 
0 
0 
0 
0 
0 
0 
0 
0 
0 
0 
0 
0 
0 
0 
0 
0 
0 
0 
0 
0 
0 
0 
0 
0 
0 
0 
0 
0 
0 
0 
0 
0 
0 
0 
0 
0 
0 
0 
0 
0 
0 
0 
0 
0 
0 
0 
0 
0 
0 
0 
0 
0 
0 
0 
0 
0 
0 
0 
0 
0 
0 
0 
0 
0 
0 
0 
0 
0 
0 
0 
0 
0 
0 
0 
0 
0 
0 
0 
0 
0 
0 
0 
0 
0 
0 
0 
0 
0 
0 
0 
0 
0 
0 
0 
0 
0 
0 
0 
0 
0 
0 
0 
0 
0 
0 
0 
0 
0 
0 
0 
0 
0 
0 
0 
0 
0 
0 
0 
0 
0 
0 
0 
0 
0 
0 
0 
0 
0 
0 
0 
0 
0 
0 
0 
0 
0 
0 
0 
0 
0 
0 
0 
0 
0 
0 
0 
0 
0 
0 
0 
0 
0 
0 
0 
0 
0 
0 
0 
0 
0 
0 
0 
0 
0 
0 
0 
0 
0 
0 
0 
0 
0 
0 
0 
0 
0 
0 
0 
0 
0 
0 
0 
0 
0 
0 
0 
0 
0 
0 
0 
0 
0 
0 
0 
0 
0 
0 
0 
0 
0 
0 
0 
0 
0 
0 
0 
0 
0 
0 
0 
0 
0 
0 
0 
0 
0 
0 
0 
0 
0 
0 
0 
0 
0 
0 
0 
0 
0 
0 
0 
0 
0 
0 
0 
0 
0 
0 
0 
0 
0 
0 
0 
0 
0 
0 
0 
0 
0 
0 
0 
0 
0 
0 
0 
0 
0 
0 
0 
0 
0 
0 
0 
0 
0 
0 
0 
0 
0 
0 
0 
0 
0 
0 
0 
0 
0 
0 
0 
0 
0 
0 
0 
0 
0 
0 
0 
0 
0 
0 
0 
0 
0 
0 
0 
0 
0 
0 
0 
0 
0 
0 
0 
0 
0 
0 
0 
0 
0 
0 
0 
0 
0 
0 
0 
0 
0 
0 
0 
0 
0 
0 
0 
0 
0 
0 
0 
0 
0 
0 
0 
0 
0 
0 
0 
0 
0 
0 
0 
0 
0 
0 
0 
0 
0 
0 
0 
0 
0 
0 
0 
0 
0 
0 
0 
0 
0 
0 
0 
0 
0 
0 
0 
0 
0 
0 
0 
0 
0 
0 
0 
0 
0 
0 
0 
0 
0 
0 
0 
0 
0 
0 
0 
0 
0 
0 
0 
0 
0 
0 
0 
0 
0 
0 
0 
0 
0 
0 
0 
0 
0 
0 
0 
0 
0 
0 
0 
0 
0 
0 
0 
0 
0 
0 
0 
0 
0 
0 
0 
0 
0 
0 
0 
0 
0 
0 
0 
0 
0 
0 
0 
0 
0 
0 
0 
0 
0 
0 
0 
0 
0 
0 
0 
0 
0 
0 
0 
0 
0 
0 
0 
0 
0 
0 
0 
0 
0 
0 
0 
0 
0 
0 
0 
0 
0 
0 
0 
0 
0 
0 
0 
0 
0 
0 
0 
0 
0 
0 
0 
0 
0 
0 
0 
0 
0 
0 
0 
0 
0 
0 
0 
0 
0 
0 
0 
0 
0 
0 
0 
0 
0 
0 
0 
0 
0 
0 
0 
0 
0 
0 
0 
0 
0 
0 
0 
0 
0 
0 
0 
0 
0 
0 
0 
0 
0 
0 
0 
0 
0 
0 
0 
0 
0 
0 
0 
0 
0 
0 
0 
0 
0 
0 
0 
0 
0 
0 
0 
0 
0 
0 
0 
0 
0 
0 
0 
0 
0 
0 
0 
0 
0 
0 
0 
0 
0 
0 
0 
0 
0 
0 
0 
0 
0 
0 
0 
0 
0 
0 
0 
0 
0 
0 
0 
0 
0 
0 
0 
0 
0 
0 
0 
0 
0 
0 
0 
0 
0 
0 
0 
0 
0 
0 
0 
0 
0 
0 
0 
0 
0 
0 
0 
0 
0 
0 
0 
0 
0 
0 
0 
0 
0 
0 
0 
0 
0 
0 
0 
0 
0 
0 
0 
0 
0 
0 
0 
0 
0 
0 
0 
0 
0 
0 
0 
0 
0 
0 
0 
0 
0 
0 
0 
0 
0 
0 
0 
0 
0 
0 
0 
0 
0 
0 
0 
0 
0 
0 
0 
0 
0 
0 
0 
0 
0 
0 
0 
0 
0 
0 
0 
0 
0 
0 
0 
0 
0 
0 
0 
0 
0 
0 
0 
0 
0 
0 
0 
0 
0 
0 
0 
0 
0 
0 
0 
0 
0 
0 
0 
0 
0 
0 
0 
0 
0 
0 
0 
0 
0 
0 
0 
0 
0 
0 
0 
0 
0 
0 
0 
0 
0 
0 
0 
0 
0 
0 
0 
0 
0 
0 
0 
0 
0 
0 
0 
0 
0 
0 
0 
0 
0 
0 
0 
0 
0 
0 
0 
0 
0 
0 
0 
0 
0 
0 
0 
0 
0 
0 
0 
0 
0 
0 
0 
0 
0 
0 
0 
0 
0 
0 
0 
0 
0 
0 
0 
0 
0 
0 
0 
0 
0 
0 
0 
0 
0 
0 
0 
0 
0 
0 
0 
0 
0 
0 
0 
0 
0 
0 
0 
0 
0 
0 
0 
0 
0 
0 
0 
0 
0 
0 
0 
0 
0 
0 
0 
0 
0 
0 
0 
0 
0 
0 
0 
0 
0 
0 
0 
0 
0 
0 
0 
0 
0 
0 
0 
0 
0 
0 
0 
0 
0 
0 
0 
0 
0 
0 
0 
0 
0 
0 
0 
0 
0 
0 
0 
0 
0 
0 
0 
0 
0 
0 
0 
0 
0 
0 
0 
0 
0 
0 
0 
0 
0 
0 
0 
0 
0 
0 
0 
0 
0 
0 
0 
0 
0 
0 
0 
0 
0 
0 
0 
0 
0 
0 
0 
0 
0 
0 
0 
0 
0 
0 
0 
0 
0 
0 
0 
0 
0 
0 
0 
0 
0 
0 
0 
0 
0 
0 
0 
0 
0 
0 
0 
0 
0 
0 
0 
0 
0 
0 
0 
0 
0 
0 
0 
0 
0 
0 
0 
0 
0 
0 
0 
0 
0 
0 
0 
0 
0 
0 
0 
0 
0 
0 
0 
0 
0 
0 
0 
0 
0 
0 
0 
0 
0 
0 
0 
0 
0 
0 
0 
0 
0 
0 
0 
0 
0 
0 
0 
0 
0 
0 
0 
0 
0 
0 
0 
0 
0 
0 
0 
0 
0 
0 
0 
0 
0 
0 
0 
0 
0 
0 
0 
0 
0 
0 
0 
0 
0 
0 
0 
0 
0 
0 
0 
0 
0 
0 
0 
0 
0 
0 
0 
0 
0 
0 
0 
0 
0 
0 
0 
0 
0 
0 
0 
0 
0 
0 
0 
0 
0 
0 
0 
0 
0 
0 
0 
0 
0 
0 
0 
0 
0 
0 
0 
0 
0 
0 
0 
0 
0 
0 
0 
0 
0 
0 
0 
0 
0 
0 
0 
0 
0 
0 
0 
0 
0 
0 
0 
0 
0 
0 
0 
0 
0 
0 
0 
0 
0 
0 
0 
0 
0 
0 
0 
0 
0 
0 
0 
0 
0 
0 
0 
0 
0 
0 
0 
0 
0 
0 
0 
0 
0 
0 
0 
0 
0 
0 
0 
0 
0 
0 
0 
0 
0 
0 
0 
0 
0 
0 
0 
0 
0 
0 
0 
0 
0 
0 
0 
0 
0 
0 
0 
0 
0 
0 
0 
0 
0 
0 
0 
0 
0 
0 
0 
0 
0 
0 
0 
0 
0 
0 
0 
0 
0 
0 
0 
0 
0 
0 
0 
0 
0 
0 
0 
0 
0 
0 
0 
0 
0 
0 
0 
0 
0 
0 
0 
0 
0 
0 
0 
0 
0 
0 
0 
0 
0 
0 
0 
0 
0 
0 
0 
0 
0 
0 
0 
0 
0 
0 
0 
0 
0 
0 
0 
0 
0 
0 
0 
0 
0 
0 
0 
0 
0 
0 
0 
0 
0 
0 
0 
0 
0 
0 
0 
0 
0 
0 
0 
0 
0 
0 
0 
0 
0 
0 
0 
0 
0 
0 
0 
0 
0 
0 
0 
0 
0 
0 
0 
0 
0 
0 
0 
0 
0 
0 
0 
0 
0 
0 
0 
0 
0 
0 
0 
0 
0 
0 
0 
0 
0 
0 
0 
0 
0 
0 
0 
0 
0 
0 
0 
0 
0 
0 
0 
0 
0 
0 
0 
0 
0 
0 
0 
0 
0 
0 
0 
0 
0 
0 
0 
0 
0 
0 
0 
0 
0 
0 
0 
0 
0 
0 
0 
0 
0 
0 
0 
0 
0 
0 
0 
0 
0 
0 
0 
0 
0 
0 
0 
0 
0 
0 
0 
0 
0 
0 
0 
0 
0 
0 
0 
0 
0 
0 
0 
0 
0 
0 
0 
0 
0 
0 
0 
0 
0 
0 
0 
0 
0 
0 
0 
0 
0 
0 
0 
0 
0 
0 
0 
0 
0 
0 
0 
0 
0 
0 
0 
0 
0 
0 
0 
0 
0 
0 
0 
0 
0 
0 
0 
0 
0 
0 
0 
0 
0 
0 
0 
0 
0 
0 
0 
0 
0 
0 
0 
0 
0 
0 
0 
0 
0 
0 
0 
0 
0 
0 
0 
0 
0 
0 
0 
0 
0 
0 
0 
0 
0 
0 
0 
0 
0 
0 
0 
0 
0 
0 
0 
0 
0 
0 
0 
0 
0 
0 
0 
0 
0 
0 
0 
0 
0 
0 
0 
0 
0 
0 
0 
0 
0 
0 
0 
0 
0 
0 
0 
0 
0 
0 
0 
0 
0 
0 
0 
0 
0 
0 
0 
0 
0 
0 
0 
0 
0 
0 
0 
0 
0 
0 
0 
0 
0 
0 
0 
0 
0 
0 
0 
0 
0 
0 
0 
0 
0 
0 
0 
0 
0 
0 
0 
0 
0 
0 
0 
0 
0 
0 
0 
0 
0 
0 
0 
0 
0 
0 
0 
0 
0 
0 
0 
0 
0 
0 
0 
0 
0 
0 
0 
0 
0 
0 
0 
0 
0 
0 
0 
0 
0 
0 
0 
0 
0 
0 
0 
0 
0 
0 
0 
0 
0 
0 
0 
0 
0 
0 
0 
0 
0 
0 
0 
0 
0 
0 
0 
0 
0 
0 
0 
0 
0 
0 
0 
0 
0 
0 
0 
0 
0 
0 
0 
0 
0 
0 
0 
0 
0 
0 
0 
0 
0 
0 
0 
0 
0 
0 
0 
0 
0 
0 
0 
0 
0 
0 
0 
0 
0 
0 
0 
0 
0 
0 
0 
0 
0 
0 
0 
0 
0 
0 
0 
0 
0 
0 
0 
0 
0 
0 
0 
0 
0 
0 
0 
0 
0 
0 
0 
0 
0 
0 
0 
0 
0 
0 
0 
0 
0 
0 
0 
0 
0 
0 
0 
0 
0 
0 
0 
0 
0 
0 
0 
0 
0 
0 
0 
0 
0 
0 
0 
0 
0 
0 
0 
0 
0 
0 
0 
0 
0 
0 
0 
0 
0 
0 
0 
0 
0 
0 
0 
0 
0 
0 
0 
0 
0 
0 
0 
0 
0 
0 
0 
0 
0 
0 
0 
0 
0 
0 
0 
0 
0 
0 
0 
0 
0 
0 
0 
0 
0 
0 
0 
0 
0 
0 
0 
0 
0 
0 
0 
0 
0 
0 
0 
0 
0 
0 
0 
0 
0 
0 
0 
0 
0 
0 
0 
0 
0 
0 
0 
0 
0 
0 
0 
0 
0 
0 
0 
0 
0 
0 
0 
0 
0 
0 
0 
0 
0 
0 
0 
0 
0 
0 
0 
0 
0 
0 
0 
0 
0 
0 
0 
0 
0 
0 
0 
0 
0 
0 
0 
0 
0 
0 
0 
0 
0 
0 
0 
0 
0 
0 
0 
0 
0 
0 
0 
0 
0 
0 
0 
0 
0 
0 
0 
0 
0 
0 
0 
0 
0 
0 
0 
0 
0 
0 
0 
0 
0 
0 
0 
0 
0 
0 
0 
0 
0 
0 
0 
0 
0 
0 
0 
0 
0 
0 
0 
0 
0 
0 
0 
0 
0 
0 
0 
0 
0 
0 
0 
0 
0 
0 
0 
0 
0 
0 
0 
0 
0 
0 
0 
0 
0 
0 
0 
0 
0 
0 
0 
0 
0 
0 
0 
0 
0 
0 
0 
0 
0 
0 
0 
0 
0 
0 
0 
0 
0 
0 
0 
0 
0 
0 
0 
0 
0 
0 
0 
0 
0 
0 
0 
0 
0 
0 
0 
0 
0 
0 
0 
0 
0 
0 
0 
0 
0 
0 
0 
0 
0 
0 
0 
0 
0 
0 
0 
0 
0 
0 
0 
0 
0 
0 
0 
0 
0 
0 
0 
0 
0 
0 
0 
0 
0 
0 
0 
0 
0 
0 
0 
0 
0 
0 
0 
0 
0 
0 
0 
0 
0 
0 
0 
0 
0 
0 
0 
0 
0 
0 
0 
0 
0 
0 
0 
0 
0 
0 
0 
0 
0 
0 
0 
0 
0 
0 
0 
0 
0 
0 
0 
0 
0 
0 
0 
0 
0 
0 
0 
0 
0 
0 
0 
0 
0 
0 
0 
0 
0 
0 
0 
0 
0 
0 
0 
0 
0 
0 
0 
0 
0 
0 
0 
0 
0 
0 
0 
0 
0 
0 
0 
0 
0 
0 
0 
0 
0 
0 
0 
0 
0 
0 
0 
0 
0 
0 
0 
0 
0 
0 
0 
0 
0 
0 
0 
0 
0 
0 
0 
0 
0 
0 
0 
0 
0 
0 
0 
0 
0 
0 
0 
0 
0 
0 
0 
0 
0 
0 
0 
0 
0 
0 
0 
0 
0 
0 
0 
0 
0 
0 
0 
0 
0 
0 
0 
0 
0 
0 
0 
0 
0 
0 
0 
0 
0 
0 
0 
0 
0 
0 
0 
0 
0 
0 
0 
0 
0 
0 
0 
0 
0 
0 
0 
0 
0 
0 
0 
0 
0 
0 
0 
0 
0 
0 
0 
0 
0 
0 
0 
0 
0 
0 
0 
0 
0 
0 
0 
0 
0 
0 
0 
0 
0 
0 
0 
0 
0 
0 
0 
0 
0 
0 
0 
0 
0 
0 
0 
0 
0 
0 
0 
0 
0 
0 
0 
0 
0 
0 
0 
0 
0 
0 
0 
0 
0 
0 
0 
0 
0 
0 
0 
0 
0 
0 
0 
0 
0 
0 
0 
0 
0 
0 
0 
0 
0 
0 
0 
0 
0 
0 
0 
0 
0 
0 
0 
0 
0 
0 
0 
0 
0 
0 
0 
0 
0 
0 
0 
0 
0 
0 
0 
0 
0 
0 
0 
0 
0 
0 
0 
0 
0 
0 
0 
0 
0 
0 
0 
0 
0 
0 
0 
0 
0 
0 
0 
0 
0 
0 
0 
0 
0 
0 
0 
0 
0 
0 
0 
0 
0 
0 
0 
0 
0 
0 
0 
0 
0 
0 
0 
0 
0 
0 
0 
0 
0 
0 
0 
0 
0 
0 
0 
0 
0 
0 
0 
0 
0 
0 
0 
0 
0 
0 
0 
0 
0 
0 
0 
0 
0 
0 
0 
0 
0 
0 
0 
0 
0 
0 
0 
0 
0 
0 
0 
0 
0 
0 
0 
0 
0 
0 
0 
0 
0 
0 
0 
0 
0 
0 
0 
0 
0 
0 
0 
0 
0 
0 
0 
0 
0 
0 
0 
0 
0 
0 
0 
0 
0 
0 
0 
0 
0 
0 
0 
0 
0 
0 
0 
0 
0 
0 
0 
0 
0 
0 
0 
0 
0 
0 
0 
0 
0 
0 
0 
0 
0 
0 
0 
0 
0 
0 
0 
0 
0 
0 
0 
0 
0 
0 
0 
0 
0 
0 
0 
0 
0 
0 
0 
0 
0 
0 
0 
0 
0 
0 
0 
0 
0 
0 
0 
0 
0 
0 
0 
0 
0 
0 
0 
0 
0 
0 
0 
0 
0 
0 
0 
0 
0 
0 
0 
0 
0 
0 
0 
0 
0 
0 
0 
0 
0 
0 
0 
0 
0 
0 
0 
0 
0 
0 
0 
0 
0 
0 
0 
0 
0 
0 
0 
0 
0 
0 
0 
0 
0 
0 
0 
0 
0 
0 
0 
0 
0 
0 
0 
0 
0 
0 
0 
0 
0 
0 
0 
0 
0 
0 
0 
0 
0 
0 
0 
0 
0 
0 
0 
0 
0 
0 
0 
0 
0 
0 
0 
0 
0 
0 
0 
0 
0 
0 
0 
0 
0 
0 
0 
0 
0 
0 
0 
0 
0 
0 
0 
0 
0 
0 
0 
0 
0 
0 
0 
0 
0 
0 
0 
0 
0 
0 
0 
0 
0 
0 
0 
0 
0 
0 
0 
0 
0 
0 
0 
0 
0 
0 
0 
0 
0 
0 
0 
0 
0 
0 
0 
0 
0 
0 
0 
0 
0 
0 
0 
0 
0 
0 
0 
0 
0 
0 
0 
0 
0 
0 
0 
0 
0 
0 
0 
0 
0 
0 
0 
0 
0 
0 
0 
0 
0 
0 
0 
0 
0 
0 
0 
0 
0 
0 
0 
0 
0 
0 
0 
0 
0 
0 
0 
0 
0 
0 
0 
0 
0 
0 
0 
0 
0 
0 
0 
0 
0 
0 
0 
0 
0 
0 
0 
0 
0 
0 
0 
0 
0 
0 
0 
0 
0 
0 
0 
0 
0 
0 
0 
0 
0 
0 
0 
0 
0 
0 
0 
0 
0 
0 
0 
0 
0 
0 
0 
0 
0 
0 
0 
0 
0 
0 
0 
0 
0 
0 
0 
0 
0 
0 
0 
0 
0 
0 
0 
0 
0 
0 
0 
0 
0 
0 
0 
0 
0 
0 
0 
0 
0 
0 
0 
0 
0 
0 
0 
0 
0 
0 
0 
0 
0 
0 
0 
0 
0 
0 
0 
0 
0 
0 
0 
0 
0 
0 
0 
0 
0 
0 
0 
0 
0 
0 
0 
0 
0 
0 
0 
0 
0 
0 
0 
0 
0 
0 
0 
0 
0 
0 
0 
0 
0 
0 
0 
0 
0 
0 
0 
0 
0 
0 
0 
0 
0 
0 
0 
0 
0 
0 
0 
0 
0 
0 
0 
0 
0 
0 
0 
0 
0 
0 
0 
0 
0 
0 
0 
0 
0 
0 
0 
0 
0 
0 
0 
0 
0 
0 
0 
0 
0 
0 
0 
0 
0 
0 
0 
0 
0 
0 
0 
0 
0 
0 
0 
0 
0 
0 
0 
0 
0 
0 
0 
0 
0 
0 
0 
0 
0 
0 
0 
0 
0 
0 
0 
0 
0 
0 
0 
0 
0 
0 
0 
0 
0 
0 
0 
0 
0 
0 
0 
0 
0 
0 
0 
0 
0 
0 
0 
0 
0 
0 
0 
0 
0 
0 
0 
0 
0 
0 
0 
0 
0 
0 
0 
0 
0 
0 
0 
0 
0 
0 
0 
0 
0 
0 
0 
0 
0 
0 
0 
0 
0 
0 
0 
0 
0 
0 
0 
0 
0 
0 
0 
0 
0 
0 
0 
0 
0 
0 
0 
0 
0 
0 
0 
0 
0 
0 
0 
0 
0 
0 
0 
0 
0 
0 
0 
0 
0 
0 
0 
0 
0 
0 
0 
0 
0 
0 
0 
0 
0 
0 
0 
0 
0 
0 
0 
0 
0 
0 
0 
0 
0 
0 
0 
0 
0 
0 
0 
0 
0 
0 
0 
0 
0 
0 
0 
0 
0 
0 
0 
0 
0 
0 
0 
0 
0 
0 
0 
0 
0 
0 
0 
0 
0 
0 
0 
0 
0 
0 
0 
0 
0 
0 
0 
0 
0 
0 
0 
0 
0 
0 
0 
0 
0 
0 
0 
0 
0 
0 
0 
0 
0 
0 
0 
0 
0 
0 
0 
0 
0 
0 
0 
0 
0 
0 
0 
0 
0 
0 
0 
0 
0 
0 
0 
0 
0 
0 
0 
0 
0 
0 
0 
0 
0 
0 
0 
0 
0 
0 
0 
0 
0 
0 
0 
0 
0 
0 
0 
0 
0 
0 
0 
0 
0 
0 
0 
0 
0 
0 
0 
0 
0 
0 
0 
0 
0 
0 
0 
0 
0 
0 
0 
0 
0 
0 
0 
0 
0 
0 
0 
0 
0 
0 
0 
0 
0 
0 
0 
0 
0 
0 
0 
0 
0 
0 
0 
0 
0 
0 
0 
0 
0 
0 
0 
0 
0 
0 
0 
0 
0 
0 
0 
0 
0 
0 
0 
0 
0 
0 
0 
0 
0 
0 
0 
0 
0 
0 
0 
0 
0 
0 
0 
0 
0 
0 
0 
0 
0 
0 
0 
0 
0 
0 
0 
0 
0 
0 
0 
0 
0 
0 
0 
0 
0 
0 
0 
0 
0 
0 
0 
0 
0 
0 
0 
0 
0 
0 
0 
0 
0 
0 
0 
0 
0 
0 
0 
0 
0 
0 
0 
0 
0 
0 
0 
0 
0 
0 
0 
0 
0 
0 
0 
0 
0 
0 
0 
0 
0 
0 
0 
0 
0 
0 
0 
0 
0 
0 
0 
0 
0 
0 
0 
0 
0 
0 
0 
0 
0 
0 
0 
0 
0 
0 
0 
0 
0 
0 
0 
0 
0 
0 
0 
0 
0 
0 
0 
0 
0 
0 
0 
0 
0 
0 
0 
0 
0 
0 
0 
0 
0 
0 
0 
0 
0 
0 
0 
0 
0 
0 
0 
0 
0 
0 
0 
0 
0 
0 
0 
0 
0 
0 
0 
0 
0 
0 
0 
0 
0 
0 
0 
0 
0 
0 
0 
0 
0 
0 
0 
0 
0 
0 
0 
0 
0 
0 
0 
0 
0 
0 
0 
0 
0 
0 
0 
0 
0 
0 
0 
0 
0 
0 
0 
0 
0 
0 
0 
0 
0 
0 
0 
0 
0 
0 
0 
0 
0 
0 
0 
0 
0 
0 
0 
0 
0 
0 
0 
0 
0 
0 
0 
0 
0 
0 
0 
0 
0 
0 
0 
0 
0 
0 
0 
0 
0 
0 
0 
0 
0 
0 
0 
0 
0 
0 
0 
0 
0 
0 
0 
0 
0 
0 
0 
0 
0 
0 
0 
0 
0 
0 
0 
0 
0 
0 
0 
0 
0 
0 
0 
0 
0 
0 
0 
0 
0 
0 
0 
0 
0 
0 
0 
0 
0 
0 
0 
0 
0 
0 
0 
0 
0 
0 
0 
0 
0 
0 
0 
0 
0 
0 
0 
0 
0 
0 
0 
0 
0 
0 
0 
0 
0 
0 
0 
0 
0 
0 
0 
0 
0 
0 
0 
0 
0 
0 
0 
0 
0 
0 
0 
0 
0 
0 
0 
0 
0 
0 
0 
0 
0 
0 
0 
0 
0 
0 
0 
0 
0 
0 
0 
0 
0 
0 
0 
0 
0 
0 
0 
0 
0 
0 
0 
0 
0 
0 
0 
0 
0 
0 
0 
0 
0 
0 
0 
0 
0 
0 
0 
0 
0 
0 
0 
0 
0 
0 
0 
0 
0 
0 
0 
0 
0 
0 
0 
0 
0 
0 
0 
0 
0 
0 
0 
0 
0 
0 
0 
0 
0 
0 
0 
0 
0 
0 
0 
0 
0 
0 
0 
0 
0 
0 
0 
0 
0 
0 
0 
0 
0 
0 
0 
0 
0 
0 
0 
0 
0 
0 
0 
0 
0 
0 
0 
0 
0 
0 
0 
0 
0 
0 
0 
0 
0 
0 
0 
0 
0 
0 
0 
0 
0 
0 
0 
0 
0 
0 
0 
0 
0 
0 
0 
0 
0 
0 
0 
0 
0 
0 
0 
0 
0 
0 
0 
0 
0 
0 
0 
0 
0 
0 
0 
0 
0 
0 
0 
0 
0 
0 
0 
0 
0 
0 
0 
0 
0 
0 
0 
0 
0 
0 
0 
0 
0 
0 
0 
0 
0 
0 
0 
0 
0 
0 
0 
0 
0 
0 
0 
0 
0 
0 
0 
0 
0 
0 
0 
0 
0 
0 
0 
0 
0 
0 
0 
0 
0 
0 
0 
0 
0 
0 
0 
0 
0 
0 
0 
0 
0 
0 
0 
0 
0 
0 
0 
0 
0 
0 
0 
0 
0 
0 
0 
0 
0 
0 
0 
0 
0 
0 
0 
0 
0 
0 
0 
0 
0 
0 
0 
0 
0 
0 
0 
0 
0 
0 
0 
0 
0 
0 
0 
0 
0 
0 
0 
0 
0 
0 
0 
0 
0 
0 
0 
0 
0 
0 
0 
0 
0 
0 
0 
0 
0 
0 
0 
0 
0 
0 
0 
0 
0 
0 
0 
0 
0 
0 
0 
0 
0 
0 
0 
0 
0 
0 
0 
0 
0 
0 
0 
0 
0 
0 
0 
0 
0 
0 
0 
0 
0 
0 
0 
0 
0 
0 
0 
0 
0 
0 
0 
0 
0 
0 
0 
0 
0 
0 
0 
0 
0 
0 
0 
0 
0 
0 
0 
0 
0 
0 
0 
0 
0 
0 
0 
0 
0 
0 
0 
0 
0 
0 
0 
0 
0 
0 
0 
0 
0 
0 
0 
0 
0 
0 
0 
0 
0 
0 
0 
0 
0 
0 
0 
0 
0 
0 
0 
0 
0 
0 
0 
0 
0 
0 
0 
0 
0 
0 
0 
0 
0 
0 
0 
0 
0 
0 
0 
0 
0 
0 
0 
0 
0 
0 
0 
0 
0 
0 
0 
0 
0 
0 
0 
0 
0 
0 
0 
0 
0 
0 
0 
0 
0 
0 
0 
0 
0 
0 
0 
0 
0 
0 
0 
0 
0 
0 
0 
0 
0 
0 
0 
0 
0 
0 
0 
0 
0 
0 
0 
0 
0 
0 
0 
0 
0 
0 
0 
0 
0 
0 
0 
0 
0 
0 
0 
0 
0 
0 
0 
0 
0 
0 
0 
0 
0 
0 
0 
0 
0 
0 
0 
0 
0 
0 
0 
0 
0 
0 
0 
0 
0 
0 
0 
0 
0 
0 
0 
0 
0 
0 
0 
0 
0 
0 
0 
0 
0 
0 
0 
0 
0 
0 
0 
0 
0 
0 
0 
0 
0 
0 
0 
0 
0 
0 
0 
0 
0 
0 
0 
0 
0 
0 
0 
0 
0 
0 
0 
0 
0 
0 
0 
0 
0 
0 
0 
0 
0 
0 
0 
0 
0 
0 
0 
0 
0 
0 
0 
0 
0 
0 
0 
0 
0 
0 
0 
0 
0 
0 
0 
0 
0 
0 
0 
0 
0 
0 
0 
0 
0 
0 
0 
0 
0 
0 
0 
0 
0 
0 
0 
0 
0 
0 
0 
0 
0 
0 
0 
0 
0 
0 
0 
0 
0 
0 
0 
0 
0 
0 
0 
0 
0 
0 
0 
0 
0 
0 
0 
0 
0 
0 
0 
0 
0 
0 
0 
0 
0 
0 
0 
0 
0 
0 
0 
0 
0 
0 
0 
0 
0 
0 
0 
0 
0 
0 
0 
0 
0 
0 
0 
0 
0 
0 
0 
0 
0 
0 
0 
0 
0 
0 
0 
0 
0 
0 
0 
0 
0 
0 
0 
0 
0 
0 
0 
0 
0 
0 
0 
0 
0 
0 
0 
0 
0 
0 
0 
0 
0 
0 
0 
0 
0 
0 
0 
0 
0 
0 
0 
0 
0 
0 
0 
0 
0 
0 
0 
0 
0 
0 
0 
0 
0 
0 
0 
0 
0 
0 
0 
0 
0 
0 
0 
0 
0 
0 
0 
0 
0 
0 
0 
0 
0 
0 
0 
0 
0 
0 
0 
0 
0 
0 
0 
0 
0 
0 
0 
0 
0 
0 
0 
0 
0 
0 
0 
0 
0 
0 
0 
0 
0 
0 
0 
0 
0 
0 
0 
0 
0 
0 
0 
0 
0 
0 
0 
0 
0 
0 
0 
0 
0 
0 
0 
0 
0 
0 
0 
0 
0 
0 
0 
0 
0 
0 
0 
0 
0 
0 
0 
0 
0 
0 
0 
0 
0 
0 
0 
0 
0 
0 
0 
0 
0 
0 
0 
0 
0 
0 
0 
0 
0 
0 
0 
0 
0 
0 
0 
0 
0 
0 
0 
0 
0 
0 
0 
0 
0 
0 
0 
0 
0 
0 
0 
0 
0 
0 
0 
0 
0 
0 
0 
0 
0 
0 
0 
0 
0 
0 
0 
0 
0 
0 
0 
0 
0 
0 
0 
0 
0 
0 
0 
0 
0 
0 
0 
0 
0 
0 
0 
0 
0 
0 
0 
0 
0 
0 
0 
0 
0 
0 
0 
0 
0 
0 
0 
0 
0 
0 
0 
0 
0 
0 
0 
0 
0 
0 
0 
0 
0 
0 
0 
0 
0 
0 
0 
0 
0 
0 
0 
0 
0 
0 
0 
0 
0 
0 
0 
0 
0 
0 
0 
0 
0 
0 
0 
0 
0 
0 
0 
0 
0 
0 
0 
0 
0 
0 
0 
0 
0 
0 
0 
0 
0 
0 
0 
0 
0 
0 
0 
0 
0 
0 
0 
0 
0 
0 
0 
0 
0 
0 
0 
0 
0 
0 
0 
0 
0 
0 
0 
0 
0 
0 
0 
0 
0 
0 
0 
0 
0 
0 
0 
0 
0 
0 
0 
0 
0 
0 
0 
0 
0 
0 
0 
0 
0 
0 
0 
0 
0 
0 
0 
0 
0 
0 
0 
0 
0 
0 
0 
0 
0 
0 
0 
0 
0 
0 
0 
0 
0 
0 
0 
0 
0 
0 
0 
0 
0 
0 
0 
0 
0 
0 
0 
0 
0 
0 
0 
0 
0 
0 
0 
0 
0 
0 
0 
0 
0 
0 
0 
0 
0 
0 
0 
0 
0 
0 
0 
0 
0 
0 
0 
0 
0 
0 
0 
0 
0 
0 
0 
0 
0 
0 
0 
0 
0 
0 
0 
0 
0 
0 
0 
0 
0 
0 
0 
0 
0 
0 
0 
0 
0 
0 
0 
0 
0 
0 
0 
0 
0 
0 
0 
0 
0 
0 
0 
0 
0 
0 
0 
0 
0 
0 
0 
0 
0 
0 
0 
0 
0 
0 
0 
0 
0 
0 
0 
0 
0 
0 
0 
0 
0 
0 
0 
0 
0 
0 
0 
0 
0 
0 
0 
0 
0 
0 
0 
0 
0 
0 
0 
0 
0 
0 
0 
0 
0 
0 
0 
0 
0 
0 
0 
0 
0 
0 
0 
0 
0 
0 
0 
0 
0 
0 
0 
0 
0 
0 
0 
0 
0 
0 
0 
0 
0 
0 
0 
0 
0 
0 
0 
0 
0 
0 
0 
0 
0 
0 
0 
0 
0 
0 
0 
0 
0 
0 
0 
0 
0 
0 
0 
0 
0 
0 
0 
0 
0 
0 
0 
0 
0 
0 
0 
0 
0 
0 
0 
0 
0 
0 
0 
0 
0 
0 
0 
0 
0 
0 
0 
0 
0 
0 
0 
0 
0 
0 
0 
0 
0 
0 
0 
0 
0 
0 
0 
0 
0 
0 
0 
0 
0 
0 
0 
0 
0 
0 
0 
0 
0 
0 
0 
0 
0 
0 
0 
0 
0 
0 
0 
0 
0 
0 
0 
0 
0 
0 
0 
0 
0 
0 
0 
0 
0 
0 
0 
0 
0 
0 
0 
0 
0 
0 
0 
0 
0 
0 
0 
0 
0 
0 
0 
0 
0 
0 
0 
0 
0 
0 
0 
0 
0 
0 
0 
0 
0 
0 
0 
0 
0 
0 
0 
0 
0 
0 
0 
0 
0 
0 
0 
0 
0 
0 
0 
0 
0 
0 
0 
0 
0 
0 
0 
0 
0 
0 
0 
0 
0 
0 
0 
0 
0 
0 
0 
0 
0 
0 
0 
0 
0 
0 
0 
0 
0 
0 
0 
0 
0 
0 
0 
0 
0 
0 
0 
0 
0 
0 
0 
0 
0 
0 
0 
0 
0 
0 
0 
0 
0 
0 
0 
0 
0 
0 
0 
0 
0 
0 
0 
0 
0 
0 
0 
0 
0 
0 
0 
0 
0 
0 
0 
0 
0 
0 
0 
0 
0 
0 
0 
0 
0 
0 
0 
0 
0 
0 
0 
0 
0 
0 
0 
0 
0 
0 
0 
0 
0 
0 
0 
0 
0 
0 
0 
0 
0 
0 
0 
0 
0 
0 
0 
0 
0 
0 
0 
0 
0 
0 
0 
0 
0 
0 
0 
0 
0 
0 
0 
0 
0 
0 
0 
0 
0 
0 
0 
0 
0 
0 
0 
0 
0 
0 
0 
0 
0 
0 
0 
0 
0 
0 
0 
0 
0 
0 
0 
0 
0 
0 
0 
0 
0 
0 
0 
0 
0 
0 
0 
0 
0 
0 
0 
0 
0 
0 
0 
0 
0 
0 
0 
0 
0 
0 
0 
0 
0 
0 
0 
0 
0 
0 
0 
0 
0 
0 
0 
0 
0 
0 
0 
0 
0 
0 
0 
0 
0 
0 
0 
0 
0 
0 
0 
0 
0 
0 
0 
0 
0 
0 
0 
0 
0 
0 
0 
0 
0 
0 
0 
0 
0 
0 
0 
0 
0 
0 
0 
0 
0 
0 
0 
0 
0 
0 
0 
0 
0 
0 
0 
0 
0 
0 
0 
0 
0 
0 
0 
0 
0 
0 
0 
0 
0 
0 
0 
0 
0 
0 
0 
0 
0 
0 
0 
0 
0 
0 
0 
0 
0 
0 
0 
0 
0 
0 
0 
0 
0 
0 
0 
0 
0 
0 
0 
0 
0 
0 
0 
0 
0 
0 
0 
0 
0 
0 
0 
0 
0 
0 
0 
0 
0 
0 
0 
0 
0 
0 
0 
0 
0 
0 
0 
0 
0 
0 
0 
0 
0 
0 
0 
0 
0 
0 
0 
0 
0 
0 
0 
0 
0 
0 
0 
0 
0 
0 
0 
0 
0 
0 
0 
0 
0 
0 
0 
0 
0 
0 
0 
0 
0 
0 
0 
0 
0 
0 
0 
0 
0 
0 
0 
0 
0 
0 
0 
0 
0 
0 
0 
0 
0 
0 
0 
0 
0 
0 
0 
0 
0 
0 
0 
0 
0 
0 
0 
0 
0 
0 
0 
0 
0 
0 
0 
0 
0 
0 
0 
0 
0 
0 
0 
0 
0 
0 
0 
0 
0 
0 
0 
0 
0 
0 
0 
0 
0 
0 
0 
0 
0 
0 
0 
0 
0 
0 
0 
0 
0 
0 
0 
0 
0 
0 
0 
0 
0 
0 
0 
0 
0 
0 
0 
0 
0 
0 
0 
0 
0 
0 
0 
0 
0 
0 
0 
0 
0 
0 
0 
0 
0 
0 
0 
0 
0 
0 
0 
0 
0 
0 
0 
0 
0 
0 
0 
0 
0 
0 
0 
0 
0 
0 
0 
0 
0 
0 
0 
0 
0 
0 
0 
0 
0 
0 
0 
0 
0 
0 
0 
0 
0 
0 
0 
0 
0 
0 
0 
0 
0 
0 
0 
0 
0 
0 
0 
0 
0 
0 
0 
0 
0 
0 
0 
0 
0 
0 
0 
0 
0 
0 
0 
0 
0 
0 
0 
0 
0 
0 
0 
0 
0 
0 
0 
0 
0 
0 
0 
0 
0 
0 
0 
0 
0 
0 
0 
0 
0 
0 
0 
0 
0 
0 
0 
0 
0 
0 
0 
0 
0 
0 
0 
0 
0 
0 
0 
0 
0 
0 
0 
0 
0 
0 
0 
0 
0 
0 
0 
0 
0 
0 
0 
0 
0 
0 
0 
0 
0 
0 
0 
0 
0 
0 
0 
0 
0 
0 
0 
0 
0 
0 
0 
0 
0 
0 
0 
0 
0 
0 
0 
0 
0 
0 
0 
0 
0 
0 
0 
0 
0 
0 
0 
0 
0 
0 
0 
0 
0 
0 
0 
0 
0 
0 
0 
0 
0 
0 
0 
0 
0 
0 
0 
0 
0 
0 
0 
0 
0 
0 
0 
0 
0 
0 
0 
0 
0 
0 
0 
0 
0 
0 
0 
0 
0 
0 
0 
0 
0 
0 
0 
0 
0 
0 
0 
0 
0 
0 
0 
0 
0 
0 
0 
0 
0 
0 
0 
0 
0 
0 
0 
0 
0 
0 
0 
0 
0 
0 
0 
0 
0 
0 
0 
0 
0 
0 
0 
0 
0 
0 
0 
0 
0 
0 
0 
0 
0 
0 
0 
0 
0 
0 
0 
0 
0 
0 
0 
0 
0 
0 
0 
0 
0 
0 
0 
0 
0 
0 
0 
0 
0 
0 
0 
0 
0 
0 
0 
0 
0 
0 
0 
0 
0 
0 
0 
0 
0 
0 
0 
0 
0 
0 
0 
0 
0 
0 
0 
0 
0 
0 
0 
0 
0 
0 
0 
0 
0 
0 
0 
0 
0 
0 
0 
0 
0 
0 
0 
0 
0 
0 
0 
0 
0 
0 
0 
0 
0 
0 
0 
0 
0 
0 
0 
0 
0 
0 
0 
0 
0 
0 
0 
0 
0 
0 
0 
0 
0 
0 
0 
0 
0 
0 
0 
0 
0 
0 
0 
0 
0 
0 
0 
0 
0 
0 
0 
0 
0 
0 
0 
0 
0 
0 
0 
0 
0 
0 
0 
0 
0 
0 
0 
0 
0 
0 
0 
0 
0 
0 
0 
0 
0 
0 
0 
0 
0 
0 
0 
0 
0 
0 
0 
0 
0 
0 
0 
0 
0 
0 
0 
0 
0 
0 
0 
0 
0 
0 
0 
0 
0 
0 
0 
0 
0 
0 
0 
0 
0 
0 
0 
0 
0 
0 
0 
0 
0 
0 
0 
0 
0 
0 
0 
0 
0 
0 
0 
0 
0 
0 
0 
0 
0 
0 
0 
0 
0 
0 
0 
0 
0 
0 
0 
0 
0 
0 
0 
0 
0 
0 
0 
0 
0 
0 
0 
0 
0 
0 
0 
0 
0 
0 
0 
0 
0 
0 
0 
0 
0 
0 
0 
0 
0 
0 
0 
0 
0 
0 
0 
0 
0 
0 
0 
0 
0 
0 
0 
0 
0 
0 
0 
0 
0 
0 
0 
0 
0 
0 
0 
0 
0 
0 
0 
0 
0 
0 
0 
0 
0 
0 
0 
0 
0 
0 
0 
0 
0 
0 
0 
0 
0 
0 
0 
0 
0 
0 
0 
0 
0 
0 
0 
0 
0 
0 
0 
0 
0 
0 
0 
0 
0 
0 
0 
0 
0 
0 
0 
0 
0 
0 
0 
0 
0 
0 
0 
0 
0 
0 
0 
0 
0 
0 
0 
0 
0 
0 
0 
0 
0 
0 
0 
0 
0 
0 
0 
0 
0 
0 
0 
0 
0 
0 
0 
0 
0 
0 
0 
0 
0 
0 
0 
0 
0 
0 
0 
0 
0 
0 
0 
0 
0 
0 
0 
0 
0 
0 
0 
0 
0 
0 
0 
0 
0 
0 
0 
0 
0 
0 
0 
0 
0 
0 
0 
0 
0 
0 
0 
0 
0 
0 
0 
0 
0 
0 
0 
0 
0 
0 
0 
0 
0 
0 
0 
0 
0 
0 
0 
0 
0 
0 
0 
0 
0 
0 
0 
0 
0 
0 
0 
0 
0 
0 
0 
0 
0 
0 
0 
0 
0 
0 
0 
0 
0 
0 
0 
0 
0 
0 
0 
0 
0 
0 
0 
0 
0 
0 
0 
0 
0 
0 
0 
0 
0 
0 
0 
0 
0 
0 
0 
0 
0 
0 
0 
0 
0 
0 
0 
0 
0 
0 
0 
0 
0 
0 
0 
0 
0 
0 
0 
0 
0 
0 
0 
0 
0 
0 
0 
0 
0 
0 
0 
0 
0 
0 
0 
0 
0 
0 
0 
0 
0 
0 
0 
0 
0 
0 
0 
0 
0 
0 
0 
0 
0 
0 
0 
0 
0 
0 
0 
0 
0 
0 
0 
0 
0 
0 
0 
0 
0 
0 
0 
0 
0 
0 
0 
0 
0 
0 
0 
0 
0 
0 
0 
0 
0 
0 
0 
0 
0 
0 
0 
0 
0 
0 
0 
0 
0 
0 
0 
0 
0 
0 
0 
0 
0 
0 
0 
0 
0 
0 
0 
0 
0 
0 
0 
0 
0 
0 
0 
0 
0 
0 
0 
0 
0 
0 
0 
0 
0 
0 
0 
0 
0 
0 
0 
0 
0 
0 
0 
0 
0 
0 
0 
0 
0 
0 
0 
0 
0 
0 
0 
0 
0 
0 
0 
0 
0 
0 
0 
0 
0 
0 
0 
0 
0 
0 
0 
0 
0 
0 
0 
0 
0 
0 
0 
0 
0 
0 
0 
0 
0 
0 
0 
0 
0 
0 
0 
0 
0 
0 
0 
0 
0 
0 
0 
0 
0 
0 
0 
0 
0 
0 
0 
0 
0 
0 
0 
0 
0 
0 
0 
0 
0 
0 
0 
0 
0 
0 
0 
0 
0 
0 
0 
0 
0 
0 
0 
0 
0 
0 
0 
0 
0 
0 
0 
0 
0 
0 
0 
0 
0 
0 
0 
0 
0 
0 
0 
0 
0 
0 
0 
0 
0 
0 
0 
0 
0 
0 
0 
0 
0 
0 
0 
0 
0 
0 
0 
0 
0 
0 
0 
0 
0 
0 
0 
0 
0 
0 
0 
0 
0 
0 
0 
0 
0 
0 
0 
0 
0 
0 
0 
0 
0 
0 
0 
0 
0 
0 
0 
0 
0 
0 
0 
0 
0 
0 
0 
0 
0 
0 
0 
0 
0 
0 
0 
0 
0 
0 
0 
0 
0 
0 
0 
0 
0 
0 
0 
0 
0 
0 
0 
0 
0 
0 
0 
0 
0 
0 
0 
0 
0 
0 
0 
0 
0 
0 
0 
0 
0 
0 
0 
0 
0 
0 
0 
0 
0 
0 
0 
0 
0 
0 
0 
0 
0 
0 
0 
0 
0 
0 
0 
0 
0 
0 
0 
0 
0 
0 
0 
0 
0 
0 
0 
0 
0 
0 
0 
0 
0 
0 
0 
0 
0 
0 
0 
0 
0 
0 
0 
0 
0 
0 
0 
0 
0 
0 
0 
0 
0 
0 
0 
0 
0 
0 
0 
0 
0 
0 
0 
0 
0 
0 
0 
0 
0 
0 
0 
0 
0 
0 
0 
0 
0 
0 
0 
0 
0 
0 
0 
0 
0 
0 
0 
0 
0 
0 
0 
0 
0 
0 
0 
0 
0 
0 
0 
0 
0 
0 
0 
0 
0 
0 
0 
0 
0 
0 
0 
0 
0 
0 
0 
0 
0 
0 
0 
0 
0 
0 
0 
0 
0 
0 
0 
0 
0 
0 
0 
0 
0 
0 
0 
0 
0 
0 
0 
0 
0 
0 
0 
0 
0 
0 
0 
0 
0 
0 
0 
0 
0 
0 
0 
0 
0 
0 
0 
0 
0 
0 
0 
0 
0 
0 
0 
0 
0 
0 
0 
0 
0 
0 
0 
0 
0 
0 
0 
0 
0 
0 
0 
0 
0 
0 
0 
0 
0 
0 
0 
0 
0 
0 
0 
0 
0 
0 
0 
0 
0 
0 
0 
0 
0 
0 
0 
0 
0 
0 
0 
0 
0 
0 
0 
0 
0 
0 
0 
0 
0 
0 
0 
0 
0 
0 
0 
0 
0 
0 
0 
0 
0 
0 
0 
0 
0 
0 
0 
0 
0 
0 
0 
0 
0 
0 
0 
0 
0 
0 
0 
0 
0 
0 
0 
0 
0 
0 
0 
0 
0 
0 
0 
0 
0 
0 
0 
0 
0 
0 
0 
0 
0 
0 
0 
0 
0 
0 
0 
0 
0 
0 
0 
0 
0 
0 
0 
0 
0 
0 
0 
0 
0 
0 
0 
0 
0 
0 
0 
0 
0 
0 
0 
0 
0 
0 
0 
0 
0 
0 
0 
0 
0 
0 
0 
0 
0 
0 
0 
0 
0 
0 
0 
0 
0 
0 
0 
0 
0 
0 
0 
0 
0 
0 
0 
0 
0 
0 
0 
0 
0 
0 
0 
0 
0 
0 
0 
0 
0 
0 
0 
0 
0 
0 
0 
0 
0 
0 
0 
0 
0 
0 
0 
0 
0 
0 
0 
0 
0 
0 
0 
0 
0 
0 
0 
0 
0 
0 
0 
0 
0 
0 
0 
0 
0 
0 
0 
0 
0 
0 
0 
0 
0 
0 
0 
0 
0 
0 
0 
0 
0 
0 
0 
0 
0 
0 
0 
0 
0 
0 
0 
0 
0 
0 
0 
0 
0 
0 
0 
0 
0 
0 
0 
0 
0 
0 
0 
0 
0 
0 
0 
0 
0 
0 
0 
0 
0 
0 
0 
0 
0 
0 
0 
0 
0 
0 
0 
0 
0 
0 
0 
0 
0 
0 
0 
0 
0 
0 
0 
0 
0 
0 
0 
0 
0 
0 
0 
0 
0 
0 
0 
0 
0 
0 
0 
0 
0 
0 
0 
0 
0 
0 
0 
0 
0 
0 
0 
0 
0 
0 
0 
0 
0 
0 
0 
0 
0 
0 
0 
0 
0 
0 
0 
0 
0 
0 
0 
0 
0 
0 
0 
0 
0 
0 
0 
0 
0 
0 
0 
0 
0 
0 
0 
0 
0 
0 
0 
0 
0 
0 
0 
0 
0 
0 
0 
0 
0 
0 
0 
0 
0 
0 
0 
0 
0 
0 
0 
0 
0 
0 
0 
0 
0 
0 
0 
0 
0 
0 
0 
0 
0 
0 
0 
0 
0 
0 
0 
0 
0 
0 
0 
0 
0 
0 
0 
0 
0 
0 
0 
0 
0 
0 
0 
0 
0 
0 
0 
0 
0 
0 
0 
0 
0 
0 
0 
0 
0 
0 
0 
0 
0 
0 
0 
0 
0 
0 
0 
0 
0 
0 
0 
0 
0 
0 
0 
0 
0 
0 
0 
0 
0 
0 
0 
0 
0 
0 
0 
0 
0 
0 
0 
0 
0 
0 
0 
0 
0 
0 
0 
0 
0 
0 
0 
0 
0 
0 
0 
0 
0 
0 
0 
0 
0 
0 
0 
0 
0 
0 
0 
0 
0 
0 
0 
0 
0 
0 
0 
0 
0 
0 
0 
0 
0 
0 
0 
0 
0 
0 
0 
0 
0 
0 
0 
0 
0 
0 
0 
0 
0 
0 
0 
0 
0 
0 
0 
0 
0 
0 
0 
0 
0 
0 
0 
0 
0 
0 
0 
0 
0 
0 
0 
0 
0 
0 
0 
0 
0 
0 
0 
0 
0 
0 
0 
0 
0 
0 
0 
0 
0 
0 
0 
0 
0 
0 
0 
0 
0 
0 
0 
0 
0 
0 
0 
0 
0 
0 
0 
0 
0 
0 
0 
0 
0 
0 
0 
0 
0 
0 
0 
0 
0 
0 
0 
0 
0 
0 
0 
0 
0 
0 
0 
0 
0 
0 
0 
0 
0 
0 
0 
0 
0 
0 
0 
0 
0 
0 
0 
0 
0 
0 
0 
0 
0 
0 
0 
0 
0 
0 
0 
0 
0 
0 
0 
0 
0 
0 
0 
0 
0 
0 
0 
0 
0 
0 
0 
0 
0 
0 
0 
0 
0 
0 
0 
0 
0 
0 
0 
0 
0 
0 
0 
0 
0 
0 
0 
0 
0 
0 
0 
0 
0 
0 
0 
0 
0 
0 
0 
0 
0 
0 
0 
0 
0 
0 
0 
0 
0 
0 
0 
0 
0 
0 
0 
0 
0 
0 
0 
0 
0 
0 
0 
0 
0 
0 
0 
0 
0 
0 
0 
0 
0 
0 
0 
0 
0 
0 
0 
0 
0 
0 
0 
0 
0 
0 
0 
0 
0 
0 
0 
0 
0 
0 
0 
0 
0 
0 
0 
0 
0 
0 
0 
0 
0 
0 
0 
0 
0 
0 
0 
0 
0 
0 
0 
0 
0 
0 
0 
0 
0 
0 
0 
0 
0 
0 
0 
0 
0 
0 
0 
0 
0 
0 
0 
0 
0 
0 
0 
0 
0 
0 
0 
0 
0 
0 
0 
0 
0 
0 
0 
0 
0 
0 
0 
0 
0 
0 
0 
0 
0 
0 
0 
0 
0 
0 
0 
0 
0 
0 
0 
0 
0 
0 
0 
0 
0 
0 
0 
0 
0 
0 
0 
0 
0 
0 
0 
0 
0 
0 
0 
0 
0 
0 
0 
0 
0 
0 
0 
0 
0 
0 
0 
0 
0 
0 
0 
0 
0 
0 
0 
0 
0 
0 
0 
0 
0 
0 
0 
0 
0 
0 
0 
0 
0 
0 
0 
0 
0 
0 
0 
0 
0 
0 
0 
0 
0 
0 
0 
0 
0 
0 
0 
0 
0 
0 
0 
0 
0 
0 
0 
0 
0 
0 
0 
0 
0 
0 
0 
0 
0 
0 
0 
0 
0 
0 
0 
0 
0 
0 
0 
0 
0 
0 
0 
0 
0 
0 
0 
0 
0 
0 
0 
0 
0 
0 
0 
0 
0 
0 
0 
0 
0 
0 
0 
0 
0 
0 
0 
0 
0 
0 
0 
0 
0 
0 
0 
0 
0 
0 
0 
0 
0 
0 
0 
0 
0 
0 
0 
0 
0 
0 
0 
0 
0 
0 
0 
0 
0 
0 
0 
0 
0 
0 
0 
0 
0 
0 
0 
0 
0 
0 
0 
0 
0 
0 
0 
0 
0 
0 
0 
0 
0 
0 
0 
0 
0 
0 
0 
0 
0 
0 
0 
0 
0 
0 
0 
0 
0 
0 
0 
0 
0 
0 
0 
0 
0 
0 
0 
0 
0 
0 
0 
0 
0 
0 
0 
0 
0 
0 
0 
0 
0 
0 
0 
0 
0 
0 
0 
0 
0 
0 
0 
0 
0 
0 
0 
0 
0 
0 
0 
0 
0 
0 
0 
0 
0 
0 
0 
0 
0 
0 
0 
0 
0 
0 
0 
0 
0 
0 
0 
0 
0 
0 
0 
0 
0 
0 
0 
0 
0 
0 
0 
0 
0 
0 
0 
0 
0 
0 
0 
0 
0 
0 
0 
0 
0 
0 
0 
0 
0 
0 
0 
0 
0 
0 
0 
0 
0 
0 
0 
0 
0 
0 
0 
0 
0 
0 
0 
0 
0 
0 
0 
0 
0 
0 
0 
0 
0 
0 
0 
0 
0 
0 
0 
0 
0 
0 
0 
0 
0 
0 
0 
0 
0 
0 
0 
0 
0 
0 
0 
0 
0 
0 
0 
0 
0 
0 
0 
0 
0 
0 
0 
0 
0 
0 
0 
0 
0 
0 
0 
0 
0 
0 
0 
0 
0 
0 
0 
0 
0 
0 
0 
0 
0 
0 
0 
0 
0 
0 
0 
0 
0 
0 
0 
0 
0 
0 
0 
0 
0 
0 
0 
0 
0 
0 
0 
0 
0 
0 
0 
0 
0 
0 
0 
0 
0 
0 
0 
0 
0 
0 
0 
0 
0 
0 
0 
0 
0 
0 
0 
0 
0 
0 
0 
0 
0 
0 
0 
0 
0 
0 
0 
0 
0 
0 
0 
0 
0 
0 
0 
0 
0 
0 
0 
0 
0 
0 
0 
0 
0 
0 
0 
0 
0 
0 
0 
0 
0 
0 
0 
0 
0 
0 
0 
0 
0 
0 
0 
0 
0 
0 
0 
0 
0 
0 
0 
0 
0 
0 
0 
0 
0 
0 
0 
0 
0 
0 
0 
0 
0 
0 
0 
0 
0 
0 
0 
0 
0 
0 
0 
0 
0 
0 
0 
0 
0 
0 
0 
0 
0 
0 
0 
0 
0 
0 
0 
0 
0 
0 
0 
0 
0 
0 
0 
0 
0 
0 
0 
0 
0 
0 
0 
0 
0 
0 
0 
0 
0 
0 
0 
0 
0 
0 
0 
0 
0 
0 
0 
0 
0 
0 
0 
0 
0 
0 
0 
0 
0 
0 
0 
0 
0 
0 
0 
0 
0 
0 
0 
0 
0 
0 
0 
0 
0 
0 
0 
0 
0 
0 
0 
0 
0 
0 
0 
0 
0 
0 
0 
0 
0 
0 
0 
0 
0 
0 
0 
0 
0 
0 
0 
0 
0 
0 
0 
0 
0 
0 
0 
0 
0 
0 
0 
0 
0 
0 
0 
0 
0 
0 
0 
0 
0 
0 
0 
0 
0 
0 
0 
0 
0 
0 
0 
0 
0 
0 
0 
0 
0 
0 
0 
0 
0 
0 
0 
0 
0 
0 
0 
0 
0 
0 
0 
0 
0 
0 
0 
0 
0 
0 
0 
0 
0 
0 
0 
0 
0 
0 
0 
0 
0 
0 
0 
0 
0 
0 
0 
0 
0 
0 
0 
0 
0 
0 
0 
0 
0 
0 
0 
0 
0 
0 
0 
0 
0 
0 
0 
0 
0 
0 
0 
0 
0 
0 
0 
0 
0 
0 
0 
0 
0 
0 
0 
0 
0 
0 
0 
0 
0 
0 
0 
0 
0 
0 
0 
0 
0 
0 
0 
0 
0 
0 
0 
0 
0 
0 
0 
0 
0 
0 
0 
0 
0 
0 
0 
0 
0 
0 
0 
0 
0 
0 
0 
0 
0 
0 
0 
0 
0 
0 
0 
0 
0 
0 
0 
0 
0 
0 
0 
0 
0 
0 
0 
0 
0 
0 
0 
0 
0 
0 
0 
0 
0 
0 
0 
0 
0 
0 
0 
0 
0 
0 
0 
0 
0 
0 
0 
0 
0 
0 
0 
0 
0 
0 
0 
0 
0 
0 
0 
0 
0 
0 
0 
0 
0 
0 
0 
0 
0 
0 
0 
0 
0 
0 
0 
0 
0 
0 
0 
0 
0 
0 
0 
0 
0 
0 
0 
0 
0 
0 
0 
0 
0 
0 
0 
0 
0 
0 
0 
0 
0 
0 
0 
0 
0 
0 
0 
0 
0 
0 
0 
0 
0 
0 
0 
0 
0 
0 
0 
0 
0 
0 
0 
0 
0 
0 
0 
0 
0 
0 
0 
0 
0 
0 
0 
0 
0 
0 
0 
0 
0 
0 
0 
0 
0 
0 
0 
0 
0 
0 
0 
0 
0 
0 
0 
0 
0 
0 
0 
0 
0 
0 
0 
0 
0 
0 
0 
0 
0 
0 
0 
0 
0 
0 
0 
0 
0 
0 
0 
0 
0 
0 
0 
0 
0 
0 
0 
0 
0 
0 
0 
0 
0 
0 
0 
0 
0 
0 
0 
0 
0 
0 
0 
0 
0 
0 
0 
0 
0 
0 
0 
0 
0 
0 
0 
0 
0 
0 
0 
0 
0 
0 
0 
0 
0 
0 
0 
0 
0 
0 
0 
0 
0 
0 
0 
0 
0 
0 
0 
0 
0 
0 
0 
0 
0 
0 
0 
0 
0 
0 
0 
0 
0 
0 
0 
0 
0 
0 
0 
0 
0 
0 
0 
0 
0 
0 
0 
0 
0 
0 
0 
0 
0 
0 
0 
0 
0 
0 
0 
0 
0 
0 
0 
0 
0 
0 
0 
0 
0 
0 
0 
0 
0 
0 
0 
0 
0 
0 
0 
0 
0 
0 
0 
0 
0 
0 
0 
0 
0 
0 
0 
0 
0 
0 
0 
0 
0 
0 
0 
0 
0 
0 
0 
0 
0 
0 
0 
0 
0 
0 
0 
0 
0 
0 
0 
0 
0 
0 
0 
0 
0 
0 
0 
0 
0 
0 
0 
0 
0 
0 
0 
0 
0 
0 
0 
0 
0 
0 
0 
0 
0 
0 
0 
0 
0 
0 
0 
0 
0 
0 
0 
0 
0 
0 
0 
0 
0 
0 
0 
0 
0 
0 
0 
0 
0 
0 
0 
0 
0 
0 
0 
0 
0 
0 
0 
0 
0 
0 
0 
0 
0 
0 
0 
0 
0 
0 
0 
0 
0 
0 
0 
0 
0 
0 
0 
0 
0 
0 
0 
0 
0 
0 
0 
0 
0 
0 
0 
0 
0 
0 
0 
0 
0 
0 
0 
0 
0 
0 
0 
0 
0 
0 
0 
0 
0 
0 
0 
0 
0 
0 
0 
0 
0 
0 
0 
0 
0 
0 
0 
0 
0 
0 
0 
0 
0 
0 
0 
0 
0 
0 
0 
0 
0 
0 
0 
0 
0 
0 
0 
0 
0 
0 
0 
0 
0 
0 
0 
0 
0 
0 
0 
0 
0 
0 
0 
0 
0 
0 
0 
0 
0 
0 
0 
0 
0 
0 
0 
0 
0 
0 
0 
0 
0 
0 
0 
0 
0 
0 
0 
0 
0 
0 
0 
0 
0 
0 
0 
0 
0 
0 
0 
0 
0 
0 
0 
0 
0 
0 
0 
0 
0 
0 
0 
0 
0 
0 
0 
0 
0 
0 
0 
0 
0 
0 
0 
0 
0 
0 
0 
0 
0 
0 
0 
0 
0 
0 
0 
0 
0 
0 
0 
0 
0 
0 
0 
0 
0 
0 
0 
0 
0 
0 
0 
0 
0 
0 
0 
0 
0 
0 
0 
0 
0 
0 
0 
0 
0 
0 
0 
0 
0 
0 
0 
0 
0 
0 
0 
0 
0 
0 
0 
0 
0 
0 
0 
0 
0 
0 
0 
0 
0 
0 
0 
0 
0 
0 
0 
0 
0 
0 
0 
0 
0 
0 
0 
0 
0 
0 
0 
0 
0 
0 
0 
0 
0 
0 
0 
0 
0 
0 
0 
0 
0 
0 
0 
0 
0 
0 
0 
0 
0 
0 
0 
0 
0 
0 
0 
0 
0 
0 
0 
0 
0 
0 
0 
0 
0 
0 
0 
0 
0 
0 
0 
0 
0 
0 
0 
0 
0 
0 
0 
0 
0 
0 
0 
0 
0 
0 
0 
0 
0 
0 
0 
0 
0 
0 
0 
0 
0 
0 
0 
0 
0 
0 
0 
0 
0 
0 
0 
0 
0 
0 
0 
0 
0 
0 
0 
0 
0 
0 
0 
0 
0 
0 
0 
0 
0 
0 
0 
0 
0 
0 
0 
0 
0 
0 
0 
0 
0 
0 
0 
0 
0 
0 
0 
0 
0 
0 
0 
0 
0 
0 
0 
0 
0 
0 
0 
0 
0 
0 
0 
0 
0 
0 
0 
0 
0 
0 
0 
0 
0 
0 
0 
0 
0 
0 
0 
0 
0 
0 
0 
0 
0 
0 
0 
0 
0 
0 
0 
0 
0 
0 
0 
0 
0 
0 
0 
0 
0 
0 
0 
0 
0 
0 
0 
0 
0 
0 
0 
0 
0 
0 
0 
0 
0 
0 
0 
0 
0 
0 
0 
0 
0 
0 
0 
0 
0 
0 
0 
0 
0 
0 
0 
0 
0 
0 
0 
0 
0 
0 
0 
0 
0 
0 
0 
0 
0 
0 
0 
0 
0 
0 
0 
0 
0 
0 
0 
0 
0 
0 
0 
0 
0 
0 
0 
0 
0 
0 
0 
0 
0 
0 
0 
0 
0 
0 
0 
0 
0 
0 
0 
0 
0 
0 
0 
0 
0 
0 
0 
0 
0 
0 
0 
0 
0 
0 
0 
0 
0 
0 
0 
0 
0 
0 
0 
0 
0 
0 
0 
0 
0 
0 
0 
0 
0 
0 
0 
0 
0 
0 
0 
0 
0 
0 
0 
0 
0 
0 
0 
0 
0 
0 
0 
0 
0 
0 
0 
0 
0 
0 
0 
0 
0 
0 
0 
0 
0 
0 
0 
0 
0 
0 
0 
0 
0 
0 
0 
0 
0 
0 
0 
0 
0 
0 
0 
0 
0 
0 
0 
0 
0 
0 
0 
0 
0 
0 
0 
0 
0 
0 
0 
0 
0 
0 
0 
0 
0 
0 
0 
0 
0 
0 
0 
0 
0 
0 
0 
0 
0 
0 
0 
0 
0 
0 
0 
0 
0 
0 
0 
0 
0 
0 
0 
0 
0 
0 
0 
0 
0 
0 
0 
0 
0 
0 
0 
0 
0 
0 
0 
0 
0 
0 
0 
0 
0 
0 
0 
0 
0 
0 
0 
0 
0 
0 
0 
0 
0 
0 
0 
0 
0 
0 
0 
0 
0 
0 
0 
0 
0 
0 
0 
0 
0 
0 
0 
0 
0 
0 
0 
0 
0 
0 
0 
0 
0 
0 
0 
0 
0 
0 
0 
0 
0 
0 
0 
0 
0 
0 
0 
0 
0 
0 
0 
0 
0 
0 
0 
0 
0 
0 
0 
0 
0 
0 
0 
0 
0 
0 
0 
0 
0 
0 
0 
0 
0 
0 
0 
0 
0 
0 
0 
0 
0 
0 
0 
0 
0 
0 
0 
0 
0 
0 
0 
0 
0 
0 
0 
0 
0 
0 
0 
0 
0 
0 
0 
0 
0 
0 
0 
0 
0 
0 
0 
0 
0 
0 
0 
0 
0 
0 
0 
0 
0 
0 
0 
0 
0 
0 
0 
0 
0 
0 
0 
0 
0 
0 
0 
0 
0 
0 
0 
0 
0 
0 
0 
0 
0 
0 
0 
0 
0 
0 
0 
0 
0 
0 
0 
0 
0 
0 
0 
0 
0 
0 
0 
0 
0 
0 
0 
0 
0 
0 
0 
0 
0 
0 
0 
0 
0 
0 
0 
0 
0 
0 
0 
0 
0 
0 
0 
0 
0 
0 
0 
0 
0 
0 
0 
0 
0 
0 
0 
0 
0 
0 
0 
0 
0 
0 
0 
0 
0 
0 
0 
0 
0 
0 
0 
0 
0 
0 
0 
0 
0 
0 
0 
0 
0 
0 
0 
0 
0 
0 
0 
0 
0 
0 
0 
0 
0 
0 
0 
0 
0 
0 
0 
0 
0 
0 
0 
0 
0 
0 
0 
0 
0 
0 
0 
0 
0 
0 
0 
0 
0 
0 
0 
0 
0 
0 
0 
0 
0 
0 
0 
0 
0 
0 
0 
0 
0 
0 
0 
0 
0 
0 
0 
0 
0 
0 
0 
0 
0 
0 
0 
0 
0 
0 
0 
0 
0 
0 
0 
0 
0 
0 
0 
0 
0 
0 
0 
0 
0 
0 
0 
0 
0 
0 
0 
0 
0 
0 
0 
0 
0 
0 
0 
0 
0 
0 
0 
0 
0 
0 
0 
0 
0 
0 
0 
0 
0 
0 
0 
0 
0 
0 
0 
0 
0 
0 
0 
0 
0 
0 
0 
0 
0 
0 
0 
0 
0 
0 
0 
0 
0 
0 
0 
0 
0 
0 
0 
0 
0 
0 
0 
0 
0 
0 
0 
0 
0 
0 
0 
0 
0 
0 
0 
0 
0 
0 
0 
0 
0 
0 
0 
0 
0 
0 
0 
0 
0 
0 
0 
0 
0 
0 
0 
0 
0 
0 
0 
0 
0 
0 
0 
0 
0 
0 
0 
0 
0 
0 
0 
0 
0 
0 
0 
0 
0 
0 
0 
0 
0 
0 
0 
0 
0 
0 
0 
0 
0 
0 
0 
0 
0 
0 
0 
0 
0 
0 
0 
0 
0 
0 
0 
0 
0 
0 
0 
0 
0 
0 
0 
0 
0 
0 
0 
0 
0 
0 
0 
0 
0 
0 
0 
0 
0 
0 
0 
0 
0 
0 
0 
0 
0 
0 
0 
0 
0 
0 
0 
0 
0 
0 
0 
0 
0 
0 
0 
0 
0 
0 
0 
0 
0 
0 
0 
0 
0 
0 
0 
0 
0 
0 
0 
0 
0 
0 
0 
0 
0 
0 
0 
0 
0 
0 
0 
0 
0 
0 
0 
0 
0 
0 
0 
0 
0 
0 
0 
0 
0 
0 
0 
0 
0 
0 
0 
0 
0 
0 
0 
0 
0 
0 
0 
0 
0 
0 
0 
0 
0 
0 
0 
0 
0 
0 
0 
0 
0 
0 
0 
0 
0 
0 
0 
0 
0 
0 
0 
0 
0 
0 
0 
0 
0 
0 
0 
0 
0 
0 
0 
0 
0 
0 
0 
0 
0 
0 
0 
0 
0 
0 
0 
0 
0 
0 
0 
0 
0 
0 
0 
0 
0 
0 
0 
0 
0 
0 
0 
0 
0 
0 
0 
0 
0 
0 
0 
0 
0 
0 
0 
0 
0 
0 
0 
0 
0 
0 
0 
0 
0 
0 
0 
0 
0 
0 
0 
0 
0 
0 
0 
0 
0 
0 
0 
0 
0 
0 
0 
0 
0 
0 
0 
0 
0 
0 
0 
0 
0 
0 
0 
0 
0 
0 
0 
0 
0 
0 
0 
0 
0 
0 
0 
0 
0 
0 
0 
0 
0 
0 
0 
0 
0 
0 
0 
0 
0 
0 
0 
0 
0 
0 
0 
0 
0 
0 
0 
0 
0 
0 
0 
0 
0 
0 
0 
0 
0 
0 
0 
0 
0 
0 
0 
0 
0 
0 
0 
0 
0 
0 
0 
0 
0 
0 
0 
0 
0 
0 
0 
0 
0 
0 
0 
0 
0 
0 
0 
0 
0 
0 
0 
0 
0 
0 
0 
0 
0 
0 
0 
0 
0 
0 
0 
0 
0 
0 
0 
0 
0 
0 
0 
0 
0 
0 
0 
0 
0 
0 
0 
0 
0 
0 
0 
0 
0 
0 
0 
0 
0 
0 
0 
0 
0 
0 
0 
0 
0 
0 
0 
0 
0 
0 
0 
0 
0 
0 
0 
0 
0 
0 
0 
0 
0 
0 
0 
0 
0 
0 
0 
0 
0 
0 
0 
0 
0 
0 
0 
0 
0 
0 
0 
0 
0 
0 
0 
0 
0 
0 
0 
0 
0 
0 
0 
0 
0 
0 
0 
0 
0 
0 
0 
0 
0 
0 
0 
0 
0 
0 
0 
0 
0 
0 
0 
0 
0 
0 
0 
0 
0 
0 
0 
0 
0 
0 
0 
0 
0 
0 
0 
0 
0 
0 
0 
0 
0 
0 
0 
0 
0 
0 
0 
0 
0 
0 
0 
0 
0 
0 
0 
0 
0 
0 
0 
0 
0 
0 
0 
0 
0 
0 
0 
0 
0 
0 
0 
0 
0 
0 
0 
0 
0 
0 
0 
0 
0 
0 
0 
0 
0 
0 
0 
0 
0 
0 
0 
0 
0 
0 
0 
0 
0 
0 
0 
0 
0 
0 
0 
0 
0 
0 
0 
0 
0 
0 
0 
0 
0 
0 
0 
0 
0 
0 
0 
0 
0 
0 
0 
0 
0 
0 
0 
0 
0 
0 
0 
0 
0 
0 
0 
0 
0 
0 
0 
0 
0 
0 
0 
0 
0 
0 
0 
0 
0 
0 
0 
0 
0 
0 
0 
0 
0 
0 
0 
0 
0 
0 
0 
0 
0 
0 
0 
0 
0 
0 
0 
0 
0 
0 
0 
0 
0 
0 
0 
0 
0 
0 
0 
0 
0 
0 
0 
0 
0 
0 
0 
0 
0 
0 
0 
0 
0 
0 
0 
0 
0 
0 
0 
0 
0 
0 
0 
0 
0 
0 
0 
0 
0 
0 
0 
0 
0 
0 
0 
0 
0 
0 
0 
0 
0 
0 
0 
0 
0 
0 
0 
0 
0 
0 
0 
0 
0 
0 
0 
0 
0 
0 
0 
0 
0 
0 
0 
0 
0 
0 
0 
0 
0 
0 
0 
0 
0 
0 
0 
0 
0 
0 
0 
0 
0 
0 
0 
0 
0 
0 
0 
0 
0 
0 
0 
0 
0 
0 
0 
0 
0 
0 
0 
0 
0 
0 
0 
0 
0 
0 
0 
0 
0 
0 
0 
0 
0 
0 
0 
0 
0 
0 
0 
0 
0 
0 
0 
0 
0 
0 
0 
0 
0 
0 
0 
0 
0 
0 
0 
0 
0 
0 
0 
0 
0 
0 
0 
0 
0 
0 
0 
0 
0 
0 
0 
0 
0 
0 
0 
0 
0 
0 
0 
0 
0 
0 
0 
0 
0 
0 
0 
0 
0 
0 
0 
0 
0 
0 
0 
0 
0 
0 
0 
0 
0 
0 
0 
0 
0 
0 
0 
0 
0 
0 
0 
0 
0 
0 
0 
0 
0 
0 
0 
0 
0 
0 
0 
0 
0 
0 
0 
0 
0 
0 
0 
0 
0 
0 
0 
0 
0 
0 
0 
0 
0 
0 
0 
0 
0 
0 
0 
0 
0 
0 
0 
0 
0 
0 
0 
0 
0 
0 
0 
0 
0 
0 
0 
0 
0 
0 
0 
0 
0 
0 
0 
0 
0 
0 
0 
0 
0 
0 
0 
0 
0 
0 
0 
0 
0 
0 
0 
0 
0 
0 
0 
0 
0 
0 
0 
0 
0 
0 
0 
0 
0 
0 
0 
0 
0 
0 
0 
0 
0 
0 
0 
0 
0 
0 
0 
0 
0 
0 
0 
0 
0 
0 
0 
0 
0 
0 
0 
0 
0 
0 
0 
0 
0 
0 
0 
0 
0 
0 
0 
0 
0 
0 
0 
0 
0 
0 
0 
0 
0 
0 
0 
0 
0 
0 
0 
0 
0 
0 
0 
0 
0 
0 
0 
0 
0 
0 
0 
0 
0 
0 
0 
0 
0 
0 
0 
0 
0 
0 
0 
0 
0 
0 
0 
0 
0 
0 
0 
0 
0 
0 
0 
0 
0 
0 
0 
0 
0 
0 
0 
0 
0 
0 
0 
0 
0 
0 
0 
0 
0 
0 
0 
0 
0 
0 
0 
0 
0 
0 
0 
0 
0 
0 
0 
0 
0 
0 
0 
0 
0 
0 
0 
0 
0 
0 
0 
0 
0 
0 
0 
0 
0 
0 
0 
0 
0 
0 
0 
0 
0 
0 
0 
0 
0 
0 
0 
0 
0 
0 
0 
0 
0 
0 
0 
0 
0 
0 
0 
0 
0 
0 
0 
0 
0 
0 
0 
0 
0 
0 
0 
0 
0 
0 
0 
0 
0 
0 
0 
0 
0 
0 
0 
0 
0 
0 
0 
0 
0 
0 
0 
0 
0 
0 
0 
0 
0 
0 
0 
0 
0 
0 
0 
0 
0 
0 
0 
0 
0 
0 
0 
0 
0 
0 
0 
0 
0 
0 
0 
0 
0 
0 
0 
0 
0 
0 
0 
0 
0 
0 
0 
0 
0 
0 
0 
0 
0 
0 
0 
0 
0 
0 
0 
0 
0 
0 
0 
0 
0 
0 
0 
0 
0 
0 
0 
0 
0 
0 
0 
0 
0 
0 
0 
0 
0 
0 
0 
0 
0 
0 
0 
0 
0 
0 
0 
0 
0 
0 
0 
0 
0 
0 
0 
0 
0 
0 
0 
0 
0 
0 
0 
0 
0 
0 
0 
0 
0 
0 
0 
0 
0 
0 
0 
0 
0 
0 
0 
0 
0 
0 
0 
0 
0 
0 
0 
0 
0 
0 
0 
0 
0 
0 
0 
0 
0 
0 
0 
0 
0 
0 
0 
0 
0 
0 
0 
0 
0 
0 
0 
0 
0 
0 
0 
0 
0 
0 
0 
0 
0 
0 
0 
0 
0 
0 
0 
0 
0 
0 
0 
0 
0 
0 
0 
0 
0 
0 
0 
0 
0 
0 
0 
0 
0 
0 
0 
0 
0 
0 
0 
0 
0 
0 
0 
0 
0 
0 
0 
0 
0 
0 
0 
0 
0 
0 
0 
0 
0 
0 
0 
0 
0 
0 
0 
0 
0 
0 
0 
0 
0 
0 
0 
0 
0 
0 
0 
0 
0 
0 
0 
0 
0 
0 
0 
0 
0 
0 
0 
0 
0 
0 
0 
0 
0 
0 
0 
0 
0 
0 
0 
0 
0 
0 
0 
0 
0 
0 
0 
0 
0 
0 
0 
0 
0 
0 
0 
0 
0 
0 
0 
0 
0 
0 
0 
0 
0 
0 
0 
0 
0 
0 
0 
0 
0 
0 
0 
0 
0 
0 
0 
0 
0 
0 
0 
0 
0 
0 
0 
0 
0 
0 
0 
0 
0 
0 
0 
0 
0 
0 
0 
0 
0 
0 
0 
0 
0 
0 
0 
0 
0 
0 
0 
0 
0 
0 
0 
0 
0 
0 
0 
0 
0 
0 
0 
0 
0 
0 
0 
0 
0 
0 
0 
0 
0 
0 
0 
0 
0 
0 
0 
0 
0 
0 
0 
0 
0 
0 
0 
0 
0 
0 
0 
0 
0 
0 
0 
0 
0 
0 
0 
0 
0 
0 
0 
0 
0 
0 
0 
0 
0 
0 
0 
0 
0 
0 
0 
0 
0 
0 
0 
0 
0 
0 
0 
0 
0 
0 
0 
0 
0 
0 
0 
0 
0 
0 
0 
0 
0 
0 
0 
0 
0 
0 
0 
0 
0 
0 
0 
0 
0 
0 
0 
0 
0 
0 
0 
0 
0 
0 
0 
0 
0 
0 
0 
0 
0 
0 
0 
0 
0 
0 
0 
0 
0 
0 
0 
0 
0 
0 
0 
0 
0 
0 
0 
0 
0 
0 
0 
0 
0 
0 
0 
0 
0 
0 
0 
0 
0 
0 
0 
0 
0 
0 
0 
0 
0 
0 
0 
0 
0 
0 
0 
0 
0 
0 
0 
0 
0 
0 
0 
0 
0 
0 
0 
0 
0 
0 
0 
0 
0 
0 
0 
0 
0 
0 
0 
0 
0 
0 
0 
0 
0 
0 
0 
0 
0 
0 
0 
0 
0 
0 
0 
0 
0 
0 
0 
0 
0 
0 
0 
0 
0 
0 
0 
0 
0 
0 
0 
0 
0 
0 
0 
0 
0 
0 
0 
0 
0 
0 
0 
0 
0 
0 
0 
0 
0 
0 
0 
0 
0 
0 
0 
0 
0 
0 
0 
0 
0 
0 
0 
0 
0 
0 
0 
0 
0 
0 
0 
0 
0 
0 
0 
0 
0 
0 
0 
0 
0 
0 
0 
0 
0 
0 
0 
0 
0 
0 
0 
0 
0 
0 
0 
0 
0 
0 
0 
0 
0 
0 
0 
0 
0 
0 
0 
0 
0 
0 
0 
0 
0 
0 
0 
0 
0 
0 
0 
0 
0 
0 
0 
0 
0 
0 
0 
0 
0 
0 
0 
0 
0 
0 
0 
0 
0 
0 
0 
0 
0 
0 
0 
0 
0 
0 
0 
0 
0 
0 
0 
0 
0 
0 
0 
0 
0 
0 
0 
0 
0 
0 
0 
0 
0 
0 
0 
0 
0 
0 
0 
0 
0 
0 
0 
0 
0 
0 
0 
0 
0 
0 
0 
0 
0 
0 
0 
0 
0 
0 
0 
0 
0 
0 
0 
0 
0 
0 
0 
0 
0 
0 
0 
0 
0 
0 
0 
0 
0 
0 
0 
0 
0 
0 
0 
0 
0 
0 
0 
0 
0 
0 
0 
0 
0 
0 
0 
0 
0 
0 
0 
0 
0 
0 
0 
0 
0 
0 
0 
0 
0 
0 
0 
0 
0 
0 
0 
0 
0 
0 
0 
0 
0 
0 
0 
0 
0 
0 
0 
0 
0 
0 
0 
0 
0 
0 
0 
0 
0 
0 
0 
0 
0 
0 
0 
0 
0 
0 
0 
0 
0 
0 
0 
0 
0 
0 
0 
0 
0 
0 
0 
0 
0 
0 
0 
0 
0 
0 
0 
0 
0 
0 
0 
0 
0 
0 
0 
0 
0 
0 
0 
0 
0 
0 
0 
0 
0 
0 
0 
0 
0 
0 
0 
0 
0 
0 
0 
0 
0 
0 
0 
0 
0 
0 
0 
0 
0 
0 
0 
0 
0 
0 
0 
0 
0 
0 
0 
0 
0 
0 
0 
0 
0 
0 
0 
0 
0 
0 
0 
0 
0 
0 
0 
0 
0 
0 
0 
0 
0 
0 
0 
0 
0 
0 
0 
0 
0 
0 
0 
0 
0 
0 
0 
0 
0 
0 
0 
0 
0 
0 
0 
0 
0 
0 
0 
0 
0 
0 
0 
0 
0 
0 
0 
0 
0 
0 
0 
0 
0 
0 
0 
0 
0 
0 
0 
0 
0 
0 
0 
0 
0 
0 
0 
0 
0 
0 
0 
0 
0 
0 
0 
0 
0 
0 
0 
0 
0 
0 
0 
0 
0 
0 
0 
0 
0 
0 
0 
0 
0 
0 
0 
0 
0 
0 
0 
0 
0 
0 
0 
0 
0 
0 
0 
0 
0 
0 
0 
0 
0 
0 
0 
0 
0 
0 
0 
0 
0 
0 
0 
0 
0 
0 
0 
0 
0 
0 
0 
0 
0 
0 
0 
0 
0 
0 
0 
0 
0 
0 
0 
0 
0 
0 
0 
0 
0 
0 
0 
0 
0 
0 
0 
0 
0 
0 
0 
0 
0 
0 
0 
0 
0 
0 
0 
0 
0 
0 
0 
0 
0 
0 
0 
0 
0 
0 
0 
0 
0 
0 
0 
0 
0 
0 
0 
0 
0 
0 
0 
0 
0 
0 
0 
0 
0 
0 
0 
0 
0 
0 
0 
0 
0 
0 
0 
0 
0 
0 
0 
0 
0 
0 
0 
0 
0 
0 
0 
0 
0 
0 
0 
0 
0 
0 
0 
0 
0 
0 
0 
0 
0 
0 
0 
0 
0 
0 
0 
0 
0 
0 
0 
0 
0 
0 
0 
0 
0 
0 
0 
0 
0 
0 
0 
0 
0 
0 
0 
0 
0 
0 
0 
0 
0 
0 
0 
0 
0 
0 
0 
0 
0 
0 
0 
0 
0 
0 
0 
0 
0 
0 
0 
0 
0 
0 
0 
0 
0 
0 
0 
0 
0 
0 
0 
0 
0 
0 
0 
0 
0 
0 
0 
0 
0 
0 
0 
0 
0 
0 
0 
0 
0 
0 
0 
0 
0 
0 
0 
0 
0 
0 
0 
0 
0 
0 
0 
0 
0 
0 
0 
0 
0 
0 
0 
0 
0 
0 
0 
0 
0 
0 
0 
0 
0 
0 
0 
0 
0 
0 
0 
0 
0 
0 
0 
0 
0 
0 
0 
0 
0 
0 
0 
0 
0 
0 
0 
0 
0 
0 
0 
0 
0 
0 
0 
0 
0 
0 
0 
0 
0 
0 
0 
0 
0 
0 
0 
0 
0 
0 
0 
0 
0 
0 
0 
0 
0 
0 
0 
0 
0 
0 
0 
0 
0 
0 
0 
0 
0 
0 
0 
0 
0 
0 
0 
0 
0 
0 
0 
0 
0 
0 
0 
0 
0 
0 
0 
0 
0 
0 
0 
0 
0 
0 
0 
0 
0 
0 
0 
0 
0 
0 
0 
0 
0 
0 
0 
0 
0 
0 
0 
0 
0 
0 
0 
0 
0 
0 
0 
0 
0 
0 
0 
0 
0 
0 
0 
0 
0 
0 
0 
0 
0 
0 
0 
0 
0 
0 
0 
0 
0 
0 
0 
0 
0 
0 
0 
0 
0 
0 
0 
0 
0 
0 
0 
0 
0 
0 
0 
0 
0 
0 
0 
0 
0 
0 
0 
0 
0 
0 
0 
0 
0 
0 
0 
0 
0 
0 
0 
0 
0 
0 
0 
0 
0 
0 
0 
0 
0 
0 
0 
0 
0 
0 
0 
0 
0 
0 
0 
0 
0 
0 
0 
0 
0 
0 
0 
0 
0 
0 
0 
0 
0 
0 
0 
0 
0 
0 
0 
0 
0 
0 
0 
0 
0 
0 
0 
0 
0 
0 
0 
0 
0 
0 
0 
0 
0 
0 
0 
0 
0 
0 
0 
0 
0 
0 
0 
0 
0 
0 
0 
0 
0 
0 
0 
0 
0 
0 
0 
0 
0 
0 
0 
0 
0 
0 
0 
0 
0 
0 
0 
0 
0 
0 
0 
0 
0 
0 
0 
0 
0 
0 
0 
0 
0 
0 
0 
0 
0 
0 
0 
0 
0 
0 
0 
0 
0 
0 
0 
0 
0 
0 
0 
0 
0 
0 
0 
0 
0 
0 
0 
0 
0 
0 
!IDEND=

