!FILE=Disk 
!KIND=Matrix 
!LABORATORY=Oslo Cyclotron Laboratory (OCL) 
!EXPERIMENT=siri2root 
!COMMENT=none
!TIME=2021-01-12 12:49:35
!CALIBRATION EkeV=6, 0.000000E+00, 1.000000E+00, 0.000000E+00
!PRECISION=16
!DIMENSION=1,0:20999
!CHANNEL=(0:20999)
80.5962 
69.4989 
59.5976 
51.948 
47.2798 
45.378 
45.2201 
46.217 
48.0661 
50.2368 
51.9123 
52.4276 
52.1484 
51.7098 
51.4193 
51.8903 
53.5028 
55.7615 
58.2653 
60.958 
63.6914 
66.3189 
68.7388 
70.9159 
72.8504 
74.5472 
76.0062 
77.2203 
78.1805 
78.8862 
79.3731 
79.7496 
80.1889 
80.8817 
81.9836 
83.5742 
85.643 
88.0863 
90.7156 
93.2973 
95.5979 
97.4181 
98.6366 
99.2099 
99.0243 
98.4124 
98.2009 
98.6293 
99.5308 
100.823 
102.36 
103.984 
105.543 
106.909 
108.012 
108.856 
109.527 
110.175 
110.976 
112.064 
113.495 
115.231 
117.164 
119.159 
121.1 
122.916 
124.578 
126.082 
127.423 
128.581 
129.526 
130.242 
130.737 
131.063 
131.355 
131.821 
132.694 
134.152 
136.259 
138.931 
141.959 
145.063 
147.982 
150.548 
152.704 
154.512 
156.11 
157.636 
159.15 
160.617 
161.925 
162.949 
163.618 
163.944 
164.031 
164.079 
164.339 
165.039 
166.325 
168.242 
170.734 
173.663 
176.869 
180.214 
183.602 
186.947 
190.14 
193.034 
195.496 
197.492 
199.131 
200.66 
202.403 
204.637 
207.452 
210.702 
214.031 
216.999 
219.263 
220.707 
221.489 
221.983 
222.612 
223.65 
225.128 
226.824 
228.318 
229.201 
229.263 
228.461 
226.903 
224.935 
223.046 
221.684 
221.122 
221.44 
222.584 
224.356 
226.443 
228.504 
230.252 
231.504 
232.212 
232.467 
232.472 
232.498 
232.83 
233.69 
235.148 
237.083 
239.184 
241.014 
242.162 
242.565 
242.555 
242.428 
242.295 
242.232 
242.509 
243.476 
245.042 
246.833 
248.547 
249.946 
250.898 
251.417 
251.672 
251.993 
252.781 
254.352 
256.797 
259.925 
263.295 
266.32 
268.453 
269.358 
268.943 
267.383 
265.187 
262.993 
261.332 
260.525 
260.662 
261.666 
263.291 
265.212 
267.153 
268.929 
270.442 
271.65 
272.537 
273.092 
273.31 
273.189 
272.742 
271.997 
270.981 
269.706 
268.178 
266.415 
264.469 
262.425 
260.372 
258.358 
256.37 
254.333 
252.146 
249.749 
247.166 
244.541 
242.192 
240.536 
239.893 
240.363 
241.934 
244.458 
247.514 
250.495 
252.783 
253.955 
253.879 
252.526 
249.946 
246.474 
242.638 
238.953 
235.811 
233.443 
231.928 
231.247 
231.371 
232.153 
233.234 
234.13 
234.373 
233.756 
232.283 
230.038 
227.287 
224.535 
222.404 
221.35 
221.518 
222.853 
225.117 
227.862 
230.615 
233.072 
235.128 
236.792 
238.135 
239.252 
240.077 
240.378 
240.027 
238.95 
236.99 
234.017 
230.023 
225.153 
219.76 
214.411 
209.803 
206.605 
205.242 
205.836 
208.173 
211.626 
215.414 
218.904 
221.69 
223.605 
224.703 
225.186 
225.229 
224.879 
224.125 
222.968 
221.459 
219.731 
218.002 
216.519 
215.48 
214.931 
214.783 
214.969 
215.423 
215.891 
216.049 
215.757 
214.98 
213.668 
211.818 
209.537 
207.051 
204.685 
202.807 
201.719 
201.557 
202.343 
203.953 
205.967 
207.735 
208.717 
208.713 
207.581 
205.175 
201.784 
198.036 
194.533 
191.676 
189.623 
188.375 
187.815 
187.772 
188.17 
189.012 
190.307 
192.043 
194.137 
196.393 
198.534 
200.267 
201.377 
201.759 
201.392 
200.306 
198.598 
196.404 
193.867 
191.138 
188.374 
185.74 
183.386 
181.411 
179.832 
178.569 
177.46 
176.294 
174.869 
173.044 
170.773 
168.107 
165.188 
162.209 
159.358 
156.771 
154.498 
152.497 
150.658 
148.881 
147.136 
145.487 
144.077 
143.076 
142.6 
142.686 
143.243 
144.016 
144.621 
144.694 
144.09 
142.822 
140.978 
138.763 
136.481 
134.475 
133.052 
132.39 
132.539 
133.364 
134.482 
135.435 
135.92 
135.842 
135.292 
134.604 
134.194 
134.247 
134.954 
136.557 
138.825 
141.089 
142.695 
143.257 
142.673 
141.069 
138.851 
136.583 
134.741 
133.573 
133.065 
132.97 
132.987 
132.902 
132.55 
131.851 
130.858 
129.71 
128.587 
127.654 
127.037 
126.76 
126.75 
126.944 
127.315 
127.68 
127.732 
127.311 
126.3 
124.595 
122.309 
119.739 
117.284 
115.396 
114.434 
114.536 
115.737 
117.954 
120.741 
123.37 
125.085 
125.371 
124.075 
121.353 
117.754 
114.143 
111.372 
109.83 
109.404 
109.956 
111.224 
112.533 
113.264 
113.219 
112.332 
110.644 
108.623 
106.992 
106.273 
106.627 
108.016 
110.229 
112.836 
115.382 
117.547 
119.155 
120.086 
120.217 
119.482 
117.892 
115.53 
112.606 
109.485 
106.632 
104.451 
103.14 
102.707 
103.114 
104.085 
104.919 
104.995 
104.124 
102.352 
99.9015 
97.1975 
94.7756 
93.1527 
92.6742 
93.4461 
95.3883 
98.2149 
101.445 
104.508 
106.858 
108.155 
108.337 
107.429 
105.55 
103.063 
100.465 
98.206 
96.609 
95.8314 
95.9043 
96.6955 
97.897 
99.2115 
100.44 
101.443 
102.135 
102.474 
102.45 
102.082 
101.431 
100.592 
99.6908 
98.8692 
98.2463 
97.8578 
97.6276 
97.3678 
96.802 
95.6338 
93.6517 
90.8166 
87.2934 
83.4186 
79.5935 
76.1376 
73.1842 
70.6498 
68.2906 
65.8547 
63.221 
60.444 
57.7335 
55.3703 
53.5802 
52.4475 
51.9462 
52.0826 
52.5548 
52.7753 
52.609 
52.0814 
51.0494 
49.564 
47.8881 
46.327 
45.1134 
44.3532 
44.0509 
44.1838 
44.6218 
45.0923 
45.3966 
45.4706 
45.2982 
44.9 
44.3484 
43.7641 
43.3254 
43.2175 
43.5181 
44.2193 
45.2689 
46.5466 
47.8717 
49.0412 
49.8825 
50.3272 
50.4074 
50.1535 
49.6049 
48.8667 
48.0616 
47.2772 
46.5524 
45.876 
45.2013 
44.481 
43.6957 
42.8613 
42.0328 
41.303 
40.7819 
40.5504 
40.6341 
41.0082 
41.579 
42.1819 
42.6215 
42.7501 
42.5198 
41.9644 
41.1971 
40.3829 
39.6757 
39.1817 
38.9334 
38.8989 
39.0472 
39.3805 
39.9288 
40.7383 
41.8282 
43.1587 
44.6229 
46.0443 
47.2071 
47.9249 
48.1001 
47.7103 
46.7954 
45.4913 
44.0096 
42.5822 
41.4215 
40.6818 
40.3569 
40.3001 
40.422 
40.6558 
40.8701 
40.9798 
40.9988 
40.9829 
40.9631 
40.9807 
41.1217 
41.4266 
41.8307 
42.2093 
42.4626 
42.5509 
42.4724 
42.2791 
42.0701 
41.9064 
41.7875 
41.6698 
41.4717 
41.1124 
40.5549 
39.8225 
38.9998 
38.2154 
37.5888 
37.1822 
36.9959 
36.9613 
36.9773 
36.9818 
36.9339 
36.7971 
36.5772 
36.3293 
36.1263 
36.0125 
35.9815 
35.9789 
35.913 
35.6887 
35.2538 
34.6222 
33.8782 
33.1715 
32.6742 
32.4568 
32.4593 
32.6285 
32.9099 
33.192 
33.3893 
33.4822 
33.5007 
33.5073 
33.5644 
33.7083 
33.9374 
34.2008 
34.4077 
34.5015 
34.5103 
34.49 
34.4692 
34.472 
34.5585 
34.7821 
35.094 
35.3583 
35.4655 
35.382 
35.1246 
34.7673 
34.4625 
34.3594 
34.5123 
34.8925 
35.3911 
35.8273 
36.0517 
36.0171 
35.7239 
35.2143 
34.6158 
34.0885 
33.761 
33.6492 
33.658 
33.7216 
33.8021 
33.851 
33.8759 
33.955 
34.1782 
34.5942 
35.1953 
35.914 
36.6227 
37.1669 
37.4348 
37.3936 
37.0419 
36.4032 
35.5624 
34.6314 
33.6959 
32.796 
31.9194 
31.0243 
30.0905 
29.135 
28.2144 
27.4369 
26.9501 
26.8758 
27.2556 
28.0627 
29.1982 
30.4937 
31.7626 
32.8562 
33.7011 
34.3102 
34.7627 
35.1499 
35.5221 
35.8208 
35.9078 
35.7058 
35.1994 
34.3969 
33.3755 
32.2869 
31.307 
30.5711 
30.1345 
29.9637 
29.9454 
29.9623 
29.9492 
29.8466 
29.6147 
29.2622 
28.8283 
28.372 
27.9621 
27.6713 
27.5563 
27.6403 
27.9291 
28.4033 
28.9758 
29.5009 
29.8262 
29.8524 
29.551 
28.9595 
28.2019 
27.4582 
26.8928 
26.5798 
26.499 
26.6231 
26.917 
27.2819 
27.5903 
27.7538 
27.676 
27.4441 
27.3764 
27.6034 
28.0986 
28.8253 
29.6664 
30.4609 
30.9984 
31.0862 
30.6543 
29.7294 
28.4159 
26.902 
25.4124 
24.1578 
23.3034 
22.9457 
23.1117 
23.7735 
24.8244 
26.0653 
27.2283 
28.0326 
28.2886 
27.9403 
27.0574 
25.8771 
24.7607 
24.0375 
23.8812 
24.3306 
25.2977 
26.5005 
27.5501 
28.1835 
28.3507 
28.0751 
27.4483 
26.7107 
26.1158 
25.776 
25.675 
25.7731 
25.9655 
26.0836 
26.0676 
25.8921 
25.4906 
24.8902 
24.2094 
23.5657 
23.0376 
22.6593 
22.425 
22.3021 
22.2613 
22.2931 
22.3851 
22.513 
22.6652 
22.8435 
23.0503 
23.2877 
23.5498 
23.811 
24.0229 
24.137 
24.1323 
23.9936 
23.7117 
23.3309 
22.9402 
22.6433 
22.5269 
22.624 
22.962 
23.5823 
24.4755 
25.5659 
26.7256 
27.7777 
28.5025 
28.7136 
28.3446 
27.4249 
26.0748 
24.5242 
23.0617 
21.9601 
21.3924 
21.409 
21.9665 
22.9185 
24.0424 
25.1093 
25.9252 
26.3711 
26.413 
26.0517 
25.3215 
24.33 
23.2367 
22.2052 
21.3692 
20.8105 
20.5614 
20.6259 
20.947 
21.3966 
21.8715 
22.3327 
22.7712 
23.1891 
23.5857 
23.9501 
24.2571 
24.461 
24.5423 
24.536 
24.4723 
24.3781 
24.2989 
24.2539 
24.2116 
24.1079 
23.8857 
23.5295 
23.0763 
22.6044 
22.2023 
21.9354 
21.833 
21.8989 
22.0927 
22.3381 
22.6043 
22.9355 
23.4335 
24.2103 
25.2843 
26.5174 
27.6045 
28.2235 
28.2347 
27.5299 
26.0162 
23.9381 
21.8217 
20.2084 
19.3972 
19.3622 
20.0264 
21.2423 
22.6271 
23.7887 
24.536 
24.8239 
24.6566 
24.176 
23.6705 
23.3287 
23.1937 
23.2693 
23.5026 
23.7813 
24.0103 
24.1466 
24.1797 
24.1106 
23.9411 
23.6762 
23.3228 
22.8933 
22.4152 
21.9336 
21.5019 
21.1631 
20.9302 
20.7782 
20.6524 
20.5014 
20.3157 
20.1436 
20.0533 
20.0779 
20.2577 
20.6505 
21.2209 
21.8242 
22.2858 
22.48 
22.3679 
21.9608 
21.333 
20.6615 
20.1658 
19.9949 
20.1924 
20.7049 
21.3578 
21.9044 
22.1626 
22.0769 
21.6339 
20.8467 
19.8349 
18.7843 
17.8643 
17.1976 
16.8279 
16.7321 
16.8897 
17.2736 
17.8058 
18.3859 
18.9292 
19.3807 
19.7214 
19.968 
20.1612 
20.3366 
20.5085 
20.6708 
20.7997 
20.8672 
20.8309 
20.7276 
20.7005 
20.809 
21.0321 
21.3439 
21.6866 
21.9836 
22.1652 
22.1917 
22.0531 
21.766 
21.3828 
20.9743 
20.5937 
20.2642 
19.9871 
19.7506 
19.5374 
19.3379 
19.1568 
19.0121 
18.9281 
18.9217 
18.9973 
19.1467 
19.3407 
19.5329 
19.6711 
19.7158 
19.6539 
19.4942 
19.2685 
19.0265 
18.8148 
18.658 
18.551 
18.4597 
18.3288 
18.1096 
17.7919 
17.4189 
17.1083 
17.0046 
17.1728 
17.5996 
18.2132 
18.8722 
19.4012 
19.6711 
19.6418 
19.3495 
18.9184 
18.533 
18.3337 
18.3648 
18.6111 
19.0043 
19.4232 
19.7587 
19.962 
20.0355 
19.9941 
19.8862 
19.7926 
19.7398 
19.6931 
19.6153 
19.4897 
19.327 
19.1623 
19.0387 
18.9823 
19.0027 
19.0659 
19.1046 
19.0974 
19.0122 
18.7798 
18.4053 
17.964 
17.528 
17.1431 
16.8299 
16.6155 
16.5423 
16.6337 
16.9018 
17.365 
18.0257 
18.846 
19.7349 
20.5726 
21.2603 
21.7507 
22.0395 
22.1423 
22.0714 
21.8446 
21.4808 
20.9696 
20.2934 
19.4571 
18.5068 
17.5591 
16.7959 
16.3811 
16.3765 
16.798 
17.6171 
18.6793 
19.7612 
20.6612 
21.2382 
21.4862 
21.5134 
21.3912 
21.1447 
20.8119 
20.416 
19.959 
19.4539 
18.951 
18.5335 
18.2709 
18.186 
18.278 
18.509 
18.7816 
18.9982 
19.1144 
19.1443 
19.1527 
19.2228 
19.4115 
19.7216 
20.0896 
20.3938 
20.5264 
20.4506 
20.1579 
19.6653 
19.0654 
18.4901 
18.0411 
17.7615 
17.6284 
17.5657 
17.4765 
17.283 
16.9557 
16.5243 
16.0734 
15.7233 
15.574 
15.6606 
16.0044 
16.6219 
17.4546 
18.3877 
19.3086 
20.1267 
20.7754 
21.203 
21.3716 
21.264 
20.8718 
20.2024 
19.3176 
18.3313 
17.3778 
16.5922 
16.089 
15.8814 
15.8824 
16.0357 
16.2999 
16.5909 
16.8494 
17.0664 
17.2468 
17.3718 
17.3962 
17.2918 
17.0608 
16.7316 
16.3703 
16.0759 
15.9319 
15.9668 
16.1893 
16.5933 
17.1178 
17.6797 
18.2254 
18.7349 
19.202 
19.6135 
19.915 
20.0239 
19.8987 
19.535 
18.9438 
18.2079 
17.5168 
17.0838 
17.0364 
17.4073 
18.1497 
19.1124 
20.0898 
20.9246 
21.5493 
21.9615 
22.1981 
22.3042 
22.2972 
22.1661 
21.8663 
21.3361 
20.5468 
19.5293 
18.3748 
17.2279 
16.2578 
15.6128 
15.3774 
15.5742 
16.1464 
16.9331 
17.7418 
18.4293 
18.9224 
19.2143 
19.3312 
19.2939 
19.165 
19.0569 
19.0179 
19.0158 
18.9873 
18.8531 
18.5444 
18.0267 
17.3089 
16.4461 
15.5378 
14.7064 
14.0594 
13.6527 
13.4619 
13.4146 
13.4704 
13.594 
13.7223 
13.8302 
13.9427 
14.1076 
14.3759 
14.7763 
15.3039 
15.9187 
16.5521 
17.1286 
17.5906 
17.9119 
18.101 
18.1818 
18.1531 
18.0656 
18.0363 
18.0959 
18.2169 
18.3822 
18.5642 
18.7349 
18.8747 
18.975 
19.0362 
19.063 
19.0585 
19.0318 
19.0013 
18.9801 
18.9732 
18.9821 
19.0052 
19.0327 
19.0507 
19.0514 
19.0208 
18.936 
18.7964 
18.6272 
18.4641 
18.3445 
18.2929 
18.3166 
18.397 
18.4795 
18.5104 
18.4724 
18.3751 
18.2618 
18.192 
18.1959 
18.3066 
18.5657 
18.9343 
19.2594 
19.368 
19.1873 
18.7199 
17.994 
17.1002 
16.2092 
15.535 
15.2046 
15.2039 
15.4971 
16.0197 
16.6093 
17.1035 
17.4241 
17.5509 
17.4843 
17.2757 
17.0331 
16.8319 
16.6899 
16.595 
16.5156 
16.4215 
16.3014 
16.1669 
16.0549 
16.0089 
16.0489 
16.1854 
16.4253 
16.7275 
16.9748 
17.0379 
16.8643 
16.4644 
15.8872 
15.2279 
14.6004 
14.0951 
13.758 
13.6025 
13.6282 
13.8069 
14.088 
14.4522 
14.9244 
15.5446 
16.3399 
17.3097 
18.4076 
19.5169 
20.4576 
21.0403 
21.1422 
20.7286 
19.8534 
18.7005 
17.5551 
16.7053 
16.2852 
16.2414 
16.5151 
17.0241 
17.5571 
17.8996 
17.951 
17.6916 
17.1589 
16.4708 
15.7824 
15.2152 
14.8283 
14.613 
14.5288 
14.5547 
14.6594 
14.7817 
14.887 
14.9649 
15.0042 
15.0006 
14.9535 
14.8726 
14.7987 
14.784 
14.85 
14.9914 
15.1846 
15.3867 
15.5543 
15.6636 
15.7186 
15.7528 
15.8208 
15.9701 
16.2091 
16.494 
16.7373 
16.8566 
16.8196 
16.6015 
16.1761 
15.5904 
14.9528 
14.3707 
13.9213 
13.6391 
13.5249 
13.5704 
13.742 
13.9757 
14.2309 
14.4945 
14.7504 
14.9758 
15.1484 
15.2565 
15.3038 
15.3163 
15.3497 
15.4776 
15.7585 
16.2032 
16.761 
17.3277 
17.7733 
18.0004 
17.9782 
17.7049 
17.2057 
16.5701 
15.9191 
15.3478 
14.9067 
14.6084 
14.4353 
14.3496 
14.314 
14.3094 
14.3317 
14.3892 
14.5093 
14.7242 
15.0426 
15.4385 
15.85 
16.1863 
16.368 
16.3649 
16.152 
15.6996 
15.0453 
14.2856 
13.5215 
12.8385 
12.2999 
11.9564 
11.8463 
11.9834 
12.3632 
12.9641 
13.7363 
14.5977 
15.4382 
16.1373 
16.5952 
16.8015 
16.8292 
16.7239 
16.5226 
16.3287 
16.2475 
16.3173 
16.5416 
16.8988 
17.3037 
17.6274 
17.769 
17.6938 
17.3961 
16.8993 
16.3061 
15.7709 
15.4335 
15.3758 
15.6197 
16.1387 
16.8452 
17.6079 
18.2953 
18.8015 
19.0741 
19.1126 
18.9265 
18.5352 
17.9903 
17.3607 
16.7149 
16.1143 
15.6069 
15.2236 
14.9798 
14.8809 
14.9277 
15.1109 
15.4052 
15.7753 
16.1737 
16.535 
16.7804 
16.8466 
16.7123 
16.3916 
15.941 
15.4638 
15.0821 
14.8851 
14.9007 
15.1222 
15.5051 
15.9462 
16.3172 
16.5283 
16.5538 
16.3948 
16.0802 
15.7028 
15.3962 
15.2649 
15.3457 
15.6532 
16.1824 
16.8423 
17.4807 
17.957 
18.1875 
18.1494 
17.876 
17.4655 
17.0371 
16.6769 
16.4192 
16.2413 
16.0806 
15.8739 
15.5899 
15.2378 
14.8663 
14.5752 
14.4762 
14.6161 
14.9909 
15.5738 
16.3044 
17.0974 
17.8658 
18.5401 
19.0773 
19.46 
19.693 
19.7914 
19.7616 
19.6077 
19.3392 
18.964 
18.4936 
17.9505 
17.3659 
16.7747 
16.21 
15.6962 
15.2472 
14.8683 
14.5523 
14.2834 
14.0837 
14.0147 
14.1082 
14.386 
14.8955 
15.6582 
16.633 
17.7127 
18.7308 
19.4932 
19.8565 
19.7753 
19.2565 
18.3669 
17.2816 
16.2271 
15.386 
14.846 
14.5858 
14.5031 
14.4767 
14.4202 
14.3025 
14.1734 
14.1284 
14.2146 
14.43 
14.7531 
15.1277 
15.4711 
15.709 
15.8033 
15.7474 
15.5881 
15.4323 
15.3588 
15.3852 
15.4933 
15.6097 
15.6404 
15.545 
15.3345 
15.0596 
14.8145 
14.6872 
14.712 
14.909 
15.2885 
15.783 
16.2723 
16.6564 
16.889 
16.9878 
17.0225 
17.0832 
17.2448 
17.5451 
17.9798 
18.5076 
19.0624 
19.5673 
19.9453 
20.1409 
20.1352 
19.9119 
19.4488 
18.7693 
17.9497 
17.0915 
16.3001 
15.6566 
15.1997 
14.9284 
14.8224 
14.8674 
15.0248 
15.2256 
15.4487 
15.7227 
16.06 
16.4331 
16.7615 
16.9487 
16.9497 
16.7243 
16.2321 
15.546 
14.8387 
14.2933 
14.0384 
14.1144 
14.5139 
15.1729 
15.928 
16.5677 
16.9383 
16.9877 
16.713 
16.153 
15.4311 
14.72 
14.1781 
13.9056 
13.9318 
14.2489 
14.8129 
15.528 
16.2747 
16.9456 
17.4653 
17.7991 
17.9448 
17.9101 
17.7275 
17.4557 
17.1263 
16.7389 
16.2912 
15.786 
15.2421 
14.6977 
14.2012 
13.7973 
13.5162 
13.3616 
13.3167 
13.3695 
13.5159 
13.7465 
14.0447 
14.3836 
14.7236 
15.0176 
15.2255 
15.3316 
15.358 
15.3529 
15.3866 
15.5547 
15.9281 
16.5115 
17.2284 
17.9151 
18.3694 
18.4445 
18.095 
17.3642 
16.4017 
15.4381 
14.6974 
14.3185 
14.3402 
14.7127 
15.2846 
15.8606 
16.2881 
16.4896 
16.4501 
16.2419 
16.0342 
15.9619 
16.0591 
16.3012 
16.6062 
16.8573 
16.9674 
16.9093 
16.6917 
16.3595 
16.0007 
15.7099 
15.5416 
15.5034 
15.5887 
15.7809 
16.037 
16.2976 
16.4988 
16.5904 
16.5539 
16.3735 
16.0308 
15.5606 
15.0604 
14.6512 
14.4146 
14.3634 
14.4888 
14.76 
15.0928 
15.391 
15.5917 
15.6686 
15.6189 
15.4739 
15.2938 
15.1168 
14.9479 
14.7837 
14.6202 
14.4559 
14.3253 
14.296 
14.4043 
14.6578 
15.0634 
15.6112 
16.2625 
16.9521 
17.5999 
18.1294 
18.4837 
18.6337 
18.5732 
18.3235 
17.9369 
17.4666 
16.9483 
16.4048 
15.8527 
15.3164 
14.8413 
14.4987 
14.3575 
14.449 
14.7932 
15.3934 
16.166 
16.9563 
17.614 
18.0388 
18.189 
18.0603 
17.7101 
17.2591 
16.803 
16.3848 
16.02 
15.6942 
15.3771 
15.058 
14.7618 
14.5397 
14.44 
14.4814 
14.6664 
14.9779 
15.3531 
15.7027 
15.9474 
16.0401 
15.9676 
15.7426 
15.406 
15.0168 
14.634 
14.3084 
14.078 
13.9564 
13.9344 
14.0045 
14.1564 
14.361 
14.5812 
14.7886 
14.9707 
15.1328 
15.2941 
15.4755 
15.688 
15.9294 
16.1852 
16.435 
16.6623 
16.8591 
17.0213 
17.1382 
17.1946 
17.1812 
17.0705 
16.8145 
16.3995 
15.8682 
15.318 
14.8912 
14.71 
14.8217 
15.2363 
15.9161 
16.7021 
17.356 
17.6951 
17.659 
17.2315 
16.4334 
15.416 
14.4202 
13.6757 
13.3299 
13.426 
13.9365 
14.7582 
15.7228 
16.6593 
17.4481 
18.0345 
18.4102 
18.586 
18.5717 
18.4033 
18.153 
17.8699 
17.5771 
17.3013 
17.0684 
16.8921 
16.7665 
16.6595 
16.5103 
16.2577 
15.8843 
15.4367 
15.0146 
14.7265 
14.6351 
14.7554 
15.0547 
15.375 
15.4952 
15.3154 
14.8367 
14.0982 
13.2347 
12.4955 
12.1083 
12.1523 
12.6288 
13.4587 
14.4058 
15.2079 
15.7227 
15.909 
15.7649 
15.3866 
14.9928 
14.757 
14.7388 
14.9499 
15.3581 
15.8617 
16.3233 
16.6241 
16.6925 
16.5078 
16.0849 
15.4734 
14.7504 
14.0029 
13.3155 
12.7528 
12.3487 
12.1084 
12.0218 
12.081 
12.2477 
12.441 
12.6054 
12.7315 
12.8361 
12.9591 
13.1465 
13.4281 
13.8047 
14.24 
14.658 
14.967 
15.1242 
15.1521 
15.0732 
14.9177 
14.7657 
14.6926 
14.7218 
14.8577 
15.0895 
15.3595 
15.5838 
15.704 
15.7044 
15.5878 
15.3701 
15.0882 
14.7822 
14.4841 
14.2228 
14.0387 
13.9765 
14.0565 
14.2779 
14.6282 
15.0707 
15.5368 
15.943 
16.2213 
16.3384 
16.2882 
16.1103 
15.9002 
15.7528 
15.7242 
15.8328 
16.0697 
16.4044 
16.7909 
17.1825 
17.5405 
17.8453 
18.0492 
18.1069 
18.0687 
18.0081 
17.9707 
18.02 
18.1824 
18.3463 
18.3698 
18.2028 
17.8299 
17.2449 
16.4874 
15.6598 
14.9092 
14.3886 
14.1996 
14.3723 
14.8574 
15.5051 
16.1156 
16.5004 
16.5303 
16.165 
15.4319 
14.4253 
13.2953 
12.2106 
11.3339 
10.8039 
10.7081 
11.0725 
11.8736 
13.0216 
14.3525 
15.6597 
16.7395 
17.4397 
17.6852 
17.4604 
16.8444 
16.0368 
15.2453 
14.6088 
14.196 
14.0217 
14.0821 
14.303 
14.535 
14.691 
14.7828 
14.8734 
15.0568 
15.4151 
15.9726 
16.6737 
17.389 
17.959 
18.2916 
18.3906 
18.2766 
18.0508 
17.9007 
17.9109 
18.141 
18.6767 
19.432 
20.1804 
20.7123 
20.8998 
20.7063 
20.1581 
19.3362 
18.3489 
17.2937 
16.2484 
15.2754 
14.4318 
13.7739 
13.3492 
13.1838 
13.2852 
13.626 
14.1203 
14.6566 
15.1325 
15.4685 
15.623 
15.5854 
15.3826 
15.0925 
14.8159 
14.6392 
14.6109 
14.7429 
15.0107 
15.3344 
15.5963 
15.699 
15.6057 
15.3178 
14.8748 
14.3862 
14.0102 
13.8737 
14.0197 
14.4228 
14.9916 
15.5765 
16.0186 
16.2101 
16.1186 
15.7678 
15.2411 
14.6665 
14.1606 
13.7936 
13.5851 
13.5091 
13.5042 
13.4949 
13.4185 
13.2504 
13.0168 
12.7971 
12.6808 
12.7082 
12.9237 
13.3851 
14.0397 
14.7204 
15.2456 
15.4946 
15.4322 
15.0904 
14.5793 
14.0677 
13.7257 
13.6668 
13.9256 
14.4728 
15.213 
16.0088 
16.7284 
17.2695 
17.5751 
17.6314 
17.439 
17.0147 
16.4211 
15.7724 
15.2195 
14.9033 
14.8974 
15.2176 
15.8183 
16.5554 
17.2344 
17.7017 
17.8835 
17.7671 
17.4504 
17.1548 
17.0148 
17.0083 
17.1092 
17.2619 
17.3433 
17.2831 
17.0367 
16.5557 
15.9046 
15.2594 
14.7962 
14.6146 
14.7397 
15.1264 
15.6454 
16.143 
16.5016 
16.6566 
16.5915 
16.3268 
15.9261 
15.4733 
15.0356 
14.6451 
14.3001 
13.9717 
13.6222 
13.2339 
12.8229 
12.4411 
12.1872 
12.1638 
12.4104 
12.9137 
13.6165 
14.4106 
15.1688 
15.7877 
16.215 
16.4565 
16.5465 
16.5039 
16.3502 
16.1116 
15.7791 
15.3371 
14.7985 
14.2145 
13.6847 
13.3179 
13.1412 
13.0968 
13.1647 
13.2951 
13.3414 
13.2325 
12.9839 
12.6251 
12.2793 
12.1331 
12.2819 
12.7677 
13.6306 
14.8152 
16.1382 
17.3381 
18.1625 
18.5288 
18.5332 
18.25 
17.751 
17.2028 
16.7622 
16.4932 
16.3687 
16.3064 
16.232 
16.1118 
15.9528 
15.8168 
15.7894 
15.9096 
16.1763 
16.5724 
17.0473 
17.5081 
17.8276 
17.8951 
17.6713 
17.173 
16.4683 
15.6851 
14.9789 
14.4854 
14.2813 
14.3866 
14.7639 
15.3079 
15.9014 
16.4739 
17.0035 
17.4935 
17.9509 
18.3674 
18.6947 
18.8663 
18.8502 
18.6108 
18.1038 
17.3762 
16.5695 
15.8419 
15.3208 
15.0584 
15.0375 
15.2393 
15.6364 
16.1494 
16.667 
17.0481 
17.1545 
16.9287 
16.3756 
15.5292 
14.4778 
13.3712 
12.3985 
11.755 
11.5832 
11.9299 
12.7699 
14.01 
15.487 
16.9988 
18.3378 
19.3249 
19.8648 
19.9553 
19.6129 
18.8757 
17.8563 
16.713 
15.6103 
14.7044 
14.1235 
13.9407 
14.1755 
14.7982 
15.7072 
16.7384 
17.7017 
18.4105 
18.7602 
18.7564 
18.4232 
17.81 
17.0541 
16.3291 
15.7864 
15.4997 
15.4518 
15.6208 
15.9581 
16.3039 
16.4835 
16.4269 
16.0929 
15.4652 
14.6947 
14.0536 
13.7477 
13.8405 
14.3309 
15.1603 
16.1459 
17.0505 
17.6919 
17.9833 
17.9057 
17.5139 
16.9451 
16.3248 
15.7181 
15.1612 
14.687 
14.358 
14.2528 
14.4097 
14.818 
15.4219 
16.1093 
16.7282 
17.1305 
17.2262 
16.9915 
16.4634 
15.765 
15.0772 
14.567 
14.3075 
14.2752 
14.4433 
14.7748 
15.1559 
15.4204 
15.5009 
15.4824 
15.4397 
15.3966 
15.379 
15.4644 
15.738 
16.133 
16.4932 
16.7111 
16.7431 
16.582 
16.2663 
15.9142 
15.6645 
15.594 
15.7209 
16.0116 
16.3169 
16.4346 
16.2756 
15.846 
15.1969 
14.4623 
13.859 
13.5513 
13.5549 
13.8416 
14.341 
14.8793 
15.2847 
15.4732 
15.4294 
15.2171 
14.983 
14.8462 
14.8393 
14.9859 
15.3131 
15.7833 
16.3047 
16.7768 
17.1074 
17.2373 
17.1492 
16.8597 
16.4303 
15.9677 
15.5932 
15.3937 
15.3963 
15.594 
15.9471 
16.3707 
16.7674 
17.0618 
17.2129 
17.2098 
17.0585 
16.7788 
16.3998 
15.9549 
15.4857 
15.043 
14.6807 
14.4444 
14.3602 
14.435 
14.657 
14.99 
15.3835 
15.7849 
16.1448 
16.4268 
16.6185 
16.7371 
16.8275 
16.9504 
17.1538 
17.4436 
17.7712 
18.0429 
18.1736 
18.1323 
17.902 
17.4731 
16.8969 
16.2554 
15.5981 
14.9367 
14.2661 
13.5799 
12.8881 
12.2462 
11.7606 
11.5321 
11.6006 
11.9716 
12.6075 
13.374 
14.0886 
14.611 
14.8887 
14.9703 
14.9687 
14.9997 
15.1547 
15.4793 
15.9597 
16.5384 
17.1482 
17.7406 
18.2903 
18.7815 
19.1893 
19.4707 
19.5828 
19.5073 
19.2314 
18.7486 
18.0986 
17.3563 
16.5905 
15.8429 
15.1263 
14.4388 
13.7775 
13.1523 
12.6006 
12.1876 
11.9726 
11.9783 
12.2159 
12.6871 
13.3424 
14.0959 
14.8654 
15.5873 
16.2204 
16.7442 
17.1575 
17.4796 
17.7467 
17.9973 
18.2522 
18.505 
18.7133 
18.82 
18.7944 
18.5799 
18.0893 
17.332 
16.426 
15.5298 
14.8057 
14.3635 
14.2361 
14.4222 
14.8888 
15.5344 
16.2177 
16.8078 
17.2105 
17.4054 
17.4369 
17.3379 
17.124 
16.8209 
16.4456 
16 
15.4808 
14.8874 
14.2386 
13.5939 
13.0536 
12.7248 
12.6736 
12.9173 
13.4254 
14.0995 
14.804 
15.4282 
15.9219 
16.3053 
16.6517 
17.0344 
17.4758 
17.9283 
18.2858 
18.4438 
18.3598 
18.005 
17.3595 
16.5037 
15.5997 
14.8117 
14.2648 
14.0232 
14.1005 
14.4503 
14.9666 
15.5529 
16.1588 
16.7644 
17.3684 
17.9705 
18.5532 
19.0699 
19.4442 
19.6036 
19.5171 
19.1678 
18.5565 
17.7647 
16.9348 
16.202 
15.6565 
15.3304 
15.214 
15.2918 
15.5185 
15.8119 
16.1267 
16.4598 
16.8086 
17.1639 
17.5078 
17.8148 
18.0563 
18.2059 
18.2461 
18.1716 
17.9855 
17.6991 
17.3314 
16.9073 
16.4578 
16.019 
15.6291 
15.3232 
15.1342 
15.0889 
15.1969 
15.4595 
15.8794 
16.4575 
17.1826 
18.0146 
18.8717 
19.6349 
20.171 
20.3834 
20.2421 
19.7556 
18.9814 
18.0565 
17.1569 
16.429 
15.948 
15.7057 
15.6284 
15.6221 
15.617 
15.5834 
15.5381 
15.5262 
15.5732 
15.6854 
15.8659 
16.1025 
16.3642 
16.6142 
16.8241 
16.981 
17.0893 
17.1655 
17.2296 
17.3015 
17.4021 
17.5492 
17.7479 
17.9844 
18.2246 
18.418 
18.5189 
18.5091 
18.384 
18.1575 
17.8894 
17.6586 
17.5149 
17.4622 
17.4649 
17.4833 
17.4569 
17.289 
16.9334 
16.4393 
15.9232 
15.5296 
15.3617 
15.451 
15.7507 
16.1187 
16.3856 
16.451 
16.2893 
15.9497 
15.5899 
15.3815 
15.3909 
15.6735 
16.2938 
17.1717 
18.1084 
18.9117 
19.4483 
19.6583 
19.533 
19.1532 
18.6999 
18.3204 
18.0733 
17.9634 
17.9469 
17.9395 
17.8392 
17.5657 
17.101 
16.5064 
15.9118 
15.4751 
15.3104 
15.4531 
15.8895 
16.5601 
17.3609 
18.1879 
18.9682 
19.6561 
20.2165 
20.6128 
20.82 
20.8365 
20.6652 
20.3222 
19.8682 
19.3892 
18.9555 
18.6053 
18.3481 
18.1714 
18.0491 
17.9575 
17.8947 
17.8775 
17.9181 
18.0241 
18.1988 
18.3793 
18.4461 
18.3353 
18.0238 
17.4829 
16.7246 
15.8396 
14.995 
14.3792 
14.1181 
14.2487 
14.7383 
15.4754 
16.2893 
17.0087 
17.5084 
17.7618 
17.8249 
17.7411 
17.5474 
17.3165 
17.1007 
16.9109 
16.7448 
16.5977 
16.4663 
16.3611 
16.307 
16.3193 
16.4163 
16.6208 
16.9084 
17.198 
17.3896 
17.4099 
17.2363 
16.895 
16.477 
16.1271 
15.969 
16.0495 
16.4002 
17.0458 
17.9049 
18.808 
19.5825 
20.0961 
20.3265 
20.349 
20.2117 
19.9596 
19.7134 
19.5869 
19.6166 
19.7873 
20.0125 
20.158 
20.1537 
19.9011 
19.2481 
18.2182 
17.0195 
15.9 
15.0833 
14.7074 
14.8114 
15.3379 
16.1127 
16.9109 
17.5564 
17.9657 
18.1242 
18.0379 
17.7799 
17.4935 
17.2678 
17.1189 
17.039 
17.0036 
16.9847 
16.9571 
16.9029 
16.8389 
16.813 
16.8525 
16.9683 
17.1751 
17.4722 
17.8273 
18.1822 
18.4808 
18.6978 
18.8479 
18.9823 
19.174 
19.4885 
19.9563 
20.5627 
21.2447 
21.8972 
22.4022 
22.6789 
22.7056 
22.4856 
22.0408 
21.4259 
20.707 
19.9414 
19.1816 
18.4847 
17.9164 
17.541 
17.3703 
17.3576 
17.4719 
17.684 
17.9155 
18.0784 
18.1208 
18.0282 
17.8149 
17.5239 
17.2078 
16.9017 
16.6176 
16.3529 
16.1075 
15.9074 
15.7961 
15.798 
15.9392 
16.2464 
16.6722 
17.0977 
17.3988 
17.4972 
17.3713 
17.0543 
16.654 
16.3195 
16.159 
16.206 
16.4411 
16.7886 
17.1276 
17.3554 
17.444 
17.4479 
17.4333 
17.4381 
17.5147 
17.7068 
17.9942 
18.3091 
18.5866 
18.7922 
18.9172 
18.973 
18.979 
18.943 
18.8629 
18.736 
18.5641 
18.3673 
18.1947 
18.1006 
18.1108 
18.2403 
18.489 
18.7885 
19.0074 
19.0287 
18.8101 
18.3662 
17.751 
17.0558 
16.378 
15.7927 
15.3408 
15.0377 
14.8881 
14.8948 
15.0808 
15.4872 
16.1291 
16.9734 
17.936 
18.8924 
19.7076 
20.2679 
20.5098 
20.4165 
20.021 
19.4185 
18.7275 
18.0521 
17.4762 
17.0612 
16.837 
16.8029 
16.9537 
17.2746 
17.7143 
18.1956 
18.6414 
18.9959 
19.2329 
19.3455 
19.3341 
19.2156 
19.0224 
18.7719 
18.4639 
18.1006 
17.7029 
17.3207 
17.0283 
16.8906 
16.9328 
17.1647 
17.58 
18.1107 
18.6401 
19.0492 
19.2572 
19.2396 
19.0013 
18.5766 
18.0496 
17.5322 
17.1309 
16.916 
16.9077 
17.1059 
17.4908 
17.9993 
18.5443 
19.0486 
19.4625 
19.7693 
19.986 
20.1506 
20.2946 
20.4263 
20.5273 
20.5787 
20.5845 
20.5513 
20.4968 
20.4609 
20.467 
20.5313 
20.6343 
20.6925 
20.6482 
20.4517 
20.0413 
19.4501 
18.8202 
18.3247 
18.0833 
18.1313 
18.4289 
18.8497 
19.202 
19.3228 
19.1556 
18.7167 
18.0674 
17.3208 
16.6142 
16.0801 
15.8108 
15.8383 
16.1722 
16.7971 
17.6134 
18.4471 
19.1062 
19.4527 
19.4437 
19.088 
18.4574 
17.7328 
17.1481 
16.8696 
16.9483 
17.3398 
17.8934 
18.3914 
18.6875 
18.7638 
18.6399 
18.3712 
18.1139 
18.0258 
18.1613 
18.4882 
18.8965 
19.2082 
19.2691 
19.0253 
18.5028 
17.7971 
17.0663 
16.4784 
16.1374 
16.0579 
16.2282 
16.6111 
17.104 
17.5806 
17.9463 
18.1604 
18.2415 
18.2569 
18.2896 
18.4003 
18.6037 
18.8645 
19.0925 
19.185 
19.0973 
18.8101 
18.3045 
17.6534 
17.0604 
16.7259 
16.7251 
17.1053 
17.9044 
19.0035 
20.1702 
21.1909 
21.9155 
22.271 
22.2437 
21.886 
21.3107 
20.6146 
19.8532 
19.0722 
18.3254 
17.6847 
17.2319 
17.0067 
16.9857 
17.1466 
17.4563 
17.818 
18.0944 
18.1735 
18.0163 
17.6374 
17.0925 
16.4791 
15.9133 
15.5034 
15.3198 
15.3834 
15.6902 
16.2104 
16.8691 
17.5641 
18.195 
18.6801 
18.9667 
19.076 
19.0924 
19.0375 
18.9342 
18.8967 
18.9944 
19.2397 
19.6435 
20.1746 
20.7383 
21.1865 
21.3868 
21.2883 
20.8701 
20.1407 
19.2294 
18.3548 
17.7299 
17.4926 
17.6833 
18.2602 
19.0814 
19.9269 
20.5674 
20.8453 
20.7123 
20.1804 
19.3273 
18.3345 
17.4307 
16.8088 
16.5765 
16.7617 
17.3251 
18.1471 
19.0702 
19.9561 
20.7058 
21.2633 
21.6051 
21.7507 
21.7476 
21.6199 
21.3738 
21.0212 
20.575 
20.061 
19.5437 
19.1346 
18.9402 
19.0039 
19.3641 
20.0648 
21.0321 
22.0635 
22.9205 
23.4092 
23.4325 
22.9681 
22.0509 
20.7985 
19.3974 
18.0668 
17.0393 
16.4956 
16.5048 
17.1045 
18.2989 
19.9098 
21.5838 
22.914 
23.6004 
23.5476 
22.7603 
21.3647 
19.7392 
18.3967 
17.7058 
17.7802 
18.5505 
19.761 
21.01 
21.9342 
22.3358 
22.165 
21.4881 
20.5003 
19.4398 
18.4898 
17.7598 
17.2973 
17.1145 
17.2128 
17.5879 
18.2235 
19.083 
20.1008 
21.1793 
22.1989 
23.0379 
23.594 
23.8072 
23.6609 
23.179 
22.439 
21.557 
20.6631 
19.8868 
19.3393 
19.0898 
19.1586 
19.5375 
20.1846 
21.0078 
21.8797 
22.6656 
23.2471 
23.5614 
23.6099 
23.4051 
22.9735 
22.3901 
21.7531 
21.1504 
20.6468 
20.279 
20.0556 
19.9511 
19.9245 
19.9555 
20.0281 
20.1156 
20.2164 
20.365 
20.6063 
20.9527 
21.3573 
21.7112 
21.8992 
21.8672 
21.5216 
20.726 
19.5204 
18.1415 
16.9015 
16.0889 
15.866 
16.2724 
17.2333 
18.5044 
19.7391 
20.6295 
20.9982 
20.798 
20.0954 
19.0897 
18.0355 
17.1455 
16.5578 
16.3332 
16.4809 
16.9253 
17.4942 
18.0315 
18.453 
18.736 
18.928 
19.1362 
19.4896 
20.0815 
20.922 
21.9217 
22.9077 
23.6764 
24.1 
24.1684 
23.9024 
23.3514 
22.6387 
21.8951 
21.1978 
20.571 
19.9927 
19.4204 
18.8356 
18.2609 
17.747 
17.3463 
17.0831 
16.9405 
16.8495 
16.714 
16.4916 
16.2463 
16.0903 
16.0824 
16.304 
16.8795 
17.7868 
18.8589 
19.8908 
20.6657 
21.026 
20.9224 
20.4017 
19.62 
18.7984 
18.1246 
17.6953 
17.5023 
17.4582 
17.4546 
17.4106 
17.3325 
17.3007 
17.3651 
17.5531 
17.9115 
18.4518 
19.1165 
19.7986 
20.3963 
20.8559 
21.1758 
21.3976 
21.5935 
21.8325 
22.1511 
22.548 
22.9905 
23.4273 
23.8092 
24.1006 
24.2756 
24.3152 
24.2116 
23.9629 
23.5694 
23.0389 
22.3921 
21.6663 
20.9185 
20.2209 
19.6487 
19.2633 
19.0783 
19.0619 
19.1932 
19.4523 
19.7852 
20.1284 
20.4361 
20.6846 
20.8672 
20.9738 
20.9844 
20.8885 
20.6764 
20.3276 
19.835 
19.221 
18.5387 
17.8675 
17.2999 
16.9198 
16.7784 
16.8902 
17.2344 
17.7463 
18.3397 
18.9353 
19.4878 
19.884 
19.9999 
19.92 
19.794 
19.7151 
19.8362 
20.2427 
20.796 
21.3431 
21.7687 
21.9465 
21.8258 
21.3903 
20.6679 
19.8149 
19.0643 
18.5909 
18.4585 
18.673 
19.1964 
19.9096 
20.6538 
21.2932 
21.74 
21.9559 
21.9332 
21.6954 
21.3058 
20.8394 
20.3688 
19.9676 
19.6956 
19.5643 
19.5405 
19.6025 
19.7311 
19.8787 
19.998 
20.0682 
20.0908 
20.073 
20.0306 
19.99 
19.9639 
19.9514 
19.9525 
19.9699 
20.0116 
20.0878 
20.2071 
20.374 
20.5864 
20.831 
21.0742 
21.2621 
21.3439 
21.2977 
21.1094 
20.7752 
20.3509 
19.9485 
19.6926 
19.672 
19.9141 
20.3887 
20.992 
21.5649 
21.9596 
22.1374 
22.1682 
22.1003 
21.9843 
21.9198 
21.9576 
22.131 
22.4856 
22.9722 
23.3847 
23.4761 
23.1392 
22.3649 
21.1648 
19.6161 
17.8809 
16.1854 
14.7817 
13.8908 
13.6424 
14.0712 
15.132 
16.6699 
18.4413 
20.1789 
21.6402 
22.6486 
23.1145 
23.0166 
22.4327 
21.5767 
20.7062 
20.045 
19.74 
19.8349 
20.2917 
20.9774 
21.6859 
22.2166 
22.4447 
22.3351 
21.9391 
21.4223 
21.0203 
20.8524 
20.8536 
20.9961 
21.2227 
21.3122 
21.131 
20.681 
20.0051 
19.2183 
18.4909 
17.99 
17.8185 
18.0047 
18.5151 
19.2414 
20.0331 
20.7582 
21.3314 
21.7192 
21.9372 
22.0211 
21.9871 
21.8532 
21.6546 
21.4123 
21.1396 
20.8658 
20.6317 
20.4734 
20.4096 
20.4446 
20.5495 
20.6511 
20.6889 
20.6469 
20.5411 
20.4266 
20.3689 
20.3968 
20.5484 
20.88 
21.3712 
21.9219 
22.4153 
22.7577 
22.9006 
22.8322 
22.5806 
22.2266 
21.8708 
21.6016 
21.4681 
21.4694 
21.5967 
21.827 
22.0456 
22.0894 
21.8832 
21.4184 
20.7029 
19.7979 
18.8312 
17.9776 
17.4181 
17.2764 
17.5901 
18.3229 
19.3514 
20.4878 
21.5439 
22.3791 
22.9253 
23.1741 
23.1367 
22.8859 
22.5707 
22.2937 
22.0809 
21.9257 
21.8002 
21.6781 
21.5456 
21.4004 
21.2494 
21.107 
20.9914 
20.9213 
20.9108 
20.9646 
21.0785 
21.2013 
21.2418 
21.1515 
20.9189 
20.5456 
20.0799 
19.6247 
19.3108 
19.2367 
19.4334 
19.872 
20.452 
21.0215 
21.4372 
21.6133 
21.5265 
21.2116 
20.7713 
20.3353 
20.0114 
19.861 
19.8964 
20.1155 
20.5139 
21.0779 
21.7904 
22.6193 
23.4904 
24.2798 
24.8378 
25.0539 
24.8932 
24.3795 
23.6076 
22.7415 
21.9207 
21.3425 
21.17 
21.2445 
21.3581 
21.435 
21.3204 
20.9456 
20.4939 
20.1241 
19.8916 
19.8331 
19.954 
20.2269 
20.5648 
20.8462 
20.9907 
20.989 
20.8538 
20.6141 
20.33 
20.0544 
19.818 
19.65 
19.5775 
19.6152 
19.8013 
20.1917 
20.7759 
21.4652 
22.1323 
22.64 
22.892 
22.8582 
22.5444 
21.9937 
21.3152 
20.6546 
20.1513 
19.8979 
19.923 
20.2464 
20.8928 
21.8295 
22.9646 
24.1746 
25.3156 
26.247 
26.8627 
27.1108 
26.9816 
26.534 
25.9044 
25.2109 
24.5071 
23.8091 
23.1152 
22.4222 
21.737 
21.0923 
20.5524 
20.1811 
20.0023 
20.0126 
20.1701 
20.3684 
20.4948 
20.4903 
20.2994 
19.8984 
19.4455 
19.1682 
19.1599 
19.5259 
20.4261 
21.8147 
23.4423 
25.0135 
26.241 
26.9453 
27.0977 
26.7163 
25.8679 
24.7451 
23.5903 
22.5906 
21.839 
21.326 
20.9674 
20.6712 
20.3883 
20.1182 
19.9029 
19.7959 
19.8216 
19.9994 
20.348 
20.8302 
21.3673 
21.8928 
22.3779 
22.8392 
23.3264 
23.8874 
24.5335 
25.2285 
25.8947 
26.3963 
26.5799 
26.376 
25.7936 
24.8954 
23.8213 
22.7782 
21.9892 
21.6072 
21.6784 
22.1557 
22.8838 
23.642 
24.2449 
24.6045 
24.7199 
24.6136 
24.3604 
24.104 
23.937 
23.8802 
23.9382 
24.1046 
24.3581 
24.6662 
24.9828 
25.2134 
25.2391 
25.0059 
24.5146 
23.7855 
22.8856 
21.9458 
21.141 
20.6309 
20.4316 
20.4183 
20.5162 
20.6645 
20.741 
20.6826 
20.478 
20.1328 
19.7126 
19.3086 
18.9879 
18.7917 
18.7418 
18.8442 
19.0979 
19.5008 
20.0473 
20.7277 
21.5256 
22.4122 
23.3434 
24.259 
25.0873 
25.755 
26.1975 
26.3748 
26.2753 
25.9083 
25.3103 
24.5498 
23.7164 
22.9056 
22.2019 
21.6599 
21.3005 
21.1156 
21.0826 
21.1887 
21.432 
21.8087 
22.3071 
22.894 
23.5052 
24.0523 
24.4483 
24.6387 
24.6085 
24.3994 
24.1621 
24.0756 
24.2097 
24.5646 
25.1342 
25.8902 
26.7784 
27.7365 
28.7085 
29.6477 
30.5106 
31.2509 
31.7768 
31.9664 
31.7605 
31.1434 
30.1073 
28.6916 
27.0071 
25.2413 
23.6428 
22.4729 
21.9137 
22.0209 
22.7612 
23.9841 
25.3902 
26.6152 
27.3831 
27.5869 
27.2145 
26.3364 
25.1781 
24.051 
23.2215 
22.8012 
22.7549 
23.0419 
23.6076 
24.3136 
24.9989 
25.539 
25.858 
25.9261 
25.7389 
25.3146 
24.7182 
24.0564 
23.4523 
23.016 
22.7948 
22.771 
22.9254 
23.232 
23.6215 
24.012 
24.34 
24.5563 
24.6268 
24.5399 
24.2996 
23.9262 
23.4665 
22.9944 
22.5954 
22.3361 
22.2202 
22.1975 
22.2348 
22.3067 
22.3659 
22.3906 
22.3933 
22.3858 
22.3775 
22.3778 
22.3815 
22.3583 
22.2646 
22.0802 
21.8289 
21.5687 
21.3813 
21.3357 
21.4546 
21.7293 
22.1319 
22.6208 
23.1652 
23.7569 
24.4 
25.1004 
25.8621 
26.6749 
27.5017 
28.2811 
28.9389 
29.3969 
29.5963 
29.5157 
29.1532 
28.5326 
27.7371 
26.9025 
26.1817 
25.7042 
25.4948 
25.4781 
25.6031 
25.8317 
26.0783 
26.2665 
26.3668 
26.3754 
26.293 
26.1163 
25.8409 
25.4684 
25.0235 
24.5748 
24.2237 
24.0486 
24.0744 
24.2631 
24.4842 
24.5857 
24.5028 
24.2125 
23.7189 
23.2263 
23.0649 
23.3889 
24.1934 
25.4115 
26.8607 
28.2486 
29.2662 
29.7132 
29.5323 
28.7895 
27.6895 
26.5065 
25.482 
24.7869 
24.5086 
24.6691 
25.2198 
26.0114 
26.8324 
27.4677 
27.7942 
27.8211 
27.5795 
27.1294 
26.6291 
26.247 
26.0698 
26.1734 
26.4513 
26.5534 
26.3216 
25.7784 
24.944 
23.9322 
22.9538 
22.2363 
21.9246 
22.0592 
22.5743 
23.2827 
23.9727 
24.5088 
24.8488 
25.0441 
25.2219 
25.5333 
26.0865 
26.8988 
27.8808 
28.8524 
29.5969 
29.9784 
29.9916 
29.6613 
29.0469 
28.3006 
27.5693 
26.9126 
26.3295 
25.7878 
25.2472 
24.6957 
24.192 
23.8633 
23.8131 
24.0715 
24.5782 
25.1488 
25.5704 
25.757 
25.7773 
25.7393 
25.6888 
25.7255 
26.081 
26.9035 
28.0987 
29.3832 
30.4079 
30.9244 
30.8567 
30.2566 
29.32 
28.3647 
27.6793 
27.3778 
27.3468 
27.3944 
27.4384 
27.4279 
27.2205 
26.6992 
25.9273 
25.114 
24.4861 
24.1539 
24.0927 
24.2647 
24.6189 
25.0381 
25.4046 
25.6515 
25.754 
25.7112 
25.552 
25.3225 
25.0416 
24.6952 
24.2613 
23.7329 
23.1428 
22.5772 
22.1583 
21.9889 
22.1093 
22.5476 
23.3256 
24.3658 
25.4954 
26.5147 
27.2448 
27.5763 
27.4787 
26.9966 
26.2717 
25.5062 
24.9 
24.5884 
24.6126 
24.9539 
25.5287 
26.1762 
26.7144 
27.0294 
27.1041 
26.9503 
26.6088 
26.1939 
25.8507 
25.6704 
25.6662 
25.8284 
26.1225 
26.4496 
26.6896 
26.7669 
26.6604 
26.3962 
26.0349 
25.7296 
25.6381 
25.7271 
25.8705 
25.9596 
25.8138 
25.2907 
24.4827 
23.5629 
22.7488 
22.2891 
22.2883 
22.8171 
23.9169 
25.381 
26.8214 
27.8813 
28.3449 
28.1521 
27.4082 
26.4278 
25.6146 
25.2524 
25.4294 
26.1626 
27.4133 
28.9664 
30.5097 
31.7797 
32.6091 
32.9245 
32.7161 
32.0548 
31.0864 
29.9296 
28.6547 
27.3261 
26.0147 
24.8055 
23.7958 
23.0814 
22.7166 
22.6995 
23.0195 
23.6494 
24.5024 
25.454 
26.3852 
27.2078 
27.8747 
28.3742 
28.7235 
28.9608 
29.0986 
29.1067 
28.9636 
28.6464 
28.1077 
27.3287 
26.3565 
25.3044 
24.3384 
23.6396 
23.3357 
23.4657 
24.0046 
24.8533 
25.8358 
26.7539 
27.4368 
27.7799 
27.7531 
27.3612 
26.6417 
25.6938 
24.6665 
23.7334 
23.0677 
22.7886 
22.933 
23.4931 
24.4083 
25.526 
26.6473 
27.6091 
28.3334 
28.8423 
29.2337 
29.6148 
30.0386 
30.4798 
30.8166 
30.8975 
30.6603 
30.1266 
29.394 
28.6564 
28.1452 
28.0229 
28.3387 
29.0434 
29.9746 
30.8989 
31.6054 
31.9889 
32.0558 
31.8318 
31.3547 
30.7052 
29.9729 
29.2405 
28.5973 
28.143 
27.9535 
28.0535 
28.4389 
29.0586 
29.7664 
30.3593 
30.6846 
30.692 
30.38 
29.7877 
29.0384 
28.3024 
27.7362 
27.4378 
27.433 
27.72 
28.2663 
28.961 
29.638 
30.1342 
30.3434 
30.2345 
29.8407 
29.2735 
28.7035 
28.3064 
28.1469 
28.1499 
28.2539 
28.3866 
28.4496 
28.4424 
28.4106 
28.3808 
28.3877 
28.4883 
28.7022 
28.9343 
29.0556 
29.0115 
28.7602 
28.2607 
27.5892 
26.9144 
26.405 
26.1546 
26.1565 
26.3862 
26.8023 
27.3113 
27.8263 
28.3059 
28.7371 
29.1134 
29.4222 
29.6462 
29.7782 
29.8294 
29.8303 
29.8138 
29.831 
29.9845 
30.3671 
30.9926 
31.7841 
32.5839 
33.1976 
33.4819 
33.3918 
32.9505 
32.2623 
31.5263 
30.961 
30.7065 
30.8027 
31.1963 
31.7275 
32.1976 
32.4762 
32.5265 
32.354 
31.9891 
31.4948 
30.9365 
30.3674 
29.8441 
29.4372 
29.2119 
29.1989 
29.4033 
29.8002 
30.3129 
30.8414 
31.3099 
31.6857 
31.9825 
32.2347 
32.4585 
32.6456 
32.7791 
32.8456 
32.8422 
32.784 
32.7113 
32.6705 
32.6853 
32.7795 
32.9722 
33.1793 
33.2521 
33.1223 
32.7935 
32.2996 
31.7246 
31.191 
30.8143 
30.6602 
30.7456 
31.019 
31.3058 
31.4119 
31.2631 
30.8718 
30.3026 
29.6866 
29.1898 
28.9362 
28.9647 
29.2611 
29.7572 
30.3247 
30.8282 
31.1739 
31.3178 
31.2524 
31.0172 
30.6997 
30.3837 
30.1524 
30.0931 
30.2463 
30.6054 
31.1264 
31.7095 
32.1659 
32.2854 
31.9778 
31.2666 
30.2674 
29.2015 
28.3439 
27.9004 
27.9357 
28.4758 
29.5307 
30.9874 
32.6513 
34.3373 
35.8865 
37.1594 
38.0329 
38.4246 
38.309 
37.7028 
36.6897 
35.4566 
34.2567 
33.3332 
32.8144 
32.6944 
32.9431 
33.509 
34.263 
35.0497 
35.7382 
36.2278 
36.4579 
36.4104 
36.0846 
35.501 
34.7359 
33.9114 
33.1595 
32.5854 
32.2401 
32.1273 
32.2374 
32.5211 
32.8689 
33.1828 
33.4051 
33.5054 
33.4775 
33.355 
33.2157 
33.1212 
33.0845 
33.0772 
33.0349 
32.8745 
32.5243 
31.9536 
31.1834 
30.2904 
29.3995 
28.6504 
28.1526 
27.9593 
28.0806 
28.4501 
28.9093 
29.32 
29.6208 
29.7978 
29.8633 
29.8289 
29.7363 
29.6644 
29.657 
29.7177 
29.8416 
30.0117 
30.1981 
30.3435 
30.3751 
30.2563 
29.9912 
29.6158 
29.2765 
29.1935 
29.4744 
30.1261 
31.1279 
32.3735 
33.648 
34.692 
35.3312 
35.5296 
35.3008 
34.7142 
33.9571 
33.2538 
32.7698 
32.5862 
32.7165 
33.0888 
33.5539 
34.003 
34.4043 
34.7568 
35.0813 
35.4088 
35.7542 
36.1012 
36.4032 
36.5944 
36.6215 
36.4666 
36.1444 
35.7005 
35.1955 
34.6741 
34.1487 
33.6015 
33.0042 
32.3481 
31.6746 
31.0871 
30.7175 
30.6619 
30.9508 
31.5548 
32.3748 
33.2658 
34.1006 
34.8142 
35.4194 
35.9712 
36.5052 
37.0237 
37.4269 
37.5248 
37.2168 
36.5032 
35.4264 
34.114 
32.7931 
31.7287 
31.0926 
30.9101 
31.1615 
31.7873 
32.6284 
33.4898 
34.2144 
34.7001 
34.9261 
34.9384 
34.771 
34.4411 
33.9828 
33.4307 
32.8182 
32.2971 
32.1205 
32.4238 
33.2436 
34.5819 
36.305 
38.1126 
39.6121 
40.5118 
40.7351 
40.2939 
39.2884 
38.0091 
36.8053 
35.9125 
35.4071 
35.2041 
35.0917 
34.8228 
34.2204 
33.2417 
31.9953 
30.7153 
29.6773 
29.0739 
28.9639 
29.3477 
30.191 
31.3895 
32.8102 
34.3357 
35.8536 
37.2357 
38.3372 
39.0334 
39.332 
39.3656 
39.2134 
38.9296 
38.6276 
38.3876 
38.1896 
37.9281 
37.4789 
36.7888 
35.9148 
35.0111 
34.3108 
34.0381 
34.2899 
35.0753 
36.3258 
37.8009 
39.1306 
39.9776 
40.1618 
39.6417 
38.4995 
37.0045 
35.5436 
34.4659 
33.9152 
33.8252 
34.1299 
34.7448 
35.4624 
36.0755 
36.479 
36.6404 
36.5592 
36.2851 
35.9106 
35.4954 
35.066 
34.6624 
34.3434 
34.1598 
34.1306 
34.2571 
34.5221 
34.8737 
35.2515 
35.6223 
35.9897 
36.389 
36.8619 
37.4207 
38.0328 
38.6255 
39.1082 
39.406 
39.4831 
39.332 
38.9665 
38.4288 
37.7744 
37.0476 
36.2752 
35.4759 
34.6774 
33.9302 
33.308 
32.8919 
32.739 
32.8666 
33.2607 
33.8727 
34.6291 
35.4617 
36.3259 
37.2035 
38.0925 
38.9943 
39.9044 
40.8037 
41.6563 
42.413 
43.0178 
43.3969 
43.4761 
43.2246 
42.6441 
41.7494 
40.5894 
39.2653 
37.9172 
36.6897 
35.7189 
35.1243 
34.8987 
34.9028 
35.0497 
35.2875 
35.5308 
35.7429 
35.9769 
36.3249 
36.8369 
37.4843 
38.1586 
38.6887 
38.9309 
38.8376 
38.4184 
37.7654 
37.1221 
36.7446 
36.733 
37.1637 
38.1163 
39.4617 
40.9112 
42.1819 
43.0398 
43.3419 
43.0465 
42.1776 
40.8453 
39.2782 
37.7773 
36.6326 
35.9864 
35.8062 
36.0423 
36.6235 
37.3787 
38.1277 
38.7645 
39.2525 
39.5895 
39.7705 
39.7819 
39.6171 
39.2818 
38.8096 
38.2858 
37.8397 
37.5757 
37.5229 
37.6791 
38.0021 
38.3558 
38.5826 
38.6005 
38.3927 
38.0007 
37.5556 
37.2444 
37.213 
37.5103 
38.1102 
38.9246 
39.8196 
40.6595 
41.3327 
41.7629 
41.9115 
41.7689 
41.3648 
40.7906 
40.1758 
39.6595 
39.3539 
39.3064 
39.5237 
39.9716 
40.5405 
41.0775 
41.4444 
41.5572 
41.392 
40.9715 
40.3717 
39.708 
39.1012 
38.654 
38.4185 
38.3931 
38.5667 
38.9188 
39.3961 
39.9308 
40.4615 
40.9378 
41.3237 
41.6001 
41.7648 
41.8248 
41.7851 
41.674 
41.5527 
41.4653 
41.4268 
41.4386 
41.4829 
41.5416 
41.6309 
41.8052 
42.1451 
42.7282 
43.5815 
44.657 
45.8313 
46.9173 
47.7067 
48.0516 
47.9063 
47.3004 
46.3501 
45.2561 
44.2328 
43.4391 
42.9519 
42.7404 
42.7015 
42.7777 
42.9449 
43.1096 
43.1461 
43.0018 
42.6552 
42.0544 
41.1703 
40.0354 
38.7551 
37.5181 
36.6181 
36.3473 
36.8226 
38.0155 
39.7947 
41.9042 
44.0129 
45.7956 
47.0082 
47.6086 
47.7339 
47.4782 
46.8968 
46.1189 
45.2909 
44.5238 
43.8992 
43.4799 
43.3069 
43.394 
43.7558 
44.4155 
45.3555 
46.4913 
47.68 
48.7371 
49.468 
49.7334 
49.4893 
48.7842 
47.7938 
46.8178 
46.1744 
46.0621 
46.5337 
47.4942 
48.6342 
49.4874 
49.669 
49.0467 
47.6908 
45.8579 
43.9743 
42.4961 
41.6984 
41.6055 
42.1773 
43.3081 
44.7061 
46.0089 
46.9408 
47.365 
47.2497 
46.6718 
45.8451 
45.0152 
44.3751 
44.0429 
44.0529 
44.4184 
45.1418 
46.1468 
47.2785 
48.3419 
49.135 
49.5164 
49.4421 
48.917 
48.0065 
46.901 
45.8757 
45.1919 
45.0087 
45.3698 
46.2191 
47.3675 
48.5257 
49.3989 
49.7884 
49.6341 
48.9619 
47.8943 
46.6771 
45.6037 
44.9031 
44.6804 
44.9555 
45.6797 
46.6991 
47.7988 
48.7657 
49.4083 
49.6713 
49.6575 
49.444 
49.1044 
48.787 
48.5909 
48.5082 
48.4601 
48.3469 
48.1035 
47.7183 
47.234 
46.736 
46.3206 
46.062 
45.9995 
46.143 
46.4867 
47.0145 
47.7067 
48.5354 
49.4433 
50.3195 
50.9633 
51.162 
50.8321 
50.0023 
48.8033 
47.499 
46.4209 
45.8095 
45.73 
46.1768 
47.0648 
48.118 
48.9606 
49.3227 
49.1208 
48.3837 
47.2662 
46.0927 
45.1984 
44.7103 
44.5729 
44.734 
45.1056 
45.5021 
45.7801 
45.9004 
45.9077 
45.8915 
45.9616 
46.2488 
46.8252 
47.6609 
48.6516 
49.6542 
50.554 
51.3084 
51.9258 
52.4297 
52.839 
53.1146 
53.1624 
52.9281 
52.4062 
51.6079 
50.6065 
49.5763 
48.7656 
48.3824 
48.5041 
49.1889 
50.4937 
52.2785 
54.2054 
55.892 
57.0219 
57.4209 
57.0441 
55.9592 
54.3757 
52.5861 
50.8806 
49.5037 
48.6172 
48.2941 
48.5482 
49.284 
50.2527 
51.1684 
51.7756 
51.9999 
52.001 
51.8381 
51.5709 
51.4733 
51.7148 
52.2864 
53.108 
53.9893 
54.6686 
54.943 
54.7476 
54.0759 
52.9738 
51.6216 
50.2756 
49.1642 
48.4481 
48.2071 
48.4608 
49.1868 
50.3047 
51.6733 
53.1138 
54.4384 
55.4864 
56.1511 
56.3848 
56.1793 
55.5963 
54.7878 
53.9176 
53.129 
52.5614 
52.3143 
52.4214 
52.9132 
53.8324 
55.1332 
56.6481 
58.1236 
59.2614 
59.8294 
59.7443 
58.9788 
57.5642 
55.7353 
53.8819 
52.396 
51.5215 
51.3022 
51.7162 
52.6829 
53.9801 
55.3261 
56.4849 
57.3003 
57.7359 
57.8542 
57.7016 
57.3087 
56.7548 
56.1505 
55.6096 
55.228 
55.0369 
55.0062 
55.1119 
55.331 
55.6162 
55.9367 
56.3058 
56.7722 
57.3867 
58.1607 
59.0493 
59.9588 
60.7695 
61.337 
61.5248 
61.2756 
60.5924 
59.509 
58.1317 
56.6838 
55.4979 
54.8684 
54.9108 
55.7044 
57.308 
59.5096 
61.8734 
63.9574 
65.4231 
66.0967 
65.9413 
65.085 
63.8312 
62.4714 
61.1835 
60.0589 
59.1221 
58.37 
57.7918 
57.3735 
57.1 
56.9471 
56.8701 
56.8067 
56.6983 
56.515 
56.2674 
56.0472 
55.9972 
56.1891 
56.6195 
57.2435 
57.9406 
58.5067 
58.7526 
58.6046 
58.0313 
57.0436 
55.8236 
54.6586 
53.7804 
53.2808 
53.1305 
53.2846 
53.672 
54.1676 
54.6952 
55.2346 
55.7638 
56.2459 
56.6273 
56.8653 
56.9478 
56.8596 
56.6722 
56.5721 
56.6642 
57.0012 
57.6427 
58.5214 
59.4246 
60.0998 
60.3759 
60.2026 
59.6424 
58.8956 
58.3109 
58.2405 
58.8303 
60.0578 
61.7999 
63.7942 
65.6683 
67.0233 
67.5788 
67.2482 
66.0507 
64.121 
61.7824 
59.4577 
57.5424 
56.3315 
55.8424 
55.8426 
56.1832 
56.768 
57.4201 
58.0321 
58.6035 
59.1606 
59.7226 
60.283 
60.7901 
61.1601 
61.3421 
61.3453 
61.1848 
60.8883 
60.5379 
60.2461 
60.0978 
60.1234 
60.3307 
60.7021 
61.1427 
61.4987 
61.6475 
61.5487 
61.2025 
60.666 
60.1171 
59.7596 
59.6936 
59.9367 
60.4364 
60.956 
61.1788 
60.9632 
60.2693 
59.0801 
57.527 
55.8933 
54.4831 
53.5141 
53.0886 
53.2213 
53.8454 
54.8467 
56.1608 
57.7651 
59.591 
61.4737 
63.1485 
64.3083 
64.7308 
64.3465 
63.2398 
61.6828 
60.0565 
58.6746 
57.6891 
57.1016 
56.797 
56.5887 
56.3037 
55.9762 
55.8315 
55.9949 
56.5935 
57.8949 
60.0506 
62.9421 
66.2496 
69.592 
72.6644 
75.3158 
77.57 
79.5844 
81.5421 
83.5598 
85.6679 
87.8186 
89.9129 
91.8583 
93.6148 
95.2173 
96.7445 
98.2271 
99.5996 
100.717 
101.428 
101.734 
101.788 
101.684 
101.509 
101.407 
101.448 
101.571 
101.648 
101.615 
101.389 
100.818 
99.8971 
98.7793 
97.6155 
96.4931 
95.4555 
94.556 
93.9437 
93.8294 
94.3194 
95.4071 
97.0133 
98.9392 
100.855 
102.367 
103.216 
103.372 
102.871 
101.826 
100.57 
99.4816 
98.7794 
98.5323 
98.7446 
99.2703 
99.7827 
100.073 
100.146 
100.01 
99.7531 
99.6136 
99.7378 
100.209 
101.114 
102.346 
103.597 
104.544 
105.001 
104.921 
104.412 
103.756 
103.23 
102.963 
103.055 
103.37 
103.476 
103.21 
102.627 
101.76 
100.751 
99.8802 
99.4046 
99.4153 
99.9655 
101.098 
102.675 
104.432 
106.137 
107.634 
108.856 
109.788 
110.433 
110.782 
110.808 
110.496 
109.844 
108.864 
107.598 
106.163 
104.757 
103.637 
102.997 
102.897 
103.335 
104.236 
105.342 
106.299 
106.848 
106.891 
106.416 
105.474 
104.217 
102.851 
101.543 
100.4 
99.4744 
98.8446 
98.624 
98.8737 
99.6142 
100.851 
102.526 
104.495 
106.545 
108.423 
109.879 
110.717 
110.85 
110.264 
109.019 
107.326 
105.517 
103.954 
102.928 
102.588 
102.964 
103.995 
105.484 
107.151 
108.744 
110.088 
111.089 
111.707 
111.915 
111.702 
111.058 
109.973 
108.496 
106.803 
105.179 
103.936 
103.298 
103.333 
104.04 
105.352 
107.065 
108.903 
110.624 
112.063 
113.139 
113.831 
114.15 
114.107 
113.763 
113.262 
112.723 
112.214 
111.779 
111.44 
111.208 
111.092 
111.098 
111.306 
111.914 
113.085 
114.833 
117.024 
119.382 
121.522 
123.081 
123.933 
124.174 
123.881 
123.182 
122.391 
121.81 
121.585 
121.751 
122.18 
122.572 
122.702 
122.518 
122.082 
121.585 
121.243 
121.149 
121.317 
121.672 
121.994 
122.063 
121.805 
121.292 
120.759 
120.47 
120.536 
120.992 
121.781 
122.571 
122.973 
122.833 
121.988 
120.195 
117.553 
114.495 
111.519 
109.058 
107.401 
106.676 
106.905 
107.926 
109.366 
110.882 
112.285 
113.491 
114.496 
115.363 
116.193 
117.069 
117.999 
118.893 
119.582 
119.904 
119.794 
119.218 
118.178 
116.84 
115.504 
114.488 
114.011 
114.142 
114.893 
116.224 
117.945 
119.749 
121.319 
122.398 
122.842 
122.613 
121.796 
120.632 
119.408 
118.341 
117.549 
117.063 
116.833 
116.761 
116.744 
116.714 
116.667 
116.641 
116.668 
116.764 
116.935 
117.104 
117.137 
116.965 
116.592 
116.06 
115.479 
115.048 
114.959 
115.284 
115.994 
116.971 
118.018 
118.945 
119.636 
120.061 
120.239 
120.173 
119.979 
119.892 
119.978 
120.194 
120.432 
120.488 
120.252 
119.705 
118.855 
117.808 
116.776 
116.022 
115.745 
116.004 
116.772 
117.903 
119.097 
119.984 
120.392 
120.431 
120.204 
119.846 
119.621 
119.669 
120.138 
121.236 
122.835 
124.475 
125.633 
125.925 
125.227 
123.623 
121.408 
119.083 
117.199 
116.119 
115.904 
116.522 
117.837 
119.434 
120.777 
121.55 
121.749 
121.435 
120.741 
120.004 
119.542 
119.453 
119.735 
120.293 
120.854 
121.148 
121.081 
120.617 
119.748 
118.652 
117.61 
116.824 
116.347 
116.06 
115.705 
115 
113.77 
112.012 
109.917 
107.87 
106.317 
105.499 
105.367 
105.847 
106.812 
107.925 
108.782 
109.121 
108.865 
108.062 
106.883 
105.587 
104.413 
103.51 
102.91 
102.526 
102.171 
101.61 
100.642 
99.1674 
97.212 
94.9369 
92.624 
90.6039 
89.1583 
88.4469 
88.5126 
89.3133 
90.7254 
92.5974 
94.805 
97.2361 
99.7458 
102.117 
104.055 
105.218 
105.332 
104.303 
102.181 
99.1619 
95.6243 
92.0798 
89.0781 
87.0758 
86.1706 
86.1213 
86.7675 
87.9627 
89.3301 
90.485 
91.253 
91.6527 
91.7847 
91.7102 
91.4844 
91.2021 
90.9048 
90.582 
90.2473 
89.9642 
89.8098 
89.8177 
90.017 
90.4393 
91.0431 
91.737 
92.4532 
93.1647 
93.8674 
94.534 
95.0196 
95.1029 
94.6766 
93.7419 
92.3441 
90.6388 
88.9335 
87.6201 
86.9911 
87.1393 
88.0382 
89.5308 
91.2678 
92.8309 
93.8934 
94.2882 
93.9819 
93.0984 
91.9179 
90.6944 
89.5801 
88.6832 
88.1102 
87.957 
88.2601 
89.0065 
90.1262 
91.4536 
92.738 
93.7017 
94.1474 
94.0139 
93.3444 
92.2967 
91.1139 
89.9968 
89.037 
88.2499 
87.5908 
86.9802 
86.3974 
85.9314 
85.7074 
85.7861 
86.2492 
87.223 
88.6491 
90.2176 
91.4937 
92.1177 
91.9554 
90.9414 
89.0733 
86.6714 
84.3094 
82.555 
81.7755 
82.0775 
83.3526 
85.243 
87.2269 
88.809 
89.7105 
89.9091 
89.4478 
88.4229 
87.0707 
85.6647 
84.4128 
83.4464 
82.8298 
82.5818 
82.7047 
83.1087 
83.5452 
83.7829 
83.7421 
83.3529 
82.5432 
81.4341 
80.4333 
80.0213 
80.4225 
81.7188 
83.9359 
86.8025 
89.7086 
91.9061 
92.8518 
92.3779 
90.6839 
88.4147 
86.5014 
85.6762 
86.1952 
88.2461 
92.0366 
97.2668 
103.306 
109.731 
116.436 
123.466 
130.873 
138.673 
146.652 
154.223 
160.637 
165.352 
168.214 
169.321 
168.775 
167.131 
165.563 
164.84 
165.087 
166.253 
168.124 
170.302 
172.306 
173.633 
173.888 
172.935 
170.84 
167.88 
164.641 
161.94 
160.464 
160.46 
161.981 
164.885 
168.484 
171.811 
174.093 
174.926 
174.211 
172.114 
169.124 
165.865 
162.884 
160.587 
159.205 
158.82 
159.443 
161.033 
163.428 
166.299 
169.147 
171.376 
172.557 
172.601 
171.53 
169.525 
167.198 
165.375 
164.636 
165.158 
166.763 
168.877 
170.706 
171.738 
171.927 
171.347 
170.201 
169.045 
168.435 
168.567 
169.55 
171.453 
173.915 
176.224 
177.667 
177.783 
176.439 
173.787 
170.326 
166.775 
163.774 
161.717 
160.754 
160.904 
161.887 
163.09 
164.038 
164.586 
164.79 
164.841 
164.92 
165.119 
165.451 
165.793 
165.927 
165.743 
165.214 
164.313 
163.076 
161.623 
160.117 
158.693 
157.423 
156.33 
155.439 
154.854 
154.738 
155.181 
156.17 
157.622 
159.335 
160.998 
162.251 
162.835 
162.671 
161.841 
160.62 
159.401 
158.514 
158.134 
158.302 
158.915 
159.709 
160.434 
160.982 
161.334 
161.534 
161.657 
161.766 
161.886 
162.017 
162.176 
162.429 
162.92 
163.81 
165.16 
166.873 
168.678 
170.153 
170.914 
170.807 
169.752 
167.749 
165.169 
162.65 
160.762 
159.763 
159.587 
160.146 
161.319 
162.82 
164.345 
165.708 
166.841 
167.736 
168.401 
168.838 
169.047 
169.027 
168.761 
168.216 
167.361 
166.173 
164.643 
162.786 
160.655 
158.388 
156.244 
154.592 
153.757 
153.867 
155.116 
157.821 
161.973 
167.186 
172.927 
178.614 
183.726 
187.894 
190.932 
192.805 
193.555 
193.213 
192.001 
190.452 
189.085 
188.22 
187.981 
188.381 
189.28 
190.22 
190.701 
190.526 
189.459 
187.133 
183.665 
179.726 
176.125 
173.51 
172.088 
171.686 
172.144 
173.166 
174.117 
174.589 
174.595 
174.198 
173.528 
172.854 
172.365 
172.111 
172.228 
172.593 
172.695 
172.338 
171.581 
170.449 
169.034 
167.443 
165.775 
164.109 
162.489 
160.956 
159.572 
158.44 
157.699 
157.46 
157.759 
158.549 
159.661 
160.741 
161.384 
161.41 
160.721 
159.28 
157.383 
155.496 
154.039 
153.228 
153.026 
153.363 
154.139 
155.13 
156.118 
157.004 
157.773 
158.434 
158.949 
159.238 
159.251 
158.893 
158.001 
156.538 
154.629 
152.506 
150.522 
149.077 
148.378 
148.35 
148.906 
149.907 
150.833 
151.035 
150.246 
148.483 
145.866 
142.651 
139.136 
135.543 
131.971 
128.363 
124.563 
120.522 
116.373 
112.412 
109.035 
106.597 
105.222 
104.808 
105.267 
106.434 
107.923 
109.352 
110.482 
111.217 
111.623 
111.88 
112.075 
112.115 
111.923 
111.404 
110.325 
108.488 
105.881 
102.724 
99.4455 
96.5335 
94.3483 
93.0247 
92.5268 
92.7957 
93.5544 
94.2527 
94.5581 
94.4305 
93.9567 
93.4459 
93.2617 
93.5518 
94.2869 
95.3132 
96.1877 
96.336 
95.5002 
93.6656 
90.867 
87.2822 
83.26 
79.2476 
75.687 
72.9156 
71.1031 
70.2805 
70.4334 
71.3205 
72.3902 
73.1743 
73.4629 
73.1956 
72.4184 
71.2879 
70.0342 
68.8605 
67.8774 
67.0828 
66.3634 
65.5287 
64.3957 
62.873 
60.9936 
58.9149 
56.8836 
55.1415 
53.8311 
52.9589 
52.3939 
51.8985 
51.2276 
50.2361 
48.9248 
47.4549 
46.1215 
45.2106 
44.777 
44.6753 
44.8467 
45.1729 
45.3348 
45.1502 
44.5812 
43.6134 
42.3773 
41.1549 
40.2271 
39.7242 
39.5752 
39.578 
39.514 
39.2037 
38.5548 
37.5926 
36.4363 
35.2537 
34.2135 
33.4559 
33.0505 
32.9905 
33.2605 
33.8239 
34.5545 
35.188 
35.4213 
35.1227 
34.291 
32.9611 
31.2675 
29.4696 
27.8778 
26.7369 
26.1164 
25.9456 
26.1736 
26.7505 
27.5436 
28.3918 
29.162 
29.7558 
30.0943 
30.1173 
29.8033 
29.1593 
28.2198 
27.064 
25.8174 
24.6354 
23.6641 
22.9974 
22.6537 
22.5572 
22.5717 
22.5735 
22.4447 
22.0828 
21.4648 
20.6704 
19.8545 
19.175 
18.722 
18.4917 
18.3972 
18.3073 
18.1081 
17.7499 
17.2603 
16.7299 
16.2733 
15.9775 
15.8781 
15.9804 
16.2597 
16.642 
17.0285 
17.31 
17.3906 
17.2345 
16.8421 
16.2198 
15.3925 
14.411 
13.3546 
12.3296 
11.4557 
10.8407 
10.549 
10.5985 
10.9464 
11.4703 
12.0195 
12.4691 
12.746 
12.8338 
12.7376 
12.4829 
12.1286 
11.745 
11.3981 
11.1467 
11.0195 
11.0113 
11.114 
11.3114 
11.5534 
11.7543 
11.8289 
11.7428 
11.4981 
11.1091 
10.6142 
10.075 
9.56176 
9.13367 
8.82466 
8.63871 
8.56277 
8.58927 
8.66597 
8.70597 
8.69315 
8.61821 
8.43582 
8.15599 
7.83744 
7.5313 
7.26129 
7.01898 
6.76564 
6.44201 
5.99444 
5.40573 
4.70848 
3.98183 
3.33486 
2.87584 
2.65051 
2.63161 
2.79402 
3.10473 
3.47357 
3.79562 
4.00396 
4.07503 
4.00583 
3.80758 
3.51196 
3.15795 
2.78 
2.40592 
2.05568 
1.74284 
1.47577 
1.25819 
1.08939 
0.96446 
0.874888 
0.80902 
0.75313 
0.693696 
0.620604 
0.529758 
0.424015 
0.312395 
0.207192 
0.119599 
0.0563526 
0.0187386 
0.00274634 
0 
0 
0 
0 
0 
0 
0 
0 
0 
0 
0 
0 
0 
0 
0 
0 
0 
0 
0 
0 
0 
0 
0 
0 
0 
0 
0 
0 
0 
0 
0 
0 
0 
0 
0 
0 
0 
0 
0 
0 
0 
0 
0 
0 
0 
0 
0 
0 
0 
0 
0 
0 
0 
0 
0 
0 
0 
0 
0 
0 
0 
0 
0 
0 
0 
0 
0 
0 
0 
0 
0 
0 
0 
0 
0 
0 
0 
0 
0 
0 
0 
0 
0 
0 
0 
0 
0 
0 
0 
0 
0 
0 
0 
0 
0 
0 
0 
0 
0 
0 
0 
0 
0 
0 
0 
0 
0 
0 
0 
0 
0 
0 
0 
0 
0 
0 
0 
0 
0 
0 
0 
0 
0 
0 
0 
0 
0 
0 
0 
0 
0 
0 
0 
0 
0 
0 
0 
0 
0 
0 
0 
0 
0 
0 
0 
0 
0 
0 
0 
0 
0 
0 
0 
0 
0 
0 
0 
0 
0 
0 
0 
0 
0 
0 
0 
0 
0 
0 
0 
0 
0 
0 
0 
0 
0 
0 
0 
0 
0 
0 
0 
0 
0 
0 
0 
0 
0 
0 
0 
0 
0 
0 
0 
0 
0 
0 
0 
0 
0 
0 
0 
0 
0 
0 
0 
0 
0 
0 
0 
0 
0 
0 
0 
0 
0 
0 
0 
0 
0 
0 
0 
0 
0 
0 
0 
0 
0 
0 
0 
0 
0 
0 
0 
0 
0 
0 
0 
0 
0 
0 
0 
0 
0 
0 
0 
0 
0 
0 
0 
0 
0 
0 
0 
0 
0 
0 
0 
0 
0 
0 
0 
0 
0 
0 
0 
0 
0 
0 
0 
0 
0 
0 
0 
0 
0 
0 
0 
0 
0 
0 
0 
0 
0 
0 
0 
0 
0 
0 
0 
0 
0 
0 
0 
0 
0 
0 
0 
0 
0 
0 
0 
0 
0 
0 
0 
0 
0 
0 
0 
0 
0 
0 
0 
0 
0 
0 
0 
0 
0 
0 
0 
0 
0 
0 
0 
0 
0 
0 
0 
0 
0 
0 
0 
0 
0 
0 
0 
0 
0 
0 
0 
0 
0 
0 
0 
0 
0 
0 
0 
0 
0 
0 
0 
0 
0 
0 
0 
0 
0 
0 
0 
0 
0 
0 
0 
0 
0 
0 
0 
0 
0 
0 
0 
0 
0 
0 
0 
0 
0 
0 
0 
0 
0 
0 
0 
0 
0 
0 
0 
0 
0 
0 
0 
0 
0 
0 
0 
0 
0 
0 
0 
0 
0 
0 
0 
0 
0 
0 
0 
0 
0 
0 
0 
0 
0 
0 
0 
0 
0 
0 
0 
0 
0 
0 
0 
0 
0 
0 
0 
0 
0 
0 
0 
0 
0 
0 
0 
0 
0 
0 
0 
0 
0 
0 
0 
0 
0 
0 
0 
0 
0 
0 
0 
0 
0 
0 
0 
0 
0 
0 
0 
0 
0 
0 
0 
0 
0 
0 
0 
0 
0 
0 
0 
0 
0 
0 
0 
0 
0 
0 
0 
0 
0 
0 
0 
0 
0 
0 
0 
0 
0 
0 
0 
0 
0 
0 
0 
0 
0 
0 
0 
0 
0 
0 
0 
0 
0 
0 
0 
0 
0 
0 
0 
0 
0 
0 
0 
0 
0 
0 
0 
0 
0 
0 
0 
0 
0 
0 
0 
0 
0 
0 
0 
0 
0 
0 
0 
0 
0 
0 
0 
0 
0 
0 
0 
0 
0 
0 
0 
0 
0 
0 
0 
0 
0 
0 
0 
0 
0 
0 
0 
0 
0 
0 
0 
0 
0 
0 
0 
0 
0 
0 
0 
0 
0 
0 
0 
0 
0 
0 
0 
0 
0 
0 
0 
0 
0 
0 
0 
0 
0 
0 
0 
0 
0 
0 
0 
0 
0 
0 
0 
0 
0 
0 
0 
0 
0 
0 
0 
0 
0 
0 
0 
0 
0 
0 
0 
0 
0 
0 
0 
0 
0 
0 
0 
0 
0 
0 
0 
0 
0 
0 
0 
0 
0 
0 
0 
0 
0 
0 
0 
0 
0 
0 
0 
0 
0 
0 
0 
0 
0 
0 
0 
0 
0 
0 
0 
0 
0 
0 
0 
0 
0 
0 
0 
0 
0 
0 
0 
0 
0 
0 
0 
0 
0 
0 
0 
0 
0 
0 
0 
0 
0 
0 
0 
0 
0 
0 
0 
0 
0 
0 
0 
0 
0 
0 
0 
0 
0 
0 
0 
0 
0 
0 
0 
0 
0 
0 
0 
0 
0 
0 
0 
0 
0 
0 
0 
0 
0 
0 
0 
0 
0 
0 
0 
0 
0 
0 
0 
0 
0 
0 
0 
0 
0 
0 
0 
0 
0 
0 
0 
0 
0 
0 
0 
0 
0 
0 
0 
0 
0 
0 
0 
0 
0 
0 
0 
0 
0 
0 
0 
0 
0 
0 
0 
0 
0 
0 
0 
0 
0 
0 
0 
0 
0 
0 
0 
0 
0 
0 
0 
0 
0 
0 
0 
0 
0 
0 
0 
0 
0 
0 
0 
0 
0 
0 
0 
0 
0 
0 
0 
0 
0 
0 
0 
0 
0 
0 
0 
0 
0 
0 
0 
0 
0 
0 
0 
0 
0 
0 
0 
0 
0 
0 
0 
0 
0 
0 
0 
0 
0 
0 
0 
0 
0 
0 
0 
0 
0 
0 
0 
0 
0 
0 
0 
0 
0 
0 
0 
0 
0 
0 
0 
0 
0 
0 
0 
0 
0 
0 
0 
0 
0 
0 
0 
0 
0 
0 
0 
0 
0 
0 
0 
0 
0 
0 
0 
0 
0 
0 
0 
0 
0 
0 
0 
0 
0 
0 
0 
0 
0 
0 
0 
0 
0 
0 
0 
0 
0 
0 
0 
0 
0 
0 
0 
0 
0 
0 
0 
0 
0 
0 
0 
0 
0 
0 
0 
0 
0 
0 
0 
0 
0 
0 
0 
0 
0 
0 
0 
0 
0 
0 
0 
0 
0 
0 
0 
0 
0 
0 
0 
0 
0 
0 
0 
0 
0 
0 
0 
0 
0 
0 
0 
0 
0 
0 
0 
0 
0 
0 
0 
0 
0 
0 
0 
0 
0 
0 
0 
0 
0 
0 
0 
0 
0 
0 
0 
0 
0 
0 
0 
0 
0 
0 
0 
0 
0 
0 
0 
0 
0 
0 
0 
0 
0 
0 
0 
0 
0 
0 
0 
0 
0 
0 
0 
0 
0 
0 
0 
0 
0 
0 
0 
0 
0 
0 
0 
0 
0 
0 
0 
0 
0 
0 
0 
0 
0 
0 
0 
0 
0 
0 
0 
0 
0 
0 
0 
0 
0 
0 
0 
0 
0 
0 
0 
0 
0 
0 
0 
0 
0 
0 
0 
0 
0 
0 
0 
0 
0 
0 
0 
0 
0 
0 
0 
0 
0 
0 
0 
0 
0 
0 
0 
0 
0 
0 
0 
0 
0 
0 
0 
0 
0 
0 
0 
0 
0 
0 
0 
0 
0 
0 
0 
0 
0 
0 
0 
0 
0 
0 
0 
0 
0 
0 
0 
0 
0 
0 
0 
0 
0 
0 
0 
0 
0 
0 
0 
0 
0 
0 
0 
0 
0 
0 
0 
0 
0 
0 
0 
0 
0 
0 
0 
0 
0 
0 
0 
0 
0 
0 
0 
0 
0 
0 
0 
0 
0 
0 
0 
0 
0 
0 
0 
0 
0 
0 
0 
0 
0 
0 
0 
0 
0 
0 
0 
0 
0 
0 
0 
0 
0 
0 
0 
0 
0 
0 
0 
0 
0 
0 
0 
0 
0 
0 
0 
0 
0 
0 
0 
0 
0 
0 
0 
0 
0 
0 
0 
0 
0 
0 
0 
0 
0 
0 
0 
0 
0 
0 
0 
0 
0 
0 
0 
0 
0 
0 
0 
0 
0 
0 
0 
0 
0 
0 
0 
0 
0 
0 
0 
0 
0 
0 
0 
0 
0 
0 
0 
0 
0 
0 
0 
0 
0 
0 
0 
0 
0 
0 
0 
0 
0 
0 
0 
0 
0 
0 
0 
0 
0 
0 
0 
0 
0 
0 
0 
0 
0 
0 
0 
0 
0 
0 
0 
0 
0 
0 
0 
0 
0 
0 
0 
0 
0 
0 
0 
0 
0 
0 
0 
0 
0 
0 
0 
0 
0 
0 
0 
0 
0 
0 
0 
0 
0 
0 
0 
0 
0 
0 
0 
0 
0 
0 
0 
0 
0 
0 
0 
0 
0 
0 
0 
0 
0 
0 
0 
0 
0 
0 
0 
0 
0 
0 
0 
0 
0 
0 
0 
0 
0 
0 
0 
0 
0 
0 
0 
0 
0 
0 
0 
0 
0 
0 
0 
0 
0 
0 
0 
0 
0 
0 
0 
0 
0 
0 
0 
0 
0 
0 
0 
0 
0 
0 
0 
0 
0 
0 
0 
0 
0 
0 
0 
0 
0 
0 
0 
0 
0 
0 
0 
0 
0 
0 
0 
0 
0 
0 
0 
0 
0 
0 
0 
0 
0 
0 
0 
0 
0 
0 
0 
0 
0 
0 
0 
0 
0 
0 
0 
0 
0 
0 
0 
0 
0 
0 
0 
0 
0 
0 
0 
0 
0 
0 
0 
0 
0 
0 
0 
0 
0 
0 
0 
0 
0 
0 
0 
0 
0 
0 
0 
0 
0 
0 
0 
0 
0 
0 
0 
0 
0 
0 
0 
0 
0 
0 
0 
0 
0 
0 
0 
0 
0 
0 
0 
0 
0 
0 
0 
0 
0 
0 
0 
0 
0 
0 
0 
0 
0 
0 
0 
0 
0 
0 
0 
0 
0 
0 
0 
0 
0 
0 
0 
0 
0 
0 
0 
0 
0 
0 
0 
0 
0 
0 
0 
0 
0 
0 
0 
0 
0 
0 
0 
0 
0 
0 
0 
0 
0 
0 
0 
0 
0 
0 
0 
0 
0 
0 
0 
0 
0 
0 
0 
0 
0 
0 
0 
0 
0 
0 
0 
0 
0 
0 
0 
0 
0 
0 
0 
0 
0 
0 
0 
0 
0 
0 
0 
0 
0 
0 
0 
0 
0 
0 
0 
0 
0 
0 
0 
0 
0 
0 
0 
0 
0 
0 
0 
0 
0 
0 
0 
0 
0 
0 
0 
0 
0 
0 
0 
0 
0 
0 
0 
0 
0 
0 
0 
0 
0 
0 
0 
0 
0 
0 
0 
0 
0 
0 
0 
0 
0 
0 
0 
0 
0 
0 
0 
0 
0 
0 
0 
0 
0 
0 
0 
0 
0 
0 
0 
0 
0 
0 
0 
0 
0 
0 
0 
0 
0 
0 
0 
0 
0 
0 
0 
0 
0 
0 
0 
0 
0 
0 
0 
0 
0 
0 
0 
0 
0 
0 
0 
0 
0 
0 
0 
0 
0 
0 
0 
0 
0 
0 
0 
0 
0 
0 
0 
0 
0 
0 
0 
0 
0 
0 
0 
0 
0 
0 
0 
0 
0 
0 
0 
0 
0 
0 
0 
0 
0 
0 
0 
0 
0 
0 
0 
0 
0 
0 
0 
0 
0 
0 
0 
0 
0 
0 
0 
0 
0 
0 
0 
0 
0 
0 
0 
0 
0 
0 
0 
0 
0 
0 
0 
0 
0 
0 
0 
0 
0 
0 
0 
0 
0 
0 
0 
0 
0 
0 
0 
0 
0 
0 
0 
0 
0 
0 
0 
0 
0 
0 
0 
0 
0 
0 
0 
0 
0 
0 
0 
0 
0 
0 
0 
0 
0 
0 
0 
0 
0 
0 
0 
0 
0 
0 
0 
0 
0 
0 
0 
0 
0 
0 
0 
0 
0 
0 
0 
0 
0 
0 
0 
0 
0 
0 
0 
0 
0 
0 
0 
0 
0 
0 
0 
0 
0 
0 
0 
0 
0 
0 
0 
0 
0 
0 
0 
0 
0 
0 
0 
0 
0 
0 
0 
0 
0 
0 
0 
0 
0 
0 
0 
0 
0 
0 
0 
0 
0 
0 
0 
0 
0 
0 
0 
0 
0 
0 
0 
0 
0 
0 
0 
0 
0 
0 
0 
0 
0 
0 
0 
0 
0 
0 
0 
0 
0 
0 
0 
0 
0 
0 
0 
0 
0 
0 
0 
0 
0 
0 
0 
0 
0 
0 
0 
0 
0 
0 
0 
0 
0 
0 
0 
0 
0 
0 
0 
0 
0 
0 
0 
0 
0 
0 
0 
0 
0 
0 
0 
0 
0 
0 
0 
0 
0 
0 
0 
0 
0 
0 
0 
0 
0 
0 
0 
0 
0 
0 
0 
0 
0 
0 
0 
0 
0 
0 
0 
0 
0 
0 
0 
0 
0 
0 
0 
0 
0 
0 
0 
0 
0 
0 
0 
0 
0 
0 
0 
0 
0 
0 
0 
0 
0 
0 
0 
0 
0 
0 
0 
0 
0 
0 
0 
0 
0 
0 
0 
0 
0 
0 
0 
0 
0 
0 
0 
0 
0 
0 
0 
0 
0 
0 
0 
0 
0 
0 
0 
0 
0 
0 
0 
0 
0 
0 
0 
0 
0 
0 
0 
0 
0 
0 
0 
0 
0 
0 
0 
0 
0 
0 
0 
0 
0 
0 
0 
0 
0 
0 
0 
0 
0 
0 
0 
0 
0 
0 
0 
0 
0 
0 
0 
0 
0 
0 
0 
0 
0 
0 
0 
0 
0 
0 
0 
0 
0 
0 
0 
0 
0 
0 
0 
0 
0 
0 
0 
0 
0 
0 
0 
0 
0 
0 
0 
0 
0 
0 
0 
0 
0 
0 
0 
0 
0 
0 
0 
0 
0 
0 
0 
0 
0 
0 
0 
0 
0 
0 
0 
0 
0 
0 
0 
0 
0 
0 
0 
0 
0 
0 
0 
0 
0 
0 
0 
0 
0 
0 
0 
0 
0 
0 
0 
0 
0 
0 
0 
0 
0 
0 
0 
0 
0 
0 
0 
0 
0 
0 
0 
0 
0 
0 
0 
0 
0 
0 
0 
0 
0 
0 
0 
0 
0 
0 
0 
0 
0 
0 
0 
0 
0 
0 
0 
0 
0 
0 
0 
0 
0 
0 
0 
0 
0 
0 
0 
0 
0 
0 
0 
0 
0 
0 
0 
0 
0 
0 
0 
0 
0 
0 
0 
0 
0 
0 
0 
0 
0 
0 
0 
0 
0 
0 
0 
0 
0 
0 
0 
0 
0 
0 
0 
0 
0 
0 
0 
0 
0 
0 
0 
0 
0 
0 
0 
0 
0 
0 
0 
0 
0 
0 
0 
0 
0 
0 
0 
0 
0 
0 
0 
0 
0 
0 
0 
0 
0 
0 
0 
0 
0 
0 
0 
0 
0 
0 
0 
0 
0 
0 
0 
0 
0 
0 
0 
0 
0 
0 
0 
0 
0 
0 
0 
0 
0 
0 
0 
0 
0 
0 
0 
0 
0 
0 
0 
0 
0 
0 
0 
0 
0 
0 
0 
0 
0 
0 
0 
0 
0 
0 
0 
0 
0 
0 
0 
0 
0 
0 
0 
0 
0 
0 
0 
0 
0 
0 
0 
0 
0 
0 
0 
0 
0 
0 
0 
0 
0 
0 
0 
0 
0 
0 
0 
0 
0 
0 
0 
0 
0 
0 
0 
0 
0 
0 
0 
0 
0 
0 
0 
0 
0 
0 
0 
0 
0 
0 
0 
0 
0 
0 
0 
0 
0 
0 
0 
0 
0 
0 
0 
0 
0 
0 
0 
0 
0 
0 
0 
0 
0 
0 
0 
0 
0 
0 
0 
0 
0 
0 
0 
0 
0 
0 
0 
0 
0 
0 
0 
0 
0 
0 
0 
0 
0 
0 
0 
0 
0 
0 
0 
0 
0 
0 
0 
0 
0 
0 
0 
0 
0 
0 
0 
0 
0 
0 
0 
0 
0 
0 
0 
0 
0 
0 
0 
0 
0 
0 
0 
0 
0 
0 
0 
0 
0 
0 
0 
0 
0 
0 
0 
0 
0 
0 
0 
0 
0 
0 
0 
0 
0 
0 
0 
0 
0 
0 
0 
0 
0 
0 
0 
0 
0 
0 
0 
0 
0 
0 
0 
0 
0 
0 
0 
0 
0 
0 
0 
0 
0 
0 
0 
0 
0 
0 
0 
0 
0 
0 
0 
0 
0 
0 
0 
0 
0 
0 
0 
0 
0 
0 
0 
0 
0 
0 
0 
0 
0 
0 
0 
0 
0 
0 
0 
0 
0 
0 
0 
0 
0 
0 
0 
0 
0 
0 
0 
0 
0 
0 
0 
0 
0 
0 
0 
0 
0 
0 
0 
0 
0 
0 
0 
0 
0 
0 
0 
0 
0 
0 
0 
0 
0 
0 
0 
0 
0 
0 
0 
0 
0 
0 
0 
0 
0 
0 
0 
0 
0 
0 
0 
0 
0 
0 
0 
0 
0 
0 
0 
0 
0 
0 
0 
0 
0 
0 
0 
0 
0 
0 
0 
0 
0 
0 
0 
0 
0 
0 
0 
0 
0 
0 
0 
0 
0 
0 
0 
0 
0 
0 
0 
0 
0 
0 
0 
0 
0 
0 
0 
0 
0 
0 
0 
0 
0 
0 
0 
0 
0 
0 
0 
0 
0 
0 
0 
0 
0 
0 
0 
0 
0 
0 
0 
0 
0 
0 
0 
0 
0 
0 
0 
0 
0 
0 
0 
0 
0 
0 
0 
0 
0 
0 
0 
0 
0 
0 
0 
0 
0 
0 
0 
0 
0 
0 
0 
0 
0 
0 
0 
0 
0 
0 
0 
0 
0 
0 
0 
0 
0 
0 
0 
0 
0 
0 
0 
0 
0 
0 
0 
0 
0 
0 
0 
0 
0 
0 
0 
0 
0 
0 
0 
0 
0 
0 
0 
0 
0 
0 
0 
0 
0 
0 
0 
0 
0 
0 
0 
0 
0 
0 
0 
0 
0 
0 
0 
0 
0 
0 
0 
0 
0 
0 
0 
0 
0 
0 
0 
0 
0 
0 
0 
0 
0 
0 
0 
0 
0 
0 
0 
0 
0 
0 
0 
0 
0 
0 
0 
0 
0 
0 
0 
0 
0 
0 
0 
0 
0 
0 
0 
0 
0 
0 
0 
0 
0 
0 
0 
0 
0 
0 
0 
0 
0 
0 
0 
0 
0 
0 
0 
0 
0 
0 
0 
0 
0 
0 
0 
0 
0 
0 
0 
0 
0 
0 
0 
0 
0 
0 
0 
0 
0 
0 
0 
0 
0 
0 
0 
0 
0 
0 
0 
0 
0 
0 
0 
0 
0 
0 
0 
0 
0 
0 
0 
0 
0 
0 
0 
0 
0 
0 
0 
0 
0 
0 
0 
0 
0 
0 
0 
0 
0 
0 
0 
0 
0 
0 
0 
0 
0 
0 
0 
0 
0 
0 
0 
0 
0 
0 
0 
0 
0 
0 
0 
0 
0 
0 
0 
0 
0 
0 
0 
0 
0 
0 
0 
0 
0 
0 
0 
0 
0 
0 
0 
0 
0 
0 
0 
0 
0 
0 
0 
0 
0 
0 
0 
0 
0 
0 
0 
0 
0 
0 
0 
0 
0 
0 
0 
0 
0 
0 
0 
0 
0 
0 
0 
0 
0 
0 
0 
0 
0 
0 
0 
0 
0 
0 
0 
0 
0 
0 
0 
0 
0 
0 
0 
0 
0 
0 
0 
0 
0 
0 
0 
0 
0 
0 
0 
0 
0 
0 
0 
0 
0 
0 
0 
0 
0 
0 
0 
0 
0 
0 
0 
0 
0 
0 
0 
0 
0 
0 
0 
0 
0 
0 
0 
0 
0 
0 
0 
0 
0 
0 
0 
0 
0 
0 
0 
0 
0 
0 
0 
0 
0 
0 
0 
0 
0 
0 
0 
0 
0 
0 
0 
0 
0 
0 
0 
0 
0 
0 
0 
0 
0 
0 
0 
0 
0 
0 
0 
0 
0 
0 
0 
0 
0 
0 
0 
0 
0 
0 
0 
0 
0 
0 
0 
0 
0 
0 
0 
0 
0 
0 
0 
0 
0 
0 
0 
0 
0 
0 
0 
0 
0 
0 
0 
0 
0 
0 
0 
0 
0 
0 
0 
0 
0 
0 
0 
0 
0 
0 
0 
0 
0 
0 
0 
0 
0 
0 
0 
0 
0 
0 
0 
0 
0 
0 
0 
0 
0 
0 
0 
0 
0 
0 
0 
0 
0 
0 
0 
0 
0 
0 
0 
0 
0 
0 
0 
0 
0 
0 
0 
0 
0 
0 
0 
0 
0 
0 
0 
0 
0 
0 
0 
0 
0 
0 
0 
0 
0 
0 
0 
0 
0 
0 
0 
0 
0 
0 
0 
0 
0 
0 
0 
0 
0 
0 
0 
0 
0 
0 
0 
0 
0 
0 
0 
0 
0 
0 
0 
0 
0 
0 
0 
0 
0 
0 
0 
0 
0 
0 
0 
0 
0 
0 
0 
0 
0 
0 
0 
0 
0 
0 
0 
0 
0 
0 
0 
0 
0 
0 
0 
0 
0 
0 
0 
0 
0 
0 
0 
0 
0 
0 
0 
0 
0 
0 
0 
0 
0 
0 
0 
0 
0 
0 
0 
0 
0 
0 
0 
0 
0 
0 
0 
0 
0 
0 
0 
0 
0 
0 
0 
0 
0 
0 
0 
0 
0 
0 
0 
0 
0 
0 
0 
0 
0 
0 
0 
0 
0 
0 
0 
0 
0 
0 
0 
0 
0 
0 
0 
0 
0 
0 
0 
0 
0 
0 
0 
0 
0 
0 
0 
0 
0 
0 
0 
0 
0 
0 
0 
0 
0 
0 
0 
0 
0 
0 
0 
0 
0 
0 
0 
0 
0 
0 
0 
0 
0 
0 
0 
0 
0 
0 
0 
0 
0 
0 
0 
0 
0 
0 
0 
0 
0 
0 
0 
0 
0 
0 
0 
0 
0 
0 
0 
0 
0 
0 
0 
0 
0 
0 
0 
0 
0 
0 
0 
0 
0 
0 
0 
0 
0 
0 
0 
0 
0 
0 
0 
0 
0 
0 
0 
0 
0 
0 
0 
0 
0 
0 
0 
0 
0 
0 
0 
0 
0 
0 
0 
0 
0 
0 
0 
0 
0 
0 
0 
0 
0 
0 
0 
0 
0 
0 
0 
0 
0 
0 
0 
0 
0 
0 
0 
0 
0 
0 
0 
0 
0 
0 
0 
0 
0 
0 
0 
0 
0 
0 
0 
0 
0 
0 
0 
0 
0 
0 
0 
0 
0 
0 
0 
0 
0 
0 
0 
0 
0 
0 
0 
0 
0 
0 
0 
0 
0 
0 
0 
0 
0 
0 
0 
0 
0 
0 
0 
0 
0 
0 
0 
0 
0 
0 
0 
0 
0 
0 
0 
0 
0 
0 
0 
0 
0 
0 
0 
0 
0 
0 
0 
0 
0 
0 
0 
0 
0 
0 
0 
0 
0 
0 
0 
0 
0 
0 
0 
0 
0 
0 
0 
0 
0 
0 
0 
0 
0 
0 
0 
0 
0 
0 
0 
0 
0 
0 
0 
0 
0 
0 
0 
0 
0 
0 
0 
0 
0 
0 
0 
0 
0 
0 
0 
0 
0 
0 
0 
0 
0 
0 
0 
0 
0 
0 
0 
0 
0 
0 
0 
0 
0 
0 
0 
0 
0 
0 
0 
0 
0 
0 
0 
0 
0 
0 
0 
0 
0 
0 
0 
0 
0 
0 
0 
0 
0 
0 
0 
0 
0 
0 
0 
0 
0 
0 
0 
0 
0 
0 
0 
0 
0 
0 
0 
0 
0 
0 
0 
0 
0 
0 
0 
0 
0 
0 
0 
0 
0 
0 
0 
0 
0 
0 
0 
0 
0 
0 
0 
0 
0 
0 
0 
0 
0 
0 
0 
0 
0 
0 
0 
0 
0 
0 
0 
0 
0 
0 
0 
0 
0 
0 
0 
0 
0 
0 
0 
0 
0 
0 
0 
0 
0 
0 
0 
0 
0 
0 
0 
0 
0 
0 
0 
0 
0 
0 
0 
0 
0 
0 
0 
0 
0 
0 
0 
0 
0 
0 
0 
0 
0 
0 
0 
0 
0 
0 
0 
0 
0 
0 
0 
0 
0 
0 
0 
0 
0 
0 
0 
0 
0 
0 
0 
0 
0 
0 
0 
0 
0 
0 
0 
0 
0 
0 
0 
0 
0 
0 
0 
0 
0 
0 
0 
0 
0 
0 
0 
0 
0 
0 
0 
0 
0 
0 
0 
0 
0 
0 
0 
0 
0 
0 
0 
0 
0 
0 
0 
0 
0 
0 
0 
0 
0 
0 
0 
0 
0 
0 
0 
0 
0 
0 
0 
0 
0 
0 
0 
0 
0 
0 
0 
0 
0 
0 
0 
0 
0 
0 
0 
0 
0 
0 
0 
0 
0 
0 
0 
0 
0 
0 
0 
0 
0 
0 
0 
0 
0 
0 
0 
0 
0 
0 
0 
0 
0 
0 
0 
0 
0 
0 
0 
0 
0 
0 
0 
0 
0 
0 
0 
0 
0 
0 
0 
0 
0 
0 
0 
0 
0 
0 
0 
0 
0 
0 
0 
0 
0 
0 
0 
0 
0 
0 
0 
0 
0 
0 
0 
0 
0 
0 
0 
0 
0 
0 
0 
0 
0 
0 
0 
0 
0 
0 
0 
0 
0 
0 
0 
0 
0 
0 
0 
0 
0 
0 
0 
0 
0 
0 
0 
0 
0 
0 
0 
0 
0 
0 
0 
0 
0 
0 
0 
0 
0 
0 
0 
0 
0 
0 
0 
0 
0 
0 
0 
0 
0 
0 
0 
0 
0 
0 
0 
0 
0 
0 
0 
0 
0 
0 
0 
0 
0 
0 
0 
0 
0 
0 
0 
0 
0 
0 
0 
0 
0 
0 
0 
0 
0 
0 
0 
0 
0 
0 
0 
0 
0 
0 
0 
0 
0 
0 
0 
0 
0 
0 
0 
0 
0 
0 
0 
0 
0 
0 
0 
0 
0 
0 
0 
0 
0 
0 
0 
0 
0 
0 
0 
0 
0 
0 
0 
0 
0 
0 
0 
0 
0 
0 
0 
0 
0 
0 
0 
0 
0 
0 
0 
0 
0 
0 
0 
0 
0 
0 
0 
0 
0 
0 
0 
0 
0 
0 
0 
0 
0 
0 
0 
0 
0 
0 
0 
0 
0 
0 
0 
0 
0 
0 
0 
0 
0 
0 
0 
0 
0 
0 
0 
0 
0 
0 
0 
0 
0 
0 
0 
0 
0 
0 
0 
0 
0 
0 
0 
0 
0 
0 
0 
0 
0 
0 
0 
0 
0 
0 
0 
0 
0 
0 
0 
0 
0 
0 
0 
0 
0 
0 
0 
0 
0 
0 
0 
0 
0 
0 
0 
0 
0 
0 
0 
0 
0 
0 
0 
0 
0 
0 
0 
0 
0 
0 
0 
0 
0 
0 
0 
0 
0 
0 
0 
0 
0 
0 
0 
0 
0 
0 
0 
0 
0 
0 
0 
0 
0 
0 
0 
0 
0 
0 
0 
0 
0 
0 
0 
0 
0 
0 
0 
0 
0 
0 
0 
0 
0 
0 
0 
0 
0 
0 
0 
0 
0 
0 
0 
0 
0 
0 
0 
0 
0 
0 
0 
0 
0 
0 
0 
0 
0 
0 
0 
0 
0 
0 
0 
0 
0 
0 
0 
0 
0 
0 
0 
0 
0 
0 
0 
0 
0 
0 
0 
0 
0 
0 
0 
0 
0 
0 
0 
0 
0 
0 
0 
0 
0 
0 
0 
0 
0 
0 
0 
0 
0 
0 
0 
0 
0 
0 
0 
0 
0 
0 
0 
0 
0 
0 
0 
0 
0 
0 
0 
0 
0 
0 
0 
0 
0 
0 
0 
0 
0 
0 
0 
0 
0 
0 
0 
0 
0 
0 
0 
0 
0 
0 
0 
0 
0 
0 
0 
0 
0 
0 
0 
0 
0 
0 
0 
0 
0 
0 
0 
0 
0 
0 
0 
0 
0 
0 
0 
0 
0 
0 
0 
0 
0 
0 
0 
0 
0 
0 
0 
0 
0 
0 
0 
0 
0 
0 
0 
0 
0 
0 
0 
0 
0 
0 
0 
0 
0 
0 
0 
0 
0 
0 
0 
0 
0 
0 
0 
0 
0 
0 
0 
0 
0 
0 
0 
0 
0 
0 
0 
0 
0 
0 
0 
0 
0 
0 
0 
0 
0 
0 
0 
0 
0 
0 
0 
0 
0 
0 
0 
0 
0 
0 
0 
0 
0 
0 
0 
0 
0 
0 
0 
0 
0 
0 
0 
0 
0 
0 
0 
0 
0 
0 
0 
0 
0 
0 
0 
0 
0 
0 
0 
0 
0 
0 
0 
0 
0 
0 
0 
0 
0 
0 
0 
0 
0 
0 
0 
0 
0 
0 
0 
0 
0 
0 
0 
0 
0 
0 
0 
0 
0 
0 
0 
0 
0 
0 
0 
0 
0 
0 
0 
0 
0 
0 
0 
0 
0 
0 
0 
0 
0 
0 
0 
0 
0 
0 
0 
0 
0 
0 
0 
0 
0 
0 
0 
0 
0 
0 
0 
0 
0 
0 
0 
0 
0 
0 
0 
0 
0 
0 
0 
0 
0 
0 
0 
0 
0 
0 
0 
0 
0 
0 
0 
0 
0 
0 
0 
0 
0 
0 
0 
0 
0 
0 
0 
0 
0 
0 
0 
0 
0 
0 
0 
0 
0 
0 
0 
0 
0 
0 
0 
0 
0 
0 
0 
0 
0 
0 
0 
0 
0 
0 
0 
0 
0 
0 
0 
0 
0 
0 
0 
0 
0 
0 
0 
0 
0 
0 
0 
0 
0 
0 
0 
0 
0 
0 
0 
0 
0 
0 
0 
0 
0 
0 
0 
0 
0 
0 
0 
0 
0 
0 
0 
0 
0 
0 
0 
0 
0 
0 
0 
0 
0 
0 
0 
0 
0 
0 
0 
0 
0 
0 
0 
0 
0 
0 
0 
0 
0 
0 
0 
0 
0 
0 
0 
0 
0 
0 
0 
0 
0 
0 
0 
0 
0 
0 
0 
0 
0 
0 
0 
0 
0 
0 
0 
0 
0 
0 
0 
0 
0 
0 
0 
0 
0 
0 
0 
0 
0 
0 
0 
0 
0 
0 
0 
0 
0 
0 
0 
0 
0 
0 
0 
0 
0 
0 
0 
0 
0 
0 
0 
0 
0 
0 
0 
0 
0 
0 
0 
0 
0 
0 
0 
0 
0 
0 
0 
0 
0 
0 
0 
0 
0 
0 
0 
0 
0 
0 
0 
0 
0 
0 
0 
0 
0 
0 
0 
0 
0 
0 
0 
0 
0 
0 
0 
0 
0 
0 
0 
0 
0 
0 
0 
0 
0 
0 
0 
0 
0 
0 
0 
0 
0 
0 
0 
0 
0 
0 
0 
0 
0 
0 
0 
0 
0 
0 
0 
0 
0 
0 
0 
0 
0 
0 
0 
0 
0 
0 
0 
0 
0 
0 
0 
0 
0 
0 
0 
0 
0 
0 
0 
0 
0 
0 
0 
0 
0 
0 
0 
0 
0 
0 
0 
0 
0 
0 
0 
0 
0 
0 
0 
0 
0 
0 
0 
0 
0 
0 
0 
0 
0 
0 
0 
0 
0 
0 
0 
0 
0 
0 
0 
0 
0 
0 
0 
0 
0 
0 
0 
0 
0 
0 
0 
0 
0 
0 
0 
0 
0 
0 
0 
0 
0 
0 
0 
0 
0 
0 
0 
0 
0 
0 
0 
0 
0 
0 
0 
0 
0 
0 
0 
0 
0 
0 
0 
0 
0 
0 
0 
0 
0 
0 
0 
0 
0 
0 
0 
0 
0 
0 
0 
0 
0 
0 
0 
0 
0 
0 
0 
0 
0 
0 
0 
0 
0 
0 
0 
0 
0 
0 
0 
0 
0 
0 
0 
0 
0 
0 
0 
0 
0 
0 
0 
0 
0 
0 
0 
0 
0 
0 
0 
0 
0 
0 
0 
0 
0 
0 
0 
0 
0 
0 
0 
0 
0 
0 
0 
0 
0 
0 
0 
0 
0 
0 
0 
0 
0 
0 
0 
0 
0 
0 
0 
0 
0 
0 
0 
0 
0 
0 
0 
0 
0 
0 
0 
0 
0 
0 
0 
0 
0 
0 
0 
0 
0 
0 
0 
0 
0 
0 
0 
0 
0 
0 
0 
0 
0 
0 
0 
0 
0 
0 
0 
0 
0 
0 
0 
0 
0 
0 
0 
0 
0 
0 
0 
0 
0 
0 
0 
0 
0 
0 
0 
0 
0 
0 
0 
0 
0 
0 
0 
0 
0 
0 
0 
0 
0 
0 
0 
0 
0 
0 
0 
0 
0 
0 
0 
0 
0 
0 
0 
0 
0 
0 
0 
0 
0 
0 
0 
0 
0 
0 
0 
0 
0 
0 
0 
0 
0 
0 
0 
0 
0 
0 
0 
0 
0 
0 
0 
0 
0 
0 
0 
0 
0 
0 
0 
0 
0 
0 
0 
0 
0 
0 
0 
0 
0 
0 
0 
0 
0 
0 
0 
0 
0 
0 
0 
0 
0 
0 
0 
0 
0 
0 
0 
0 
0 
0 
0 
0 
0 
0 
0 
0 
0 
0 
0 
0 
0 
0 
0 
0 
0 
0 
0 
0 
0 
0 
0 
0 
0 
0 
0 
0 
0 
0 
0 
0 
0 
0 
0 
0 
0 
0 
0 
0 
0 
0 
0 
0 
0 
0 
0 
0 
0 
0 
0 
0 
0 
0 
0 
0 
0 
0 
0 
0 
0 
0 
0 
0 
0 
0 
0 
0 
0 
0 
0 
0 
0 
0 
0 
0 
0 
0 
0 
0 
0 
0 
0 
0 
0 
0 
0 
0 
0 
0 
0 
0 
0 
0 
0 
0 
0 
0 
0 
0 
0 
0 
0 
0 
0 
0 
0 
0 
0 
0 
0 
0 
0 
0 
0 
0 
0 
0 
0 
0 
0 
0 
0 
0 
0 
0 
0 
0 
0 
0 
0 
0 
0 
0 
0 
0 
0 
0 
0 
0 
0 
0 
0 
0 
0 
0 
0 
0 
0 
0 
0 
0 
0 
0 
0 
0 
0 
0 
0 
0 
0 
0 
0 
0 
0 
0 
0 
0 
0 
0 
0 
0 
0 
0 
0 
0 
0 
0 
0 
0 
0 
0 
0 
0 
0 
0 
0 
0 
0 
0 
0 
0 
0 
0 
0 
0 
0 
0 
0 
0 
0 
0 
0 
0 
0 
0 
0 
0 
0 
0 
0 
0 
0 
0 
0 
0 
0 
0 
0 
0 
0 
0 
0 
0 
0 
0 
0 
0 
0 
0 
0 
0 
0 
0 
0 
0 
0 
0 
0 
0 
0 
0 
0 
0 
0 
0 
0 
0 
0 
0 
0 
0 
0 
0 
0 
0 
0 
0 
0 
0 
0 
0 
0 
0 
0 
0 
0 
0 
0 
0 
0 
0 
0 
0 
0 
0 
0 
0 
0 
0 
0 
0 
0 
0 
0 
0 
0 
0 
0 
0 
0 
0 
0 
0 
0 
0 
0 
0 
0 
0 
0 
0 
0 
0 
0 
0 
0 
0 
0 
0 
0 
0 
0 
0 
0 
0 
0 
0 
0 
0 
0 
0 
0 
0 
0 
0 
0 
0 
0 
0 
0 
0 
0 
0 
0 
0 
0 
0 
0 
0 
0 
0 
0 
0 
0 
0 
0 
0 
0 
0 
0 
0 
0 
0 
0 
0 
0 
0 
0 
0 
0 
0 
0 
0 
0 
0 
0 
0 
0 
0 
0 
0 
0 
0 
0 
0 
0 
0 
0 
0 
0 
0 
0 
0 
0 
0 
0 
0 
0 
0 
0 
0 
0 
0 
0 
0 
0 
0 
0 
0 
0 
0 
0 
0 
0 
0 
0 
0 
0 
0 
0 
0 
0 
0 
0 
0 
0 
0 
0 
0 
0 
0 
0 
0 
0 
0 
0 
0 
0 
0 
0 
0 
0 
0 
0 
0 
0 
0 
0 
0 
0 
0 
0 
0 
0 
0 
0 
0 
0 
0 
0 
0 
0 
0 
0 
0 
0 
0 
0 
0 
0 
0 
0 
0 
0 
0 
0 
0 
0 
0 
0 
0 
0 
0 
0 
0 
0 
0 
0 
0 
0 
0 
0 
0 
0 
0 
0 
0 
0 
0 
0 
0 
0 
0 
0 
0 
0 
0 
0 
0 
0 
0 
0 
0 
0 
0 
0 
0 
0 
0 
0 
0 
0 
0 
0 
0 
0 
0 
0 
0 
0 
0 
0 
0 
0 
0 
0 
0 
0 
0 
0 
0 
0 
0 
0 
0 
0 
0 
0 
0 
0 
0 
0 
0 
0 
0 
0 
0 
0 
0 
0 
0 
0 
0 
0 
0 
0 
0 
0 
0 
0 
0 
0 
0 
0 
0 
0 
0 
0 
0 
0 
0 
0 
0 
0 
0 
0 
0 
0 
0 
0 
0 
0 
0 
0 
0 
0 
0 
0 
0 
0 
0 
0 
0 
0 
0 
0 
0 
0 
0 
0 
0 
0 
0 
0 
0 
0 
0 
0 
0 
0 
0 
0 
0 
0 
0 
0 
0 
0 
0 
0 
0 
0 
0 
0 
0 
0 
0 
0 
0 
0 
0 
0 
0 
0 
0 
0 
0 
0 
0 
0 
0 
0 
0 
0 
0 
0 
0 
0 
0 
0 
0 
0 
0 
0 
0 
0 
0 
0 
0 
0 
0 
0 
0 
0 
0 
0 
0 
0 
0 
0 
0 
0 
0 
0 
0 
0 
0 
0 
0 
0 
0 
0 
0 
0 
0 
0 
0 
0 
0 
0 
0 
0 
0 
0 
0 
0 
0 
0 
0 
0 
0 
0 
0 
0 
0 
0 
0 
0 
0 
0 
0 
0 
0 
0 
0 
0 
0 
0 
0 
0 
0 
0 
0 
0 
0 
0 
0 
0 
0 
0 
0 
0 
0 
0 
0 
0 
0 
0 
0 
0 
0 
0 
0 
0 
0 
0 
0 
0 
0 
0 
0 
0 
0 
0 
0 
0 
0 
0 
0 
0 
0 
0 
0 
0 
0 
0 
0 
0 
0 
0 
0 
0 
0 
0 
0 
0 
0 
0 
0 
0 
0 
0 
0 
0 
0 
0 
0 
0 
0 
0 
0 
0 
0 
0 
0 
0 
0 
0 
0 
0 
0 
0 
0 
0 
0 
0 
0 
0 
0 
0 
0 
0 
0 
0 
0 
0 
0 
0 
0 
0 
0 
0 
0 
0 
0 
0 
0 
0 
0 
0 
0 
0 
0 
0 
0 
0 
0 
0 
0 
0 
0 
0 
0 
0 
0 
0 
0 
0 
0 
0 
0 
0 
0 
0 
0 
0 
0 
0 
0 
0 
0 
0 
0 
0 
0 
0 
0 
0 
0 
0 
0 
0 
0 
0 
0 
0 
0 
0 
0 
0 
0 
0 
0 
0 
0 
0 
0 
0 
0 
0 
0 
0 
0 
0 
0 
0 
0 
0 
0 
0 
0 
0 
0 
0 
0 
0 
0 
0 
0 
0 
0 
0 
0 
0 
0 
0 
0 
0 
0 
0 
0 
0 
0 
0 
0 
0 
0 
0 
0 
0 
0 
0 
0 
0 
0 
0 
0 
0 
0 
0 
0 
0 
0 
0 
0 
0 
0 
0 
0 
0 
0 
0 
0 
0 
0 
0 
0 
0 
0 
0 
0 
0 
0 
0 
0 
0 
0 
0 
0 
0 
0 
0 
0 
0 
0 
0 
0 
0 
0 
0 
0 
0 
0 
0 
0 
0 
0 
0 
0 
0 
0 
0 
0 
0 
0 
0 
0 
0 
0 
0 
0 
0 
0 
0 
0 
0 
0 
0 
0 
0 
0 
0 
0 
0 
0 
0 
0 
0 
0 
0 
0 
0 
0 
0 
0 
0 
0 
0 
0 
0 
0 
0 
0 
0 
0 
0 
0 
0 
0 
0 
0 
0 
0 
0 
0 
0 
0 
0 
0 
0 
0 
0 
0 
0 
0 
0 
0 
0 
0 
0 
0 
0 
0 
0 
0 
0 
0 
0 
0 
0 
0 
0 
0 
0 
0 
0 
0 
0 
0 
0 
0 
0 
0 
0 
0 
0 
0 
0 
0 
0 
0 
0 
0 
0 
0 
0 
0 
0 
0 
0 
0 
0 
0 
0 
0 
0 
0 
0 
0 
0 
0 
0 
0 
0 
0 
0 
0 
0 
0 
0 
0 
0 
0 
0 
0 
0 
0 
0 
0 
0 
0 
0 
0 
0 
0 
0 
0 
0 
0 
0 
0 
0 
0 
0 
0 
0 
0 
0 
0 
0 
0 
0 
0 
0 
0 
0 
0 
0 
0 
0 
0 
0 
0 
0 
0 
0 
0 
0 
0 
0 
0 
0 
0 
0 
0 
0 
0 
0 
0 
0 
0 
0 
0 
0 
0 
0 
0 
0 
0 
0 
0 
0 
0 
0 
0 
0 
0 
0 
0 
0 
0 
0 
0 
0 
0 
0 
0 
0 
0 
0 
0 
0 
0 
0 
0 
0 
0 
0 
0 
0 
0 
0 
0 
0 
0 
0 
0 
0 
0 
0 
0 
0 
0 
0 
0 
0 
0 
0 
0 
0 
0 
0 
0 
0 
0 
0 
0 
0 
0 
0 
0 
0 
0 
0 
0 
0 
0 
0 
0 
0 
0 
0 
0 
0 
0 
0 
0 
0 
0 
0 
0 
0 
0 
0 
0 
0 
0 
0 
0 
0 
0 
0 
0 
0 
0 
0 
0 
0 
0 
0 
0 
0 
0 
0 
0 
0 
0 
0 
0 
0 
0 
0 
0 
0 
0 
0 
0 
0 
0 
0 
0 
0 
0 
0 
0 
0 
0 
0 
0 
0 
0 
0 
0 
0 
0 
0 
0 
0 
0 
0 
0 
0 
0 
0 
0 
0 
0 
0 
0 
0 
0 
0 
0 
0 
0 
0 
0 
0 
0 
0 
0 
0 
0 
0 
0 
0 
0 
0 
0 
0 
0 
0 
0 
0 
0 
0 
0 
0 
0 
0 
0 
0 
0 
0 
0 
0 
0 
0 
0 
0 
0 
0 
0 
0 
0 
0 
0 
0 
0 
0 
0 
0 
0 
0 
0 
0 
0 
0 
0 
0 
0 
0 
0 
0 
0 
0 
0 
0 
0 
0 
0 
0 
0 
0 
0 
0 
0 
0 
0 
0 
0 
0 
0 
0 
0 
0 
0 
0 
0 
0 
0 
0 
0 
0 
0 
0 
0 
0 
0 
0 
0 
0 
0 
0 
0 
0 
0 
0 
0 
0 
0 
0 
0 
0 
0 
0 
0 
0 
0 
0 
0 
0 
0 
0 
0 
0 
0 
0 
0 
0 
0 
0 
0 
0 
0 
0 
0 
0 
0 
0 
0 
0 
0 
0 
0 
0 
0 
0 
0 
0 
0 
0 
0 
0 
0 
0 
0 
0 
0 
0 
0 
0 
0 
0 
0 
0 
0 
0 
0 
0 
0 
0 
0 
0 
0 
0 
0 
0 
0 
0 
0 
0 
0 
0 
0 
0 
0 
0 
0 
0 
0 
0 
0 
0 
0 
0 
0 
0 
0 
0 
0 
0 
0 
0 
0 
0 
0 
0 
0 
0 
0 
0 
0 
0 
0 
0 
0 
0 
0 
0 
0 
0 
0 
0 
0 
0 
0 
0 
0 
0 
0 
0 
0 
0 
0 
0 
0 
0 
0 
0 
0 
0 
0 
0 
0 
0 
0 
0 
0 
0 
0 
0 
0 
0 
0 
0 
0 
0 
0 
0 
0 
0 
0 
0 
0 
0 
0 
0 
0 
0 
0 
0 
0 
0 
0 
0 
0 
0 
0 
0 
0 
0 
0 
0 
0 
0 
0 
0 
0 
0 
0 
0 
0 
0 
0 
0 
0 
0 
0 
0 
0 
0 
0 
0 
0 
0 
0 
0 
0 
0 
0 
0 
0 
0 
0 
0 
0 
0 
0 
0 
0 
0 
0 
0 
0 
0 
0 
0 
0 
0 
0 
0 
0 
0 
0 
0 
0 
0 
0 
0 
0 
0 
0 
0 
0 
0 
0 
0 
0 
0 
0 
0 
0 
0 
0 
0 
0 
0 
0 
0 
0 
0 
0 
0 
0 
0 
0 
0 
0 
0 
0 
0 
0 
0 
0 
0 
0 
0 
0 
0 
0 
0 
0 
0 
0 
0 
0 
0 
0 
0 
0 
0 
0 
0 
0 
0 
0 
0 
0 
0 
0 
0 
0 
0 
0 
0 
0 
0 
0 
0 
0 
0 
0 
0 
0 
0 
0 
0 
0 
0 
0 
0 
0 
0 
0 
0 
0 
0 
0 
0 
0 
0 
0 
0 
0 
0 
0 
0 
0 
0 
0 
0 
0 
0 
0 
0 
0 
0 
0 
0 
0 
0 
0 
0 
0 
0 
0 
0 
0 
0 
0 
0 
0 
0 
0 
0 
0 
0 
0 
0 
0 
0 
0 
0 
0 
0 
0 
0 
0 
0 
0 
0 
0 
0 
0 
0 
0 
0 
0 
0 
0 
0 
0 
0 
0 
0 
0 
0 
0 
0 
0 
0 
0 
0 
0 
0 
0 
0 
0 
0 
0 
0 
0 
0 
0 
0 
0 
0 
0 
0 
0 
0 
0 
0 
0 
0 
0 
0 
0 
0 
0 
0 
0 
0 
0 
0 
0 
0 
0 
0 
0 
0 
0 
0 
0 
0 
0 
0 
0 
0 
0 
0 
0 
0 
0 
0 
0 
0 
0 
0 
0 
0 
0 
0 
0 
0 
0 
0 
0 
0 
0 
0 
0 
0 
0 
0 
0 
0 
0 
0 
0 
0 
0 
0 
0 
0 
0 
0 
0 
0 
0 
0 
0 
0 
0 
0 
0 
0 
0 
0 
0 
0 
0 
0 
0 
0 
0 
0 
0 
0 
0 
0 
0 
0 
0 
0 
0 
0 
0 
0 
0 
0 
0 
0 
0 
0 
0 
0 
0 
0 
0 
0 
0 
0 
0 
0 
0 
0 
0 
0 
0 
0 
0 
0 
0 
0 
0 
0 
0 
0 
0 
0 
0 
0 
0 
0 
0 
0 
0 
0 
0 
0 
0 
0 
0 
0 
0 
0 
0 
0 
0 
0 
0 
0 
0 
0 
0 
0 
0 
0 
0 
0 
0 
0 
0 
0 
0 
0 
0 
0 
0 
0 
0 
0 
0 
0 
0 
0 
0 
0 
0 
0 
0 
0 
0 
0 
0 
0 
0 
0 
0 
0 
0 
0 
0 
0 
0 
0 
0 
0 
0 
0 
0 
0 
0 
0 
0 
0 
0 
0 
0 
0 
0 
0 
0 
0 
0 
0 
0 
0 
0 
0 
0 
0 
0 
0 
0 
0 
0 
0 
0 
0 
0 
0 
0 
0 
0 
0 
0 
0 
0 
0 
0 
0 
0 
0 
0 
0 
0 
0 
0 
0 
0 
0 
0 
0 
0 
0 
0 
0 
0 
0 
0 
0 
0 
0 
0 
0 
0 
0 
0 
0 
0 
0 
0 
0 
0 
0 
0 
0 
0 
0 
0 
0 
0 
0 
0 
0 
0 
0 
0 
0 
0 
0 
0 
0 
0 
0 
0 
0 
0 
0 
0 
0 
0 
0 
0 
0 
0 
0 
0 
0 
0 
0 
0 
0 
0 
0 
0 
0 
0 
0 
0 
0 
0 
0 
0 
0 
0 
0 
0 
0 
0 
0 
0 
0 
0 
0 
0 
0 
0 
0 
0 
0 
0 
0 
0 
0 
0 
0 
0 
0 
0 
0 
0 
0 
0 
0 
0 
0 
0 
0 
0 
0 
0 
0 
0 
0 
0 
0 
0 
0 
0 
0 
0 
0 
0 
0 
0 
0 
0 
0 
0 
0 
0 
0 
0 
0 
0 
0 
0 
0 
0 
0 
0 
0 
0 
0 
0 
0 
0 
0 
0 
0 
0 
0 
0 
0 
0 
0 
0 
0 
0 
0 
0 
0 
0 
0 
0 
0 
0 
0 
0 
0 
0 
0 
0 
0 
0 
0 
0 
0 
0 
0 
0 
0 
0 
0 
0 
0 
0 
0 
0 
0 
0 
0 
0 
0 
0 
0 
0 
0 
0 
0 
0 
0 
0 
0 
0 
0 
0 
0 
0 
0 
0 
0 
0 
0 
0 
0 
0 
0 
0 
0 
0 
0 
0 
0 
0 
0 
0 
0 
0 
0 
0 
0 
0 
0 
0 
0 
0 
0 
0 
0 
0 
0 
0 
0 
0 
0 
0 
0 
0 
0 
0 
0 
0 
0 
0 
0 
0 
0 
0 
0 
0 
0 
0 
0 
0 
0 
0 
0 
0 
0 
0 
0 
0 
0 
0 
0 
0 
0 
0 
0 
0 
0 
0 
0 
0 
0 
0 
0 
0 
0 
0 
0 
0 
0 
0 
0 
0 
0 
0 
0 
0 
0 
0 
0 
0 
0 
0 
0 
0 
0 
0 
0 
0 
0 
0 
0 
0 
0 
0 
0 
0 
0 
0 
0 
0 
0 
0 
0 
0 
0 
0 
0 
0 
0 
0 
0 
0 
0 
0 
0 
0 
0 
0 
0 
0 
0 
0 
0 
0 
0 
0 
0 
0 
0 
0 
0 
0 
0 
0 
0 
0 
0 
0 
0 
0 
0 
0 
0 
0 
0 
0 
0 
0 
0 
0 
0 
0 
0 
0 
0 
0 
0 
0 
0 
0 
0 
0 
0 
0 
0 
0 
0 
0 
0 
0 
0 
0 
0 
0 
0 
0 
0 
0 
0 
0 
0 
0 
0 
0 
0 
0 
0 
0 
0 
0 
0 
0 
0 
0 
0 
0 
0 
0 
0 
0 
0 
0 
0 
0 
0 
0 
0 
0 
0 
0 
0 
0 
0 
0 
0 
0 
0 
0 
0 
0 
0 
0 
0 
0 
0 
0 
0 
0 
0 
0 
0 
0 
0 
0 
0 
0 
0 
0 
0 
0 
0 
0 
0 
0 
0 
0 
0 
0 
0 
0 
0 
0 
0 
0 
0 
0 
0 
0 
0 
0 
0 
0 
0 
0 
0 
0 
0 
0 
0 
0 
0 
0 
0 
0 
0 
0 
0 
0 
0 
0 
0 
0 
0 
0 
0 
0 
0 
0 
0 
0 
0 
0 
0 
0 
0 
0 
0 
0 
0 
0 
0 
0 
0 
0 
0 
0 
0 
0 
0 
0 
0 
0 
0 
0 
0 
0 
0 
0 
0 
0 
0 
0 
0 
0 
0 
0 
0 
0 
0 
0 
0 
0 
0 
0 
0 
0 
0 
0 
0 
0 
0 
0 
0 
0 
0 
0 
0 
0 
0 
0 
0 
0 
0 
0 
0 
0 
0 
0 
0 
0 
0 
0 
0 
0 
0 
0 
0 
0 
0 
0 
0 
0 
0 
0 
0 
0 
0 
0 
0 
0 
0 
0 
0 
0 
0 
0 
0 
0 
0 
0 
0 
0 
0 
0 
0 
0 
0 
0 
0 
0 
0 
0 
0 
0 
0 
0 
0 
0 
0 
0 
0 
0 
0 
0 
0 
0 
0 
0 
0 
0 
0 
0 
0 
0 
0 
0 
0 
0 
0 
0 
0 
0 
0 
0 
0 
0 
0 
0 
0 
0 
0 
0 
0 
0 
0 
0 
0 
0 
0 
0 
0 
0 
0 
0 
0 
0 
0 
0 
0 
0 
0 
0 
0 
0 
0 
0 
0 
0 
0 
0 
0 
0 
0 
0 
0 
0 
0 
0 
0 
0 
0 
0 
0 
0 
0 
0 
0 
0 
0 
0 
0 
0 
0 
0 
0 
0 
0 
0 
0 
0 
0 
0 
0 
0 
0 
0 
0 
0 
0 
0 
0 
0 
0 
0 
0 
0 
0 
0 
0 
0 
0 
0 
0 
0 
0 
0 
0 
0 
0 
0 
0 
0 
0 
0 
0 
0 
0 
0 
0 
0 
0 
0 
0 
0 
0 
0 
0 
0 
0 
0 
0 
0 
0 
0 
0 
0 
0 
0 
0 
0 
0 
0 
0 
0 
0 
0 
0 
0 
0 
0 
0 
0 
0 
0 
0 
0 
0 
0 
0 
0 
0 
0 
0 
0 
0 
0 
0 
0 
0 
0 
0 
0 
0 
0 
0 
0 
0 
0 
0 
0 
0 
0 
0 
0 
0 
0 
0 
0 
0 
0 
0 
0 
0 
0 
0 
0 
0 
0 
0 
0 
0 
0 
0 
0 
0 
0 
0 
0 
0 
0 
0 
0 
0 
0 
0 
0 
0 
0 
0 
0 
0 
0 
0 
0 
0 
0 
0 
0 
0 
0 
0 
0 
0 
0 
0 
0 
0 
0 
0 
0 
0 
0 
0 
0 
0 
0 
0 
0 
0 
0 
0 
0 
0 
0 
0 
0 
0 
0 
0 
0 
0 
0 
0 
0 
0 
0 
0 
0 
0 
0 
0 
0 
0 
0 
0 
0 
0 
0 
0 
0 
0 
0 
0 
0 
0 
0 
0 
0 
0 
0 
0 
0 
0 
0 
0 
0 
0 
0 
0 
0 
0 
0 
0 
0 
0 
0 
0 
0 
0 
0 
0 
0 
0 
0 
0 
0 
0 
0 
0 
0 
0 
0 
0 
0 
0 
0 
0 
0 
0 
0 
0 
0 
0 
0 
0 
0 
0 
0 
0 
0 
0 
0 
0 
0 
0 
0 
0 
0 
0 
0 
0 
0 
0 
0 
0 
0 
0 
0 
0 
0 
0 
0 
0 
0 
0 
0 
0 
0 
0 
0 
0 
0 
0 
0 
0 
0 
0 
0 
0 
0 
0 
0 
0 
0 
0 
0 
0 
0 
0 
0 
0 
0 
0 
0 
0 
0 
0 
0 
0 
0 
0 
0 
0 
0 
0 
0 
0 
0 
0 
0 
0 
0 
0 
0 
0 
0 
0 
0 
0 
0 
0 
0 
0 
0 
0 
0 
0 
0 
0 
0 
0 
0 
0 
0 
0 
0 
0 
0 
0 
0 
0 
0 
0 
0 
0 
0 
0 
0 
0 
0 
0 
0 
0 
0 
0 
0 
0 
0 
0 
0 
0 
0 
0 
0 
0 
0 
0 
0 
0 
0 
0 
0 
0 
0 
0 
0 
0 
0 
0 
0 
0 
0 
0 
0 
0 
0 
0 
0 
0 
0 
0 
0 
0 
0 
0 
0 
0 
0 
0 
0 
0 
0 
0 
0 
0 
0 
0 
0 
0 
0 
0 
0 
0 
0 
0 
0 
0 
0 
0 
0 
0 
0 
0 
0 
0 
0 
0 
0 
0 
0 
0 
0 
0 
0 
0 
0 
0 
0 
0 
0 
0 
0 
0 
0 
0 
0 
0 
0 
0 
0 
0 
0 
0 
0 
0 
0 
0 
0 
0 
0 
0 
0 
0 
0 
0 
0 
0 
0 
0 
0 
0 
0 
0 
0 
0 
0 
0 
0 
0 
0 
0 
0 
0 
0 
0 
0 
0 
0 
0 
0 
0 
0 
0 
0 
0 
0 
0 
0 
0 
0 
0 
0 
0 
0 
0 
0 
0 
0 
0 
0 
0 
0 
0 
0 
0 
0 
0 
0 
0 
0 
0 
0 
0 
0 
0 
0 
0 
0 
0 
0 
0 
0 
0 
0 
0 
0 
0 
0 
0 
0 
0 
0 
0 
0 
0 
0 
0 
0 
0 
0 
0 
0 
0 
0 
0 
0 
0 
0 
0 
0 
0 
0 
0 
0 
0 
0 
0 
0 
0 
0 
0 
0 
0 
0 
0 
0 
0 
0 
0 
0 
0 
0 
0 
0 
0 
0 
0 
0 
0 
0 
0 
0 
0 
0 
0 
0 
0 
0 
0 
0 
0 
0 
0 
0 
0 
0 
0 
0 
0 
0 
0 
0 
0 
0 
0 
0 
0 
0 
0 
0 
0 
0 
0 
0 
0 
0 
0 
0 
0 
0 
0 
0 
0 
0 
0 
0 
0 
0 
0 
0 
0 
0 
0 
0 
0 
0 
0 
0 
0 
0 
0 
0 
0 
0 
0 
0 
0 
0 
0 
0 
0 
0 
0 
0 
0 
0 
0 
0 
0 
0 
0 
0 
0 
0 
0 
0 
0 
0 
0 
0 
0 
0 
0 
0 
0 
0 
0 
0 
0 
0 
0 
0 
0 
0 
0 
0 
0 
0 
0 
0 
0 
0 
0 
0 
0 
0 
0 
0 
0 
0 
0 
0 
0 
0 
0 
0 
0 
0 
0 
0 
0 
0 
0 
0 
0 
0 
0 
0 
0 
0 
0 
0 
0 
0 
0 
0 
0 
0 
0 
0 
0 
0 
0 
0 
0 
0 
0 
0 
0 
0 
0 
0 
0 
0 
0 
0 
0 
0 
0 
0 
0 
0 
0 
0 
0 
0 
0 
0 
0 
0 
0 
0 
0 
0 
0 
0 
0 
0 
0 
0 
0 
0 
0 
0 
0 
0 
0 
0 
0 
0 
0 
0 
0 
0 
0 
0 
0 
0 
0 
0 
0 
0 
0 
0 
0 
0 
0 
0 
0 
0 
0 
0 
0 
0 
0 
0 
0 
0 
0 
0 
0 
0 
0 
0 
0 
0 
0 
0 
0 
0 
0 
0 
0 
0 
0 
0 
0 
0 
0 
0 
0 
0 
0 
0 
0 
0 
0 
0 
0 
0 
0 
0 
0 
0 
0 
0 
0 
0 
0 
0 
0 
0 
0 
0 
0 
0 
0 
0 
0 
0 
0 
0 
0 
0 
0 
0 
0 
0 
0 
0 
0 
0 
0 
0 
0 
0 
0 
0 
0 
0 
0 
0 
0 
0 
0 
0 
0 
0 
0 
0 
0 
0 
0 
0 
0 
0 
0 
0 
0 
0 
0 
0 
0 
0 
0 
0 
0 
0 
0 
0 
0 
0 
0 
0 
0 
0 
0 
0 
0 
0 
0 
0 
0 
0 
0 
0 
0 
0 
0 
0 
0 
0 
0 
0 
0 
0 
0 
0 
0 
0 
0 
0 
0 
0 
0 
0 
0 
0 
0 
0 
0 
0 
0 
0 
0 
0 
0 
0 
0 
0 
0 
0 
0 
0 
0 
0 
0 
0 
0 
0 
0 
0 
0 
0 
0 
0 
0 
0 
0 
0 
0 
0 
0 
0 
0 
0 
0 
0 
0 
0 
0 
0 
0 
0 
0 
0 
0 
0 
0 
0 
0 
0 
0 
0 
0 
0 
0 
0 
0 
0 
0 
0 
0 
0 
0 
0 
0 
0 
0 
0 
0 
0 
0 
0 
0 
0 
0 
0 
0 
0 
0 
0 
0 
0 
0 
0 
0 
0 
0 
0 
0 
0 
0 
0 
0 
0 
0 
0 
0 
0 
0 
0 
0 
0 
0 
0 
0 
0 
0 
0 
0 
0 
0 
0 
0 
0 
0 
0 
0 
0 
0 
0 
0 
0 
0 
0 
0 
0 
0 
0 
0 
0 
0 
0 
0 
0 
0 
0 
0 
0 
0 
0 
0 
0 
0 
0 
0 
0 
0 
0 
0 
0 
0 
0 
0 
0 
0 
0 
0 
0 
0 
0 
0 
0 
0 
0 
0 
0 
0 
0 
0 
0 
0 
0 
0 
0 
0 
0 
0 
0 
0 
0 
0 
0 
0 
0 
0 
0 
0 
0 
0 
0 
0 
0 
0 
0 
0 
0 
0 
0 
0 
0 
0 
0 
0 
0 
0 
0 
0 
0 
0 
0 
0 
0 
0 
0 
0 
0 
0 
0 
0 
0 
0 
0 
0 
0 
0 
0 
0 
0 
0 
0 
0 
0 
0 
0 
0 
0 
0 
0 
0 
0 
0 
0 
0 
0 
0 
0 
0 
0 
0 
0 
0 
0 
0 
0 
0 
0 
0 
0 
0 
0 
0 
0 
0 
0 
0 
0 
0 
0 
0 
0 
0 
0 
0 
0 
0 
0 
0 
0 
0 
0 
0 
0 
0 
0 
0 
0 
0 
0 
0 
0 
0 
0 
0 
0 
0 
0 
0 
0 
0 
0 
0 
0 
0 
0 
0 
0 
0 
0 
0 
0 
0 
0 
0 
0 
0 
0 
0 
0 
0 
0 
0 
0 
0 
0 
0 
0 
0 
0 
0 
0 
0 
0 
0 
0 
0 
0 
0 
0 
0 
0 
0 
0 
0 
0 
0 
0 
0 
0 
0 
0 
0 
0 
0 
0 
0 
0 
0 
0 
0 
0 
0 
0 
0 
0 
0 
0 
0 
0 
0 
0 
0 
0 
0 
0 
0 
0 
0 
0 
0 
0 
0 
0 
0 
0 
0 
0 
0 
0 
0 
0 
0 
0 
0 
0 
0 
0 
0 
0 
0 
0 
0 
0 
0 
0 
0 
0 
0 
0 
0 
0 
0 
0 
0 
0 
0 
0 
0 
0 
0 
0 
0 
0 
0 
0 
0 
0 
0 
0 
0 
0 
0 
0 
0 
0 
0 
0 
0 
0 
0 
0 
0 
0 
0 
0 
0 
0 
0 
0 
0 
0 
0 
0 
0 
0 
0 
0 
0 
0 
0 
0 
0 
0 
0 
0 
0 
0 
0 
0 
0 
0 
0 
0 
0 
0 
0 
0 
0 
0 
0 
0 
0 
0 
0 
0 
0 
0 
0 
0 
0 
0 
0 
0 
0 
0 
0 
0 
0 
0 
0 
0 
0 
0 
0 
0 
0 
0 
0 
0 
0 
0 
0 
0 
0 
0 
0 
0 
0 
0 
0 
0 
0 
0 
0 
0 
0 
0 
0 
0 
0 
0 
0 
0 
0 
0 
0 
0 
0 
0 
0 
0 
0 
0 
0 
0 
0 
0 
0 
0 
0 
0 
0 
0 
0 
0 
0 
0 
0 
0 
0 
0 
0 
0 
0 
0 
0 
0 
0 
0 
0 
0 
0 
0 
0 
0 
0 
0 
0 
0 
0 
0 
0 
0 
0 
0 
0 
0 
0 
0 
0 
0 
0 
0 
0 
0 
0 
0 
0 
0 
0 
0 
0 
0 
0 
0 
0 
0 
0 
0 
0 
0 
0 
0 
0 
0 
0 
0 
0 
0 
0 
0 
0 
0 
0 
0 
0 
0 
0 
0 
0 
0 
0 
0 
0 
0 
0 
0 
0 
0 
0 
0 
0 
0 
0 
0 
0 
0 
0 
0 
0 
0 
0 
0 
0 
0 
0 
0 
0 
0 
0 
0 
0 
0 
0 
0 
0 
0 
0 
0 
0 
0 
0 
0 
0 
0 
0 
0 
0 
0 
0 
0 
0 
0 
0 
0 
0 
0 
0 
0 
0 
0 
0 
0 
0 
0 
0 
0 
0 
0 
0 
0 
0 
0 
0 
0 
0 
0 
0 
0 
0 
0 
0 
0 
0 
0 
0 
0 
0 
0 
0 
0 
0 
0 
0 
0 
0 
0 
0 
0 
0 
0 
0 
0 
0 
0 
0 
0 
0 
0 
0 
0 
0 
0 
0 
0 
0 
0 
0 
0 
0 
0 
0 
0 
0 
0 
0 
0 
0 
0 
0 
0 
0 
0 
0 
0 
0 
0 
0 
0 
0 
0 
0 
0 
0 
0 
0 
0 
0 
0 
0 
0 
0 
0 
0 
0 
0 
0 
0 
0 
0 
0 
0 
0 
0 
0 
0 
0 
0 
0 
0 
0 
0 
0 
0 
0 
0 
0 
0 
0 
0 
0 
0 
0 
0 
0 
0 
0 
0 
0 
0 
0 
0 
0 
0 
0 
0 
0 
0 
0 
0 
0 
0 
0 
0 
0 
0 
0 
0 
0 
0 
0 
0 
0 
0 
0 
0 
0 
0 
0 
0 
0 
0 
0 
0 
0 
0 
0 
0 
0 
0 
0 
0 
0 
0 
0 
0 
0 
0 
0 
0 
0 
0 
0 
0 
0 
0 
0 
0 
0 
0 
0 
0 
0 
0 
0 
0 
0 
0 
0 
0 
0 
0 
0 
0 
0 
0 
0 
0 
0 
0 
0 
0 
0 
0 
0 
0 
0 
0 
0 
0 
0 
0 
0 
0 
0 
0 
0 
0 
0 
0 
0 
0 
0 
0 
0 
0 
0 
0 
0 
0 
0 
0 
0 
0 
0 
0 
0 
0 
0 
0 
0 
0 
0 
0 
0 
0 
0 
0 
0 
0 
0 
0 
0 
0 
0 
0 
0 
0 
0 
0 
0 
0 
0 
0 
0 
0 
0 
0 
0 
0 
0 
0 
0 
0 
0 
0 
0 
0 
0 
0 
0 
0 
0 
0 
0 
0 
0 
0 
0 
0 
0 
0 
0 
0 
0 
0 
0 
0 
0 
0 
0 
0 
0 
0 
0 
0 
0 
0 
0 
0 
0 
0 
0 
0 
0 
0 
0 
0 
0 
0 
0 
0 
0 
0 
0 
0 
0 
0 
0 
0 
0 
0 
0 
0 
0 
0 
0 
0 
0 
0 
0 
0 
0 
0 
0 
0 
0 
0 
0 
0 
0 
0 
0 
0 
0 
0 
0 
0 
0 
0 
0 
0 
0 
0 
0 
0 
0 
0 
0 
0 
0 
0 
0 
0 
0 
0 
0 
0 
0 
0 
0 
0 
0 
0 
0 
0 
0 
0 
0 
0 
0 
0 
0 
0 
0 
0 
0 
0 
0 
0 
0 
0 
0 
0 
0 
0 
0 
0 
0 
0 
0 
0 
0 
0 
0 
0 
0 
0 
0 
0 
0 
0 
0 
0 
0 
0 
0 
0 
0 
0 
0 
0 
0 
0 
0 
0 
0 
0 
0 
0 
0 
0 
0 
0 
0 
0 
0 
0 
0 
0 
0 
0 
0 
0 
0 
0 
0 
0 
0 
0 
0 
0 
0 
0 
0 
0 
0 
0 
0 
0 
0 
0 
0 
0 
0 
0 
0 
0 
0 
0 
0 
0 
0 
0 
0 
0 
0 
0 
0 
0 
0 
0 
0 
0 
0 
0 
0 
0 
0 
0 
0 
0 
0 
0 
0 
0 
0 
0 
0 
0 
0 
0 
0 
0 
0 
0 
0 
0 
0 
0 
0 
0 
0 
0 
0 
0 
0 
0 
0 
0 
0 
0 
0 
0 
0 
0 
0 
0 
0 
0 
0 
0 
0 
0 
0 
0 
0 
0 
0 
0 
0 
0 
0 
0 
0 
0 
0 
0 
0 
0 
0 
0 
0 
0 
0 
0 
0 
0 
0 
0 
0 
0 
0 
0 
0 
0 
0 
0 
0 
0 
0 
0 
0 
0 
0 
0 
0 
0 
0 
0 
0 
0 
0 
0 
0 
0 
0 
0 
0 
0 
0 
0 
0 
0 
0 
0 
0 
0 
0 
0 
0 
0 
0 
0 
0 
0 
0 
0 
0 
0 
0 
0 
0 
0 
0 
0 
0 
0 
0 
0 
0 
0 
0 
0 
0 
0 
0 
0 
0 
0 
0 
0 
0 
0 
0 
0 
0 
0 
0 
0 
0 
0 
0 
0 
0 
0 
0 
0 
0 
0 
0 
0 
0 
0 
0 
0 
0 
0 
0 
0 
0 
0 
0 
0 
0 
0 
0 
0 
0 
0 
0 
0 
0 
0 
0 
0 
0 
0 
0 
0 
0 
0 
0 
0 
0 
0 
0 
0 
0 
0 
0 
0 
0 
0 
0 
0 
0 
0 
0 
0 
0 
0 
0 
0 
0 
0 
0 
0 
0 
0 
0 
0 
0 
0 
0 
0 
0 
0 
0 
0 
0 
0 
0 
0 
0 
0 
0 
0 
0 
0 
0 
0 
0 
0 
0 
0 
0 
0 
0 
0 
0 
0 
0 
0 
0 
0 
0 
0 
0 
0 
0 
0 
0 
0 
0 
0 
0 
0 
0 
0 
0 
0 
0 
0 
0 
0 
0 
0 
0 
0 
0 
0 
0 
0 
0 
0 
0 
0 
0 
0 
0 
0 
0 
0 
0 
0 
0 
0 
0 
0 
0 
0 
0 
0 
0 
0 
0 
0 
0 
0 
0 
0 
0 
0 
0 
0 
0 
0 
0 
0 
0 
0 
0 
0 
0 
0 
0 
0 
0 
0 
0 
0 
0 
0 
0 
0 
0 
0 
0 
0 
0 
0 
0 
0 
0 
0 
0 
0 
0 
0 
0 
0 
0 
0 
0 
0 
0 
0 
0 
0 
0 
0 
0 
0 
0 
0 
0 
0 
0 
0 
0 
0 
0 
0 
0 
0 
0 
0 
0 
0 
0 
0 
0 
0 
0 
0 
0 
0 
0 
0 
0 
0 
0 
0 
0 
0 
0 
0 
0 
0 
0 
0 
0 
0 
0 
0 
0 
0 
0 
0 
0 
0 
0 
0 
0 
0 
0 
0 
0 
0 
0 
0 
0 
0 
0 
0 
0 
0 
0 
0 
0 
0 
0 
0 
0 
0 
0 
0 
0 
0 
0 
0 
0 
0 
0 
0 
0 
0 
0 
0 
0 
0 
0 
0 
0 
0 
0 
0 
0 
0 
0 
0 
0 
0 
0 
0 
0 
0 
0 
0 
0 
0 
0 
0 
0 
0 
0 
0 
0 
0 
0 
0 
0 
0 
0 
0 
0 
0 
0 
0 
0 
0 
0 
0 
0 
0 
0 
0 
0 
0 
0 
0 
0 
0 
0 
0 
0 
0 
0 
0 
0 
0 
0 
0 
0 
0 
0 
0 
0 
0 
0 
0 
0 
0 
0 
0 
0 
0 
0 
0 
0 
0 
0 
0 
0 
0 
0 
0 
0 
0 
0 
0 
0 
0 
0 
0 
0 
0 
0 
0 
0 
0 
0 
0 
0 
0 
0 
0 
0 
0 
0 
0 
0 
0 
0 
0 
0 
0 
0 
0 
0 
0 
0 
0 
0 
0 
0 
0 
0 
0 
0 
0 
0 
0 
0 
0 
0 
0 
0 
0 
0 
0 
0 
0 
0 
0 
0 
0 
0 
0 
0 
0 
0 
0 
0 
0 
0 
0 
0 
0 
0 
0 
0 
0 
0 
0 
0 
0 
0 
0 
0 
0 
0 
0 
0 
0 
0 
0 
0 
0 
0 
0 
0 
0 
0 
0 
0 
0 
0 
0 
0 
0 
0 
0 
0 
0 
0 
0 
0 
0 
0 
0 
0 
0 
0 
0 
0 
0 
0 
0 
0 
0 
0 
0 
0 
0 
0 
0 
0 
0 
0 
0 
0 
0 
0 
0 
0 
0 
0 
0 
0 
0 
0 
0 
0 
0 
0 
0 
0 
0 
0 
0 
0 
0 
0 
0 
0 
0 
0 
0 
0 
0 
0 
0 
0 
0 
0 
0 
0 
0 
0 
0 
0 
0 
0 
0 
0 
0 
0 
0 
0 
0 
0 
0 
0 
0 
0 
0 
0 
0 
0 
0 
0 
0 
0 
0 
0 
0 
0 
0 
0 
0 
0 
0 
0 
0 
0 
0 
0 
0 
0 
0 
0 
0 
0 
0 
0 
0 
0 
0 
0 
0 
0 
0 
0 
0 
0 
0 
0 
0 
0 
0 
0 
0 
0 
0 
0 
0 
0 
0 
0 
0 
0 
0 
0 
0 
0 
0 
0 
0 
0 
0 
0 
0 
0 
0 
0 
0 
0 
0 
0 
0 
0 
0 
0 
0 
0 
0 
0 
0 
0 
0 
0 
0 
0 
0 
0 
0 
0 
0 
0 
0 
0 
0 
0 
0 
0 
0 
0 
0 
0 
0 
0 
0 
0 
0 
0 
0 
0 
0 
0 
0 
0 
0 
0 
0 
0 
0 
0 
0 
0 
0 
0 
0 
0 
0 
0 
0 
0 
0 
0 
0 
0 
0 
0 
0 
0 
0 
0 
0 
0 
0 
0 
0 
0 
0 
0 
0 
0 
0 
0 
0 
0 
0 
0 
0 
0 
0 
0 
0 
0 
0 
0 
0 
0 
0 
0 
0 
0 
0 
0 
0 
0 
0 
0 
0 
0 
0 
0 
0 
0 
0 
0 
0 
0 
0 
0 
0 
0 
0 
0 
0 
0 
0 
0 
0 
0 
0 
0 
0 
0 
0 
0 
0 
0 
0 
0 
0 
0 
0 
0 
0 
0 
0 
0 
0 
0 
0 
0 
0 
0 
0 
0 
0 
0 
0 
0 
0 
0 
0 
0 
0 
0 
0 
0 
0 
0 
0 
0 
0 
0 
0 
0 
0 
0 
0 
0 
0 
0 
0 
0 
0 
0 
0 
0 
0 
0 
0 
0 
0 
0 
0 
0 
0 
0 
0 
0 
0 
0 
0 
0 
0 
0 
0 
0 
0 
0 
0 
0 
0 
0 
0 
0 
0 
0 
0 
0 
0 
0 
0 
0 
0 
0 
0 
0 
0 
0 
0 
0 
0 
0 
0 
0 
0 
0 
0 
0 
0 
0 
0 
0 
0 
0 
0 
0 
0 
0 
0 
0 
0 
0 
0 
0 
0 
0 
0 
0 
0 
0 
0 
0 
0 
0 
0 
0 
0 
0 
0 
0 
0 
0 
0 
0 
0 
0 
0 
0 
0 
0 
0 
0 
0 
0 
0 
0 
0 
0 
0 
0 
0 
0 
0 
0 
0 
0 
0 
0 
0 
0 
0 
0 
0 
0 
0 
0 
0 
0 
0 
0 
0 
0 
0 
0 
0 
0 
0 
0 
0 
0 
0 
0 
0 
0 
0 
0 
0 
0 
0 
0 
0 
0 
0 
0 
0 
0 
0 
0 
0 
0 
0 
0 
0 
0 
0 
0 
0 
0 
0 
0 
0 
0 
0 
0 
0 
0 
0 
0 
0 
0 
0 
0 
0 
0 
0 
0 
0 
0 
0 
0 
0 
0 
0 
0 
0 
0 
0 
0 
0 
0 
0 
0 
0 
0 
0 
0 
0 
0 
0 
0 
0 
0 
0 
0 
0 
0 
0 
0 
0 
0 
0 
0 
0 
0 
0 
0 
0 
0 
0 
0 
0 
0 
0 
0 
0 
0 
0 
0 
0 
0 
0 
0 
0 
0 
0 
0 
0 
0 
0 
0 
0 
0 
0 
0 
0 
0 
0 
0 
0 
0 
0 
0 
0 
0 
0 
0 
0 
0 
0 
0 
0 
0 
0 
0 
0 
0 
0 
0 
0 
0 
0 
0 
0 
0 
0 
0 
0 
0 
0 
0 
0 
0 
0 
0 
0 
0 
0 
0 
0 
0 
0 
0 
0 
0 
0 
0 
0 
0 
0 
0 
0 
0 
0 
0 
0 
0 
0 
0 
0 
0 
0 
0 
0 
0 
0 
0 
0 
0 
0 
0 
0 
0 
0 
0 
0 
0 
0 
0 
0 
0 
0 
0 
0 
0 
0 
0 
0 
0 
0 
0 
0 
0 
0 
0 
0 
0 
0 
0 
0 
0 
0 
0 
0 
0 
0 
0 
0 
0 
0 
0 
0 
0 
0 
0 
0 
0 
0 
0 
0 
0 
0 
0 
0 
0 
0 
0 
0 
0 
0 
0 
0 
0 
0 
0 
0 
0 
0 
0 
0 
0 
0 
0 
0 
0 
0 
0 
0 
0 
0 
0 
0 
0 
0 
0 
0 
0 
0 
0 
0 
0 
0 
0 
0 
0 
0 
0 
0 
0 
0 
0 
0 
0 
0 
0 
0 
0 
0 
0 
0 
0 
0 
0 
0 
0 
0 
0 
0 
0 
0 
0 
0 
0 
0 
0 
0 
0 
0 
0 
0 
0 
0 
0 
0 
0 
0 
0 
0 
0 
0 
0 
0 
0 
0 
0 
0 
0 
0 
0 
0 
0 
0 
0 
0 
0 
0 
0 
0 
0 
0 
0 
0 
0 
0 
0 
0 
0 
0 
0 
0 
0 
0 
0 
0 
0 
0 
0 
0 
0 
0 
0 
0 
0 
0 
0 
0 
0 
0 
0 
0 
0 
0 
0 
0 
0 
0 
0 
0 
0 
0 
0 
0 
0 
0 
0 
0 
0 
0 
0 
0 
0 
0 
0 
0 
0 
0 
0 
0 
0 
0 
0 
0 
0 
0 
0 
0 
0 
0 
0 
0 
0 
0 
0 
0 
0 
0 
0 
0 
0 
0 
0 
0 
0 
0 
0 
0 
0 
0 
0 
0 
0 
0 
0 
0 
0 
0 
0 
0 
0 
0 
0 
0 
0 
0 
0 
0 
0 
0 
0 
0 
0 
0 
0 
0 
0 
0 
0 
0 
0 
0 
0 
0 
0 
0 
0 
0 
0 
0 
0 
0 
0 
0 
0 
0 
0 
0 
0 
0 
0 
0 
0 
0 
0 
0 
0 
0 
0 
0 
0 
0 
0 
0 
0 
0 
0 
0 
0 
0 
0 
0 
0 
0 
0 
0 
0 
0 
0 
0 
0 
0 
0 
0 
0 
0 
0 
0 
0 
0 
0 
0 
0 
0 
0 
0 
0 
0 
0 
0 
0 
0 
0 
0 
0 
0 
0 
0 
0 
0 
0 
0 
0 
0 
0 
0 
0 
0 
0 
0 
0 
0 
0 
0 
0 
0 
0 
0 
0 
0 
0 
0 
0 
0 
0 
0 
0 
0 
0 
0 
0 
0 
0 
0 
0 
0 
0 
0 
0 
0 
0 
0 
0 
0 
0 
0 
0 
0 
0 
0 
0 
0 
0 
0 
0 
0 
0 
0 
0 
0 
0 
0 
0 
0 
0 
0 
0 
0 
0 
0 
0 
0 
0 
0 
0 
0 
0 
0 
0 
0 
0 
0 
0 
0 
0 
0 
0 
0 
0 
0 
0 
0 
0 
0 
0 
0 
0 
0 
0 
0 
0 
0 
0 
0 
0 
0 
0 
0 
0 
0 
0 
0 
0 
0 
0 
0 
0 
0 
0 
0 
0 
0 
0 
0 
0 
0 
0 
0 
0 
0 
0 
0 
0 
0 
0 
0 
0 
0 
0 
0 
0 
0 
0 
0 
0 
0 
0 
0 
0 
0 
0 
0 
0 
0 
0 
0 
0 
0 
0 
0 
0 
0 
0 
0 
0 
0 
0 
0 
0 
0 
0 
0 
0 
0 
0 
0 
0 
0 
0 
0 
0 
0 
0 
0 
0 
0 
0 
0 
0 
0 
0 
0 
0 
0 
0 
0 
0 
0 
0 
0 
0 
0 
0 
0 
0 
0 
0 
0 
0 
0 
0 
0 
0 
0 
0 
0 
0 
0 
0 
0 
0 
0 
0 
0 
0 
0 
0 
0 
0 
0 
0 
0 
0 
0 
0 
0 
0 
0 
0 
0 
0 
0 
0 
0 
0 
0 
0 
0 
0 
0 
0 
0 
0 
0 
0 
0 
0 
0 
0 
0 
0 
0 
0 
0 
0 
0 
0 
0 
0 
0 
0 
0 
0 
0 
0 
0 
0 
0 
0 
0 
0 
0 
0 
0 
0 
0 
0 
0 
0 
0 
0 
0 
0 
0 
0 
0 
0 
0 
0 
0 
0 
0 
0 
0 
0 
0 
0 
0 
0 
0 
0 
0 
0 
0 
0 
0 
0 
0 
0 
0 
0 
0 
0 
0 
0 
0 
0 
0 
0 
0 
0 
0 
0 
0 
0 
0 
0 
0 
0 
0 
0 
0 
0 
0 
0 
0 
0 
0 
0 
0 
0 
0 
0 
0 
0 
0 
0 
0 
0 
0 
0 
0 
0 
0 
0 
0 
0 
0 
0 
0 
0 
0 
0 
0 
0 
0 
0 
0 
0 
0 
0 
0 
0 
0 
0 
0 
0 
0 
0 
0 
0 
0 
0 
0 
0 
0 
0 
0 
0 
0 
0 
0 
0 
0 
0 
0 
0 
0 
0 
0 
0 
0 
0 
0 
0 
0 
0 
0 
0 
0 
0 
0 
0 
0 
0 
0 
0 
0 
0 
0 
0 
0 
0 
0 
0 
0 
0 
0 
0 
0 
0 
0 
0 
0 
0 
0 
0 
0 
0 
0 
0 
0 
0 
0 
0 
0 
0 
0 
0 
0 
0 
0 
0 
0 
0 
0 
0 
0 
0 
0 
0 
0 
0 
0 
0 
0 
0 
0 
0 
0 
0 
0 
0 
0 
0 
0 
0 
0 
0 
0 
0 
0 
0 
0 
0 
0 
0 
0 
0 
0 
0 
0 
0 
0 
0 
0 
0 
0 
0 
0 
0 
0 
0 
0 
0 
0 
0 
0 
0 
0 
0 
0 
0 
0 
0 
0 
0 
0 
0 
0 
0 
0 
0 
0 
0 
0 
0 
0 
0 
0 
0 
0 
0 
0 
0 
0 
0 
0 
0 
0 
0 
0 
0 
0 
0 
0 
0 
0 
0 
0 
0 
0 
0 
0 
0 
0 
0 
0 
0 
0 
0 
0 
0 
0 
0 
0 
0 
0 
0 
0 
0 
0 
0 
0 
0 
0 
0 
0 
0 
0 
0 
0 
0 
0 
0 
0 
0 
0 
0 
0 
0 
0 
0 
0 
0 
0 
0 
0 
0 
0 
0 
0 
0 
0 
0 
0 
0 
0 
0 
0 
0 
0 
0 
0 
0 
0 
0 
0 
0 
0 
0 
0 
0 
0 
0 
0 
0 
0 
0 
0 
0 
0 
0 
0 
0 
0 
0 
0 
0 
0 
0 
0 
0 
0 
0 
0 
0 
0 
0 
0 
0 
0 
0 
0 
0 
0 
0 
0 
0 
0 
0 
0 
0 
0 
0 
0 
0 
0 
0 
0 
0 
0 
0 
0 
0 
0 
0 
0 
0 
0 
0 
0 
0 
0 
0 
0 
0 
0 
0 
0 
0 
0 
0 
0 
0 
0 
0 
0 
0 
0 
0 
0 
0 
0 
0 
0 
0 
0 
0 
0 
0 
0 
0 
0 
0 
0 
0 
0 
0 
0 
0 
0 
0 
0 
0 
0 
0 
0 
0 
0 
0 
0 
0 
0 
0 
0 
0 
0 
0 
0 
0 
0 
0 
0 
0 
0 
0 
0 
0 
0 
0 
0 
0 
0 
0 
0 
0 
0 
0 
0 
0 
0 
0 
0 
0 
0 
0 
0 
0 
0 
0 
0 
0 
0 
0 
0 
0 
0 
0 
0 
0 
0 
0 
0 
0 
0 
0 
0 
0 
0 
0 
0 
0 
0 
0 
0 
0 
0 
0 
0 
0 
0 
0 
0 
0 
0 
0 
0 
0 
0 
0 
0 
0 
0 
0 
0 
0 
0 
0 
0 
0 
0 
0 
0 
0 
0 
0 
0 
0 
0 
0 
0 
0 
0 
0 
0 
0 
0 
0 
0 
0 
0 
0 
0 
0 
0 
0 
0 
0 
0 
0 
0 
0 
0 
0 
0 
0 
0 
0 
0 
0 
0 
0 
0 
0 
0 
0 
0 
0 
0 
0 
0 
0 
0 
0 
0 
0 
0 
0 
0 
0 
0 
0 
0 
0 
0 
0 
0 
0 
0 
0 
0 
0 
0 
0 
0 
0 
0 
0 
0 
0 
0 
0 
0 
0 
0 
0 
0 
0 
0 
0 
0 
0 
0 
0 
0 
0 
0 
0 
0 
0 
0 
0 
0 
0 
0 
0 
0 
0 
0 
0 
0 
0 
0 
0 
0 
0 
0 
0 
0 
0 
0 
0 
0 
0 
0 
0 
0 
0 
0 
0 
0 
0 
0 
0 
0 
0 
0 
0 
0 
0 
0 
0 
0 
0 
0 
0 
0 
0 
0 
0 
0 
0 
0 
0 
0 
0 
0 
0 
0 
0 
0 
0 
0 
0 
0 
0 
0 
0 
0 
0 
0 
0 
0 
0 
0 
0 
0 
0 
0 
0 
0 
0 
0 
0 
0 
0 
0 
0 
0 
0 
0 
0 
0 
0 
0 
0 
0 
0 
0 
0 
0 
0 
0 
0 
0 
0 
0 
0 
0 
0 
0 
0 
0 
0 
0 
0 
0 
0 
0 
0 
0 
0 
0 
0 
0 
0 
0 
0 
0 
0 
0 
0 
0 
0 
0 
0 
0 
0 
0 
0 
0 
0 
0 
0 
0 
0 
0 
0 
0 
0 
0 
0 
0 
0 
0 
0 
0 
0 
0 
0 
0 
0 
0 
0 
0 
0 
0 
0 
0 
0 
0 
0 
0 
0 
0 
0 
0 
0 
0 
0 
0 
0 
0 
0 
0 
0 
0 
0 
0 
0 
0 
0 
0 
0 
0 
0 
0 
0 
0 
0 
0 
0 
0 
0 
0 
0 
0 
0 
0 
0 
0 
0 
0 
0 
0 
0 
0 
0 
0 
0 
0 
0 
0 
0 
0 
0 
0 
0 
0 
0 
0 
0 
0 
0 
0 
0 
0 
0 
0 
0 
0 
0 
0 
0 
0 
0 
0 
0 
0 
0 
0 
0 
0 
0 
0 
0 
0 
0 
0 
0 
0 
0 
0 
0 
0 
0 
0 
0 
0 
0 
0 
0 
0 
0 
0 
0 
0 
0 
0 
0 
0 
0 
0 
0 
0 
0 
0 
0 
0 
0 
0 
0 
0 
0 
0 
0 
0 
0 
0 
0 
0 
0 
0 
0 
0 
0 
0 
0 
0 
0 
0 
0 
0 
0 
0 
0 
0 
0 
0 
0 
0 
0 
0 
0 
0 
0 
0 
0 
0 
0 
0 
0 
0 
0 
0 
0 
0 
0 
0 
0 
0 
0 
0 
0 
0 
0 
0 
0 
0 
0 
0 
0 
0 
0 
0 
0 
0 
0 
0 
0 
0 
0 
0 
0 
0 
0 
0 
0 
0 
0 
0 
0 
0 
0 
0 
0 
0 
0 
0 
0 
0 
0 
0 
0 
0 
0 
0 
0 
0 
0 
0 
0 
0 
0 
0 
0 
0 
0 
0 
0 
0 
0 
0 
0 
0 
0 
0 
0 
0 
0 
0 
0 
0 
0 
0 
0 
0 
0 
0 
0 
0 
0 
0 
0 
0 
0 
0 
0 
0 
0 
0 
0 
0 
0 
0 
0 
0 
0 
0 
0 
0 
0 
0 
0 
0 
0 
0 
0 
0 
0 
0 
0 
0 
0 
0 
0 
0 
0 
0 
0 
0 
0 
0 
0 
0 
0 
0 
0 
0 
0 
0 
0 
0 
0 
0 
0 
0 
0 
0 
0 
0 
0 
0 
0 
0 
0 
0 
0 
0 
0 
0 
0 
0 
0 
0 
0 
0 
0 
0 
0 
0 
0 
0 
0 
0 
0 
0 
0 
0 
0 
0 
0 
0 
0 
0 
0 
0 
0 
0 
0 
0 
0 
0 
0 
0 
0 
0 
0 
0 
0 
0 
0 
0 
0 
0 
0 
0 
0 
0 
0 
0 
0 
0 
0 
0 
0 
0 
0 
0 
0 
0 
0 
0 
0 
0 
0 
0 
0 
0 
0 
0 
0 
0 
0 
0 
0 
0 
0 
0 
0 
0 
0 
0 
0 
0 
0 
0 
0 
0 
0 
0 
0 
0 
0 
0 
0 
0 
0 
0 
0 
0 
0 
0 
0 
0 
0 
0 
0 
0 
0 
0 
0 
0 
0 
0 
0 
0 
0 
0 
0 
0 
0 
0 
0 
0 
0 
0 
0 
0 
0 
0 
0 
0 
0 
0 
0 
0 
0 
0 
0 
0 
0 
0 
0 
0 
0 
0 
0 
0 
0 
0 
0 
0 
0 
0 
0 
0 
0 
0 
0 
0 
0 
0 
0 
0 
0 
0 
0 
0 
0 
0 
0 
0 
0 
0 
0 
0 
0 
0 
0 
0 
0 
0 
0 
0 
0 
0 
0 
0 
0 
0 
0 
0 
0 
0 
0 
0 
0 
0 
0 
0 
0 
0 
0 
0 
0 
0 
0 
0 
0 
0 
0 
0 
0 
0 
0 
0 
0 
0 
0 
0 
0 
0 
0 
0 
0 
0 
0 
0 
0 
0 
0 
0 
0 
0 
0 
0 
0 
0 
0 
0 
0 
0 
0 
0 
0 
0 
0 
0 
0 
0 
0 
0 
0 
0 
0 
0 
0 
0 
0 
0 
0 
0 
0 
0 
0 
0 
0 
0 
0 
0 
0 
0 
0 
0 
0 
0 
0 
0 
0 
0 
0 
0 
0 
0 
0 
0 
0 
0 
0 
0 
0 
0 
0 
0 
0 
0 
0 
0 
0 
0 
0 
0 
0 
0 
0 
0 
0 
0 
0 
0 
0 
0 
0 
0 
0 
0 
0 
0 
0 
0 
0 
0 
0 
0 
0 
0 
0 
0 
0 
0 
0 
0 
0 
0 
0 
0 
0 
0 
0 
0 
0 
0 
0 
0 
0 
0 
0 
0 
0 
0 
0 
0 
0 
0 
0 
0 
0 
0 
0 
0 
0 
0 
0 
0 
0 
0 
0 
0 
0 
0 
0 
0 
0 
0 
0 
0 
0 
0 
0 
0 
0 
0 
0 
0 
0 
0 
0 
0 
0 
0 
0 
0 
0 
0 
0 
0 
0 
0 
0 
0 
0 
0 
0 
0 
0 
0 
0 
0 
0 
0 
0 
0 
0 
0 
0 
0 
0 
0 
0 
0 
0 
0 
0 
0 
0 
0 
0 
0 
0 
0 
0 
0 
0 
0 
0 
0 
0 
0 
0 
0 
0 
0 
0 
0 
0 
0 
0 
0 
0 
0 
0 
0 
0 
0 
0 
0 
0 
0 
0 
0 
0 
0 
0 
0 
0 
0 
0 
0 
0 
0 
0 
0 
0 
0 
0 
0 
0 
0 
0 
0 
0 
0 
0 
0 
0 
0 
0 
0 
0 
0 
0 
0 
0 
0 
0 
0 
0 
0 
0 
0 
0 
0 
0 
0 
0 
0 
0 
0 
0 
0 
0 
0 
0 
0 
0 
0 
0 
0 
0 
0 
0 
0 
0 
0 
0 
0 
0 
0 
0 
0 
0 
0 
0 
0 
0 
0 
0 
0 
0 
0 
0 
0 
0 
0 
0 
0 
0 
0 
0 
0 
0 
0 
0 
0 
0 
0 
0 
0 
0 
0 
0 
0 
0 
0 
0 
0 
0 
0 
0 
0 
0 
0 
0 
0 
0 
0 
0 
0 
0 
0 
0 
0 
0 
0 
0 
0 
0 
0 
0 
0 
0 
0 
0 
0 
0 
0 
0 
0 
0 
0 
0 
0 
0 
0 
0 
0 
0 
0 
0 
0 
0 
0 
0 
0 
0 
0 
0 
0 
0 
0 
0 
0 
0 
0 
0 
0 
0 
0 
0 
0 
0 
0 
0 
0 
0 
0 
0 
0 
0 
0 
0 
0 
0 
0 
0 
0 
0 
0 
0 
0 
0 
0 
0 
0 
0 
0 
0 
0 
0 
0 
0 
0 
0 
0 
0 
0 
0 
0 
0 
0 
0 
0 
0 
0 
0 
0 
0 
0 
0 
0 
0 
0 
0 
0 
0 
0 
0 
0 
0 
0 
0 
0 
0 
0 
0 
0 
0 
0 
0 
0 
0 
0 
0 
0 
0 
0 
0 
0 
0 
0 
0 
0 
0 
0 
0 
0 
0 
0 
0 
0 
0 
0 
0 
0 
0 
0 
0 
0 
0 
0 
0 
0 
0 
0 
0 
0 
0 
0 
0 
0 
0 
0 
0 
0 
0 
0 
0 
0 
0 
0 
0 
0 
0 
0 
0 
0 
0 
0 
0 
0 
0 
0 
0 
0 
0 
0 
0 
0 
0 
0 
0 
0 
0 
0 
0 
0 
0 
0 
0 
0 
0 
0 
0 
0 
0 
0 
0 
0 
0 
0 
0 
0 
0 
0 
0 
0 
0 
0 
0 
0 
0 
0 
0 
0 
0 
0 
0 
0 
0 
0 
0 
0 
0 
0 
0 
0 
0 
0 
0 
0 
0 
0 
0 
0 
0 
0 
0 
0 
0 
0 
0 
0 
0 
0 
0 
0 
0 
0 
0 
0 
0 
0 
0 
0 
0 
0 
0 
0 
0 
0 
0 
0 
0 
0 
0 
0 
0 
0 
0 
0 
0 
0 
0 
0 
0 
0 
0 
0 
0 
0 
0 
0 
0 
0 
0 
0 
0 
0 
0 
0 
0 
0 
0 
0 
0 
0 
0 
0 
0 
0 
0 
0 
0 
0 
0 
0 
0 
0 
0 
0 
0 
0 
0 
0 
0 
0 
0 
0 
0 
0 
0 
0 
0 
0 
0 
0 
0 
0 
0 
0 
0 
0 
0 
0 
0 
0 
0 
0 
0 
0 
0 
0 
0 
0 
0 
0 
0 
0 
0 
0 
0 
0 
0 
0 
0 
0 
0 
0 
0 
0 
0 
0 
0 
0 
0 
0 
0 
0 
0 
0 
0 
0 
0 
0 
0 
0 
0 
0 
0 
0 
0 
0 
0 
0 
0 
0 
0 
0 
0 
0 
0 
0 
0 
0 
0 
0 
0 
0 
0 
0 
0 
0 
0 
0 
0 
0 
0 
0 
0 
0 
0 
0 
0 
0 
0 
0 
0 
0 
0 
0 
0 
0 
0 
0 
0 
0 
0 
0 
0 
0 
0 
0 
0 
0 
0 
0 
0 
0 
0 
0 
0 
0 
0 
0 
0 
0 
0 
0 
0 
0 
0 
0 
0 
0 
0 
0 
0 
0 
0 
0 
0 
0 
0 
0 
0 
0 
0 
0 
0 
0 
0 
0 
0 
0 
0 
0 
0 
0 
0 
0 
0 
0 
0 
0 
0 
0 
0 
0 
0 
0 
0 
0 
0 
0 
0 
0 
0 
0 
0 
0 
0 
0 
0 
0 
0 
0 
0 
0 
0 
0 
0 
0 
0 
0 
0 
0 
0 
0 
0 
0 
0 
0 
0 
0 
0 
0 
0 
0 
0 
0 
0 
0 
0 
0 
0 
0 
0 
0 
0 
0 
0 
0 
0 
0 
0 
0 
0 
0 
0 
0 
0 
0 
0 
0 
0 
0 
0 
0 
0 
0 
0 
0 
0 
0 
0 
0 
0 
0 
0 
0 
0 
0 
0 
0 
0 
0 
0 
0 
0 
0 
0 
0 
0 
0 
0 
0 
0 
0 
0 
0 
0 
0 
0 
0 
0 
0 
0 
0 
0 
0 
0 
0 
0 
0 
0 
0 
0 
0 
0 
0 
0 
0 
0 
0 
0 
0 
0 
0 
0 
0 
0 
0 
0 
0 
0 
0 
0 
0 
0 
0 
0 
0 
0 
0 
0 
0 
0 
0 
0 
0 
0 
0 
0 
0 
0 
0 
0 
0 
0 
0 
0 
0 
0 
0 
0 
0 
0 
0 
0 
0 
0 
0 
0 
0 
0 
0 
0 
0 
0 
0 
0 
0 
0 
0 
0 
0 
0 
0 
0 
0 
0 
0 
0 
0 
0 
0 
0 
0 
0 
0 
0 
0 
0 
0 
0 
0 
0 
0 
0 
0 
0 
0 
0 
0 
0 
0 
0 
0 
0 
0 
0 
0 
0 
0 
0 
0 
0 
0 
0 
0 
0 
0 
0 
0 
0 
0 
0 
0 
0 
0 
0 
0 
0 
0 
0 
0 
0 
0 
0 
0 
0 
0 
0 
0 
0 
0 
0 
0 
0 
0 
0 
0 
0 
0 
0 
0 
0 
0 
0 
0 
0 
0 
0 
0 
0 
0 
0 
0 
0 
0 
0 
0 
0 
0 
0 
0 
0 
0 
0 
0 
0 
0 
0 
0 
0 
0 
0 
0 
0 
0 
0 
0 
0 
0 
0 
0 
0 
0 
0 
0 
0 
0 
0 
0 
0 
0 
0 
0 
0 
0 
0 
0 
0 
0 
0 
0 
0 
0 
0 
0 
0 
0 
0 
0 
0 
0 
0 
0 
0 
0 
0 
0 
0 
0 
0 
0 
0 
0 
0 
0 
0 
0 
0 
0 
0 
0 
0 
0 
0 
0 
0 
0 
0 
0 
0 
0 
0 
0 
0 
0 
0 
0 
0 
0 
0 
0 
0 
0 
0 
0 
0 
0 
0 
0 
0 
0 
0 
0 
0 
0 
0 
0 
0 
0 
0 
0 
0 
0 
0 
0 
0 
0 
0 
0 
0 
0 
0 
0 
0 
0 
0 
0 
0 
0 
0 
0 
0 
0 
0 
0 
0 
0 
0 
0 
0 
0 
0 
0 
0 
0 
0 
0 
0 
0 
0 
0 
0 
0 
0 
0 
0 
0 
0 
0 
0 
0 
0 
0 
0 
0 
0 
0 
0 
0 
0 
0 
0 
0 
0 
0 
0 
0 
0 
0 
0 
0 
0 
0 
0 
0 
0 
0 
0 
0 
0 
0 
0 
0 
0 
0 
0 
0 
0 
0 
0 
0 
0 
0 
0 
0 
0 
0 
0 
0 
0 
0 
0 
0 
0 
0 
0 
0 
0 
0 
0 
0 
0 
0 
0 
0 
0 
0 
0 
0 
0 
!IDEND=

